77 81 74
56 28 92
43 51 75
62 18 12
37 34 72
38 80 80
77 3 44
27 64 67
68 22 2
49 32 3
74 16 9
56 86 36
48 55 2
13 59 29
22 68 60
67 75 31
64 80 60
48 47 80
65 14 96
52 88 55
49 50 67
29 26 46
21 59 72
2 48 26
73 94 55
78 51 39
12 75 59
24 21 70
97 11 99
11 79 0
78 63 36
13 64 82
78 63 57
57 51 93
91 88 78
62 33 51
11 49 40
17 98 94
97 48 22
34 28 69
8 57 76
23 43 15
7 58 76
11 15 97
47 4 59
49 98 31
65 19 70
87 45 37
42 29 87
10 53 12
91 7 2
64 86 43
97 42 66
79 22 37
89 48 79
50 99 38
62 99 25
90 48 29
73 27 20
88 16 72
23 69 9
86 61 73
99 93 10
12 63 32
20 28 48
54 29 84
22 90 47
95 69 43
19 9 24
72 79 41
97 37 95
24 44 52
16 19 11
67 7 63
68 58 68
79 92 36
65 50 67
5 78 48
65 98 47
46 9 87
39 44 16
49 1 46
41 20 77
22 97 67
94 78 43
3 53 15
73 81 24
72 38 95
64 62 14
41 7 22
12 6 75
7 93 79
7 20 67
25 9 79
48 73 37
32 46 51
95 10 67
63 74 44
99 21 18
57 44 92
99 5 71
96 55 79
72 8 56
38 25 66
47 8 37
80 8 56
36 6 56
20 61 66
72 48 55
38 55 52
95 98 59
75 93 75
67 53 52
70 52 20
89 94 22
58 66 87
89 56 66
89 30 97
69 62 18
42 92 8
46 68 28
27 63 74
76 74 92
82 23 64
70 14 97
20 67 33
42 50 68
72 3 65
19 53 68
80 45 43
45 23 11
68 50 44
84 51 73
39 33 55
43 42 68
15 4 53
35 37 81
13 99 9
84 7 64
22 16 3
27 15 8
36 51 17
23 44 95
91 94 21
51 16 33
94 73 31
63 86 69
49 28 92
86 52 51
15 21 49
24 1 11
83 10 47
28 10 17
90 15 41
99 84 71
10 57 89
24 71 24
30 51 66
44 1 41
89 37 64
98 87 25
45 2 12
83 89 29
24 7 56
15 89 88
30 89 97
34 31 65
69 61 85
79 87 5
32 21 16
56 68 65
18 40 94
70 48 82
70 24 29
91 80 2
34 35 86
32 88 67
80 63 32
56 45 93
89 40 16
6 10 94
77 80 61
97 91 7
5 55 87
3 28 0
41 4 69
0 38 42
40 21 80
75 59 10
85 50 50
90 91 11
38 15 15
63 86 83
49 83 61
69 99 77
96 64 14
4 59 56
59 23 91
30 55 48
71 82 59
20 15 94
38 42 49
15 59 73
72 67 98
6 24 57
66 7 64
85 12 28
86 2 58
85 59 88
82 42 22
7 84 62
62 12 71
29 84 73
48 30 49
76 49 94
7 20 69
54 50 63
96 38 95
37 27 47
16 61 23
74 20 5
20 3 24
53 5 95
69 0 65
53 53 9
57 87 54
42 46 95
90 22 99
21 41 52
74 12 75
4 12 92
29 3 92
95 67 37
63 59 23
24 74 27
79 12 76
84 82 34
48 62 7
8 37 9
59 46 37
96 42 71
76 99 39
69 75 97
79 60 87
61 78 21
1 7 11
5 17 41
34 87 16
74 65 31
1 58 21
58 28 98
26 45 85
28 78 59
59 52 40
59 84 54
3 2 23
93 14 87
12 14 92
85 19 71
13 70 32
72 45 35
24 98 31
43 51 12
10 82 34
27 12 63
45 90 42
17 23 31
26 47 5
1 61 26
56 60 40
97 56 66
20 93 71
62 17 5
37 49 30
65 37 80
83 21 33
62 86 66
24 33 26
59 76 56
88 19 68
59 20 36
74 92 74
86 83 73
74 54 88
7 51 98
32 73 78
81 26 36
44 73 12
66 35 0
57 83 38
48 42 9
87 60 43
65 7 26
24 98 45
19 69 88
41 57 14
0 84 22
83 5 83
44 89 94
77 93 36
33 30 50
83 44 98
78 34 46
72 48 12
43 48 97
62 98 91
17 75 26
11 68 72
60 91 68
17 91 26
45 63 90
17 66 38
95 15 24
20 45 20
35 61 32
62 92 23
32 8 34
63 46 1
83 57 53
2 18 48
96 32 68
89 51 23
3 91 18
36 2 90
75 51 76
11 63 69
87 50 35
64 18 89
24 96 77
3 30 75
26 49 90
14 66 12
7 41 41
71 50 38
96 9 72
92 3 81
75 97 32
36 17 46
24 91 59
14 72 59
92 77 59
89 96 21
59 0 67
10 81 49
32 44 12
14 63 47
32 78 20
61 10 12
92 15 92
39 42 95
13 69 81
74 72 99
49 60 48
52 63 90
27 30 55
15 46 86
81 92 98
9 36 5
81 23 96
32 91 13
68 72 81
54 21 80
28 46 79
54 60 38
36 55 37
21 96 39
90 69 90
17 29 51
96 36 72
58 22 6
17 88 86
18 74 26
88 99 81
96 49 57
90 23 19
96 82 16
74 1 18
84 24 26
60 72 62
78 14 41
52 39 75
63 61 16
65 89 10
77 51 72
66 56 6
85 3 52
81 25 39
90 5 96
65 57 91
6 87 45
44 43 45
5 39 85
82 22 46
84 68 57
89 8 58
36 73 18
88 19 32
33 80 47
51 15 0
64 30 27
35 64 99
22 85 36
58 82 38
41 49 36
57 67 57
95 11 66
42 22 86
25 49 65
56 49 19
64 15 50
3 67 18
85 76 26
1 75 78
70 83 28
60 52 41
31 33 76
38 93 67
86 35 28
70 13 57
95 6 33
39 80 38
18 66 51
86 38 86
51 66 78
24 30 48
18 78 70
75 77 74
21 4 93
14 92 84
63 89 33
40 33 17
65 64 1
37 80 86
77 37 53
47 13 32
12 9 20
53 51 58
2 26 68
16 39 84
52 22 76
84 74 78
89 50 22
10 25 90
61 20 85
27 65 80
33 30 95
89 83 13
83 84 86
91 85 73
23 64 53
75 83 39
1 96 21
28 99 0
84 53 49
34 79 64
61 9 37
48 51 68
7 92 63
58 93 42
70 10 26
26 97 75
70 70 31
65 69 41
28 25 69
20 68 10
94 38 81
43 74 13
27 73 42
96 19 63
37 87 14
48 18 2
57 59 94
68 30 86
2 93 71
96 35 11
40 92 88
18 65 16
3 68 19
56 0 66
0 34 41
15 82 47
16 87 16
52 97 39
19 64 46
62 26 65
33 32 97
0 33 54
47 5 14
18 87 26
29 77 38
70 52 21
18 84 60
69 84 95
54 84 93
71 11 79
69 26 8
69 7 87
34 95 86
42 83 13
55 8 74
98 73 96
86 81 72
9 18 65
16 72 83
64 78 10
68 26 63
47 28 23
31 20 52
5 24 46
82 19 43
8 26 33
83 36 43
45 91 94
35 90 58
7 37 18
9 17 36
21 15 8
65 21 36
68 21 3
70 65 1
84 83 44
57 68 56
52 51 53
13 91 21
60 40 76
66 14 75
74 19 30
49 26 37
51 68 76
29 69 67
72 30 48
23 6 55
13 46 58
54 63 33
79 99 24
27 81 92
73 21 16
89 29 84
86 33 79
19 72 83
7 94 56
14 84 12
24 89 43
25 91 61
36 42 18
30 97 10
85 35 62
36 92 8
52 63 2
22 89 48
7 99 69
56 9 51
27 9 18
68 85 52
21 79 55
94 71 21
91 2 80
34 9 5
85 98 16
36 61 26
11 18 66
85 59 47
26 22 55
79 13 35
90 99 94
39 33 94
67 63 72
68 96 65
0 43 20
3 19 54
74 47 69
78 8 85
17 4 47
31 92 8
20 76 50
11 34 37
50 71 72
4 74 4
25 74 58
63 58 37
23 88 93
90 72 22
68 91 0
51 92 33
77 71 95
3 44 24
35 62 49
53 28 56
81 31 43
21 63 4
98 2 42
59 95 82
16 25 28
92 94 97
34 46 65
72 15 50
79 22 6
43 65 44
50 81 49
83 82 72
43 71 72
92 63 98
27 77 49
31 99 32
34 14 88
45 19 54
33 46 2
77 38 73
61 68 7
55 7 90
64 45 7
21 24 20
89 23 76
23 2 53
22 26 94
44 24 69
26 85 97
30 96 39
80 82 35
47 76 92
99 56 21
0 29 78
40 6 59
34 24 3
75 62 38
45 36 41
89 0 7
38 65 14
56 99 90
11 19 67
68 29 87
62 37 95
61 86 33
62 58 23
26 44 32
71 11 61
35 51 27
3 77 36
9 39 36
81 73 5
87 33 50
2 13 2
65 45 9
81 42 90
40 39 42
95 35 23
3 35 71
26 17 56
84 82 78
14 40 7
4 72 54
33 14 9
20 28 49
83 64 99
11 78 75
67 10 46
16 97 14
82 69 42
70 63 96
69 63 91
57 94 97
51 96 22
31 17 77
43 45 28
45 33 88
72 14 1
63 87 57
69 33 41
33 47 1
49 69 91
51 96 72
96 69 98
87 56 20
16 21 6
25 72 94
74 0 42
71 64 48
75 61 47
51 43 44
50 39 68
15 35 27
61 85 91
87 31 82
22 74 13
27 58 97
18 50 54
39 61 58
64 90 62
47 95 68
15 42 26
0 22 11
52 59 29
94 22 97
13 57 0
44 71 19
5 53 38
0 70 74
89 14 12
74 3 32
30 42 24
87 93 85
53 90 98
58 89 85
69 47 27
41 5 37
71 11 68
81 9 59
13 25 71
5 72 55
73 95 80
66 64 71
96 31 69
43 52 80
28 44 44
47 34 0
72 53 16
75 75 38
53 63 1
54 62 39
46 70 32
73 88 12
74 70 52
93 10 39
24 63 22
14 37 21
72 20 98
91 71 90
90 75 65
94 29 20
33 29 6
74 9 37
4 25 46
39 16 88
7 15 2
74 84 97
60 97 19
41 62 63
15 79 44
48 9 40
94 60 70
71 13 96
44 80 82
35 72 19
61 88 74
75 5 53
58 94 21
2 65 60
25 45 9
14 1 35
4 67 19
2 2 40
3 88 88
51 35 91
42 72 11
71 65 1
53 75 61
24 36 53
57 8 37
18 74 81
49 96 72
68 43 65
17 4 85
22 45 15
32 72 6
72 92 85
78 93 37
62 54 73
87 68 85
17 62 81
17 5 4
65 17 12
3 21 77
99 15 43
24 56 71
67 80 52
46 52 54
74 50 88
77 74 22
45 46 59
9 10 83
90 98 92
80 68 97
38 35 61
97 42 86
78 59 68
16 65 39
96 9 20
50 69 41
17 62 5
16 62 28
28 7 84
49 89 62
80 33 44
5 45 83
36 6 54
16 12 5
98 56 50
55 95 94
34 17 65
78 12 70
47 39 24
0 93 87
87 36 35
21 73 12
67 34 18
90 30 62
26 97 40
57 7 62
13 42 59
21 60 85
62 3 8
67 97 42
65 38 68
14 68 24
24 45 94
44 53 89
67 15 57
31 48 54
82 23 41
33 52 93
39 73 2
50 33 42
47 96 74
59 34 78
1 2 83
89 16 42
68 44 4
24 19 27
20 39 40
52 74 33
76 74 39
84 83 82
92 4 96
69 53 98
49 70 74
73 44 51
12 87 92
97 4 17
71 4 14
30 67 20
6 38 29
1 29 32
48 38 38
59 68 74
19 44 6
30 83 39
7 25 22
40 63 64
32 33 54
40 58 31
27 5 78
50 95 92
28 11 66
8 19 67
99 37 84
85 31 26
91 90 27
11 92 5
69 67 44
40 58 30
44 11 99
62 45 0
18 64 83
20 65 25
70 91 60
91 10 63
50 39 39
35 42 16
60 62 79
73 33 63
16 47 10
86 84 81
2 79 78
83 23 53
10 72 43
81 46 43
61 41 80
29 79 58
72 35 52
95 56 36
34 32 37
80 21 36
34 73 18
61 41 1
63 54 96
95 8 71
96 71 5
79 51 23
34 75 76
12 22 48
14 8 92
49 74 44
31 76 97
14 29 18
70 8 4
85 36 91
64 40 18
14 93 72
29 40 50
51 41 61
91 39 51
85 98 3
44 4 53
69 77 94
82 80 24
78 50 43
46 51 92
56 78 5
4 35 97
97 56 79
82 78 12
49 34 42
2 80 79
11 52 55
14 40 64
54 59 15
60 38 90
46 95 51
82 29 20
33 97 11
88 79 96
27 45 64
7 57 75
57 44 12
76 89 49
16 84 63
77 46 94
8 89 10
8 58 3
40 76 45
31 69 91
66 77 84
22 76 96
87 36 25
94 66 37
93 84 86
69 85 50
42 58 98
83 84 45
80 63 99
26 81 32
99 14 92
53 68 50
19 2 28
77 26 41
38 85 32
52 94 50
46 32 98
29 11 28
42 37 56
25 97 96
3 49 25
53 16 44
64 41 97
52 18 7
70 91 49
27 1 27
10 1 14
35 54 88
38 44 12
1 23 83
61 22 21
96 60 0
97 32 47
87 83 57
38 34 87
39 31 4
20 98 85
98 90 38
57 92 27
47 91 47
49 68 9
29 99 21
26 38 60
49 74 12
12 17 30
94 79 74
89 90 87
63 23 48
34 55 68
10 71 41
80 34 43
78 87 28
25 51 89
28 48 26
69 94 37
3 42 9
93 76 99
34 25 25
51 14 93
55 71 63
70 6 86
91 32 16
40 2 2
9 20 1
55 58 89
91 31 18
17 47 31
89 36 58
55 0 67
88 23 77
90 33 10
13 5 75
72 49 55
78 49 80
88 9 13
70 32 5
73 72 48
39 67 77
42 25 28
5 21 4
92 57 14
27 94 37
87 91 44
2 78 52
56 36 86
73 86 55
80 71 47
31 65 74
55 72 9
53 23 85
30 91 74
35 83 98
2 96 73
43 20 0
82 21 94
48 84 81
75 69 51
57 17 67
19 32 30
94 95 80
81 20 40
86 43 85
14 8 24
17 46 11
79 10 10
65 79 10
96 53 40
15 37 86
68 98 41
29 71 26
96 27 82
95 16 69
49 96 10
58 1 87
45 19 60
39 79 97
29 17 29
13 29 65
76 27 63
6 55 50
73 36 59
73 7 46
53 46 85
50 52 8
73 68 74
22 47 31
45 15 9
20 25 19
93 66 16
44 53 20
12 78 8
78 54 80
13 43 58
19 26 75
0 97 42
67 32 30
12 97 21
47 45 2
6 12 74
51 0 80
27 92 53
5 75 19
19 48 56
35 2 90
32 34 53
50 3 70
23 31 31
19 14 30
78 75 47
90 14 13
50 74 1
99 65 15
20 42 94
13 58 25
69 32 87
96 4 31
84 19 69
48 15 99
47 96 24
24 82 48
35 96 97
8 3 48
82 55 28
58 90 7
56 1 36
9 66 33
72 57 27
56 77 63
63 13 63
34 24 24
35 90 62
80 12 35
50 43 74
36 89 85
5 73 82
53 30 59
47 81 54
61 79 49
87 39 85
87 61 6
40 29 65
41 81 80
50 36 36
68 24 33
13 15 92
42 69 47
80 59 5
12 12 34
45 67 13
85 10 86
16 34 67
6 38 65
19 69 55
21 17 44
79 48 1
32 94 59
72 18 24
38 20 37
23 94 13
27 43 6
5 55 37
19 2 30
60 41 75
28 80 50
35 63 51
17 74 34
45 16 44
93 63 99
46 42 5
9 17 13
47 63 95
17 46 70
8 39 76
59 3 72
29 50 68
22 20 99
73 81 28
64 1 24
8 91 51
92 59 30
6 31 35
33 78 82
33 74 76
7 68 90
17 83 81
93 19 90
32 53 15
27 77 72
16 67 30
60 11 90
67 38 41
86 59 34
74 12 6
85 87 10
62 66 61
70 99 72
16 83 47
67 56 6
0 0 87
11 76 31
9 76 39
90 80 67
98 88 68
45 8 82
34 45 80
8 21 52
92 85 55
65 45 20
35 34 28
15 59 49
30 25 79
22 14 34
44 45 7
44 19 86
11 45 99
51 79 93
63 90 84
84 61 10
4 58 57
27 10 92
44 54 21
14 21 44
38 56 51
43 40 61
90 63 50
54 48 38
54 9 78
43 64 12
57 14 43
88 34 51
49 72 73
12 41 13
61 19 57
15 7 40
44 13 22
31 12 73
35 86 85
13 71 31
57 85 37
20 47 26
60 92 92
56 37 78
79 13 44
52 23 36
65 35 11
29 96 40
67 32 17
64 54 72
25 60 14
53 37 23
5 75 61
84 58 48
30 46 48
12 90 22
1 6 41
77 34 61
19 81 36
16 56 54
64 91 62
55 13 45
5 13 92
40 62 11
52 89 91
62 23 0
64 61 47
43 12 3
68 9 79
75 47 37
26 3 74
9 28 23
8 40 65
74 16 63
35 95 44
49 64 23
48 34 30
39 10 75
46 59 81
1 50 54
2 45 25
14 54 8
1 51 81
30 10 4
78 66 63
5 97 27
79 22 21
80 91 97
4 54 38
70 20 95
6 45 62
37 86 15
32 78 81
76 79 18
20 49 50
14 70 56
59 72 63
79 74 8
54 78 54
30 1 79
35 26 24
19 25 18
52 15 11
2 24 15
1 24 83
34 23 87
93 82 92
3 65 0
83 11 75
33 13 8
99 17 63
84 74 26
86 3 51
79 19 28
80 31 42
58 33 40
64 89 56
1 16 84
4 8 40
47 9 69
10 93 40
27 37 51
23 21 71
34 47 29
10 73 2
11 9 21
23 14 80
66 36 49
26 27 13
95 91 21
74 81 85
55 77 76
74 95 8
78 91 87
20 73 85
28 18 17
34 84 68
79 25 7
7 53 67
34 47 65
4 15 93
33 88 66
29 68 43
17 24 81
84 39 82
43 7 13
79 51 38
43 70 63
2 20 55
1 1 27
86 52 55
21 82 17
93 38 81
16 14 82
67 85 44
24 70 10
41 28 29
20 10 50
1 69 58
84 72 24
7 74 82
84 68 32
17 33 85
51 98 85
62 65 13
1 64 29
33 56 23
85 0 68
14 6 61
95 35 99
88 17 1
54 34 63
93 2 32
16 34 54
34 81 47
51 91 29
77 19 42
86 21 69
17 54 89
80 44 15
86 17 79
90 69 83
19 65 0
23 33 25
12 88 85
88 27 91
67 61 15
3 74 37
80 95 39
72 34 9
14 33 11
52 78 66
55 64 21
79 70 77
47 70 25
12 27 37
9 10 72
81 58 78
64 46 19
19 9 54
2 33 54
13 61 46
94 96 18
47 31 49
99 93 89
82 51 5
79 6 38
63 42 89
74 18 32
34 64 50
36 65 98
15 50 66
66 41 63
43 55 21
6 73 81
75 50 67
11 67 9
61 37 58
45 64 69
25 92 41
56 24 28
69 67 77
7 44 19
59 48 36
39 45 59
56 77 0
90 56 56
67 83 83
54 43 84
11 43 82
24 41 38
37 22 28
36 77 77
52 22 49
45 63 70
12 7 65
78 84 79
52 11 24
21 49 12
30 70 68
27 35 69
29 43 6
46 95 87
19 5 71
31 21 6
40 70 92
71 68 7
46 86 32
0 81 24
52 83 8
22 32 29
70 68 87
11 46 9
58 83 66
28 70 68
23 52 77
5 77 90
32 5 88
9 77 19
4 1 55
92 68 98
34 57 33
48 88 88
45 11 3
73 70 27
61 92 94
8 67 47
12 17 77
94 82 68
92 83 31
39 58 73
33 29 57
63 12 31
63 33 79
74 20 6
93 93 46
89 43 71
20 5 27
41 39 94
70 88 62
7 6 41
84 99 13
77 53 48
10 90 27
25 57 70
79 64 98
98 8 44
3 97 76
46 42 72
59 2 87
15 97 41
63 69 87
44 99 45
17 78 92
94 81 46
86 11 62
88 70 66
63 43 22
11 10 34
84 8 34
40 18 26
97 84 56
84 60 4
97 21 71
51 43 1
42 52 37
71 68 69
22 66 89
7 97 29
90 67 15
90 84 60
23 10 87
54 94 95
13 82 68
88 17 78
32 76 97
26 94 83
67 61 71
18 24 79
99 35 57
15 97 87
68 72 44
46 65 74
53 73 22
97 54 23
58 69 41
64 13 7
4 83 27
87 42 5
39 41 81
73 35 15
43 11 90
77 76 46
49 21 28
28 23 39
94 95 94
37 32 29
58 85 53
55 45 26
18 71 59
47 72 58
62 45 75
35 17 79
8 78 44
19 5 99
74 62 73
72 33 68
62 36 94
77 80 19
2 88 80
98 16 20
11 24 41
67 33 47
3 1 76
81 29 62
56 25 22
85 69 33
42 2 99
88 94 23
9 40 93
44 11 4
33 66 82
51 70 81
95 14 23
12 35 13
73 81 22
94 69 10
79 40 51
71 38 14
87 19 36
79 14 43
54 38 40
87 95 54
24 48 60
38 45 42
12 3 53
70 71 49
68 39 6
73 35 14
94 92 48
72 75 19
20 30 8
65 38 9
76 7 93
2 64 60
86 90 52
66 65 0
32 6 82
77 89 40
10 64 88
94 10 69
58 85 69
52 14 0
24 60 31
88 83 30
58 96 83
45 71 63
2 52 31
19 65 59
97 53 9
4 28 82
53 44 81
29 6 84
40 25 20
13 64 48
48 2 45
86 41 60
65 11 6
76 80 43
60 70 31
2 34 0
45 91 43
35 58 14
86 59 3
25 63 21
6 59 98
25 32 79
74 66 33
51 87 28
25 56 34
85 89 10
55 81 28
6 13 53
10 42 75
22 56 79
54 61 59
82 7 58
39 71 0
55 36 79
17 20 42
59 10 6
27 46 21
68 41 99
38 50 28
93 88 34
35 16 41
17 93 94
13 7 65
34 97 69
48 7 52
33 62 20
37 12 33
7 13 38
6 7 56
41 31 96
34 48 69
48 34 0
98 70 66
67 60 68
41 82 90
21 9 38
14 18 45
40 10 49
6 96 28
93 73 30
61 52 39
40 72 0
61 27 46
51 63 44
80 57 98
70 47 96
53 45 72
94 58 32
2 90 73
96 87 72
20 12 19
62 78 20
79 93 10
15 45 46
94 86 87
82 34 50
53 60 71
61 74 22
15 92 96
54 80 88
83 62 43
1 43 41
36 95 96
94 11 38
97 74 51
65 78 15
91 96 73
72 29 19
61 15 24
77 88 12
51 84 39
15 74 75
77 75 38
93 62 65
79 97 55
40 51 5
2 9 3
41 18 76
85 44 82
37 54 98
30 34 97
45 80 75
67 38 73
36 30 11
70 85 53
27 28 85
29 45 98
78 50 44
12 90 75
82 68 87
84 54 65
75 21 15
39 44 31
81 56 60
63 55 55
88 34 50
94 65 87
89 2 77
57 55 48
28 29 85
62 35 13
82 94 58
5 50 70
96 48 58
42 1 9
38 91 78
51 39 63
80 22 20
4 96 73
7 66 19
10 30 52
45 94 52
37 77 65
71 54 80
55 76 25
57 41 1
18 22 88
74 65 14
38 59 57
61 15 64
67 44 66
96 57 53
62 99 70
53 33 12
47 3 46
96 98 94
86 28 42
34 33 6
20 75 29
70 86 0
74 39 54
99 83 45
81 41 87
56 7 63
12 8 3
41 20 91
13 54 93
35 31 12
13 4 75
35 78 32
95 39 56
18 81 25
2 2 76
2 18 96
77 97 86
45 9 71
43 79 70
20 99 42
27 64 36
29 2 15
51 60 23
51 67 48
66 85 75
48 6 9
97 51 17
53 9 98
61 93 91
71 6 17
65 50 66
64 51 22
64 48 93
54 75 56
96 61 38
98 95 98
33 33 15
33 95 90
17 92 38
56 7 10
14 50 39
45 18 74
5 18 20
88 64 69
51 21 43
52 66 55
89 15 55
78 69 18
77 56 28
76 27 49
0 43 91
66 36 32
82 57 94
46 16 7
38 74 3
42 16 27
24 15 80
66 46 58
19 81 60
56 4 32
57 11 74
96 41 67
64 28 90
55 64 11
7 65 55
74 46 71
49 41 32
31 0 80
23 42 14
29 65 75
87 56 80
2 95 64
80 10 60
14 76 5
49 39 39
77 20 43
95 44 35
82 23 49
6 57 8
11 2 0
85 5 26
77 29 1
21 91 85
58 64 73
92 69 70
43 4 55
20 96 83
86 12 61
23 89 47
95 9 48
3 97 70
76 31 80
77 45 65
63 18 11
60 98 57
6 39 10
76 45 73
15 12 28
73 40 24
58 83 8
86 42 33
53 55 26
28 47 27
6 23 56
97 32 68
17 98 95
33 3 75
40 28 52
79 11 69
17 26 21
59 0 88
54 91 98
8 10 42
0 93 84
58 40 82
9 83 84
61 32 70
34 77 39
89 80 19
22 85 28
69 24 7
99 92 94
16 92 95
28 26 70
54 13 65
52 92 24
32 40 29
87 13 68
84 84 44
21 49 82
97 22 65
53 75 64
60 77 98
57 88 58
37 52 20
35 64 50
74 85 46
85 40 19
12 26 23
22 9 8
86 37 31
58 24 20
74 39 25
65 79 8
17 72 23
19 67 24
67 36 25
82 30 1
10 25 42
21 27 35
77 11 70
26 3 82
54 43 81
59 98 18
13 23 47
82 39 80
58 76 57
34 98 70
64 68 71
47 24 35
59 17 92
81 49 15
34 73 20
80 15 8
96 17 22
67 94 31
90 76 25
7 94 4
6 69 5
99 93 13
29 19 34
0 31 81
28 44 86
18 16 5
21 39 22
37 56 77
56 9 91
28 36 70
32 37 48
74 30 41
47 41 26
86 4 41
59 63 34
86 59 42
84 89 38
89 80 69
18 26 74
41 64 44
22 2 47
75 3 70
90 57 86
54 16 22
18 27 12
93 7 83
30 77 11
18 39 83
99 21 12
21 80 31
34 79 32
84 21 31
31 77 80
86 38 64
60 10 85
16 81 20
50 89 13
3 40 8
68 37 42
37 51 4
65 7 52
55 59 32
6 75 30
36 2 88
16 28 82
25 73 24
78 91 60
56 20 18
13 85 12
60 87 54
67 26 56
51 42 7
75 37 84
2 36 57
5 20 78
39 42 8
79 54 11
11 52 32
36 51 21
78 51 73
86 84 72
73 72 56
38 74 19
79 74 46
36 37 76
90 11 83
45 31 63
20 5 0
12 59 38
14 41 6
61 53 57
60 37 56
53 52 63
84 5 65
6 95 43
31 98 13
72 5 13
59 71 25
72 93 45
81 56 62
57 26 86
19 66 15
63 53 72
84 42 37
57 7 9
33 0 22
29 94 0
91 83 22
16 97 60
60 40 56
71 94 79
43 15 96
69 53 97
69 38 6
64 45 84
84 60 9
70 43 93
45 49 56
56 56 84
19 72 96
59 19 35
13 68 72
94 60 57
90 60 54
95 27 62
3 51 32
3 71 82
92 77 0
7 75 29
72 91 64
54 10 99
24 77 32
42 99 44
19 32 97
40 73 89
95 45 34
24 56 86
20 61 57
44 9 83
83 17 71
10 84 33
35 88 12
99 7 54
42 46 55
59 91 90
65 49 67
83 34 45
77 66 39
13 2 34
47 39 72
64 53 32
75 55 83
95 97 34
84 19 59
87 66 59
17 99 51
78 85 65
30 16 36
13 9 69
51 65 81
10 54 28
36 8 41
62 21 85
55 48 45
86 26 62
35 40 18
30 10 29
7 98 31
9 88 20
5 69 71
61 4 5
48 65 26
92 23 61
51 8 2
42 58 96
33 25 73
78 62 77
42 90 65
8 88 21
1 79 78
79 49 64
71 10 95
2 90 25
73 95 97
67 92 82
24 61 63
34 93 28
75 74 59
90 76 28
23 76 77
61 7 24
33 6 74
42 30 90
48 93 78
26 38 25
89 73 45
54 28 9
60 11 6
96 83 37
49 22 58
49 64 32
20 57 90
0 0 9
43 48 60
66 96 70
96 82 9
51 35 36
34 80 46
52 59 24
27 48 30
52 37 76
40 34 72
7 86 68
50 24 15
65 42 62
91 58 64
59 11 1
77 21 11
13 37 22
79 4 48
49 64 82
89 91 94
59 82 17
25 57 69
48 45 57
16 84 11
72 18 68
63 23 78
2 81 0
13 99 8
94 45 43
10 27 65
44 86 27
92 70 77
95 18 12
41 27 1
13 62 32
18 39 68
39 91 73
63 80 61
77 67 74
53 92 80
29 5 45
45 15 45
86 16 80
79 19 98
30 79 95
55 59 39
99 45 61
66 45 47
35 29 98
21 23 24
97 44 45
0 26 71
43 17 26
10 32 20
40 45 60
68 42 22
93 23 21
19 47 0
76 39 8
60 25 47
35 25 26
15 86 45
51 42 99
86 89 58
74 12 29
45 30 45
93 67 2
57 52 25
11 20 43
62 91 93
29 43 5
60 13 52
70 43 71
32 27 45
79 62 25
82 7 8
66 63 70
37 52 17
3 85 65
82 82 42
82 0 14
17 12 17
96 10 69
69 11 27
48 27 35
69 84 51
18 1 90
91 50 55
76 51 0
21 21 73
12 15 98
25 80 46
40 55 10
13 50 70
72 73 55
5 81 34
84 40 79
78 58 22
96 30 3
48 25 42
77 87 17
50 79 80
68 59 67
58 33 77
50 72 42
21 87 24
62 79 57
69 28 44
75 12 95
73 83 69
11 19 56
79 56 54
90 50 56
37 48 90
66 98 55
23 24 94
7 28 73
0 3 83
30 82 31
30 60 27
69 87 61
3 97 21
25 44 15
3 73 81
75 36 90
95 39 96
17 52 96
34 96 13
31 70 81
10 70 14
51 51 39
6 6 89
82 60 27
51 56 63
20 74 78
52 18 58
97 91 2
63 5 87
83 51 29
62 78 83
66 33 18
65 71 37
40 55 81
51 32 53
42 33 39
19 11 47
13 78 7
51 25 23
44 44 0
48 58 15
65 54 78
67 88 48
82 36 26
65 66 97
53 88 96
16 93 97
36 91 33
56 70 78
75 15 0
44 39 60
45 99 51
18 94 5
16 35 59
63 39 9
57 61 45
55 12 64
83 78 56
75 10 42
42 96 54
35 1 34
36 57 92
26 4 61
24 15 55
18 14 30
79 85 9
24 23 13
50 66 23
97 35 33
77 83 0
55 58 97
36 28 82
95 68 43
66 76 85
51 59 65
53 82 88
28 74 4
79 39 61
64 82 32
43 53 19
85 17 67
13 13 74
87 27 61
67 62 23
26 28 78
27 84 61
78 99 66
80 29 91
23 72 96
65 9 1
7 22 6
79 32 22
39 24 81
81 15 29
3 95 74
36 66 22
88 2 5
96 98 24
86 74 30
88 26 10
82 77 39
5 46 9
16 93 96
71 5 46
58 94 76
90 89 35
54 89 97
93 68 18
35 41 34
81 52 89
56 53 74
58 65 78
6 14 93
78 8 26
54 57 99
76 29 71
69 91 50
77 54 29
71 54 39
83 79 57
24 10 75
76 99 29
68 74 61
82 39 16
67 55 79
73 35 10
52 24 68
12 99 10
21 92 12
50 67 9
64 80 51
56 94 97
2 35 56
82 40 43
73 15 89
47 85 14
25 59 12
26 0 66
94 20 92
37 59 5
94 84 53
99 54 56
6 1 13
18 19 23
44 29 83
1 80 24
84 41 80
11 58 3
40 70 91
82 16 85
42 19 25
63 64 19
16 10 61
10 68 61
37 46 2
99 87 26
54 47 12
56 14 17
2 83 28
94 5 68
92 53 23
59 84 59
42 21 72
73 17 32
65 56 91
58 37 52
94 52 89
39 12 68
14 32 74
75 56 62
33 3 22
34 10 91
51 87 93
62 91 58
10 63 31
38 12 29
82 65 0
61 48 31
23 84 22
11 54 51
68 72 43
19 83 0
79 75 9
88 67 59
55 89 24
52 53 8
82 68 44
50 70 3
13 95 62
26 63 31
9 17 45
72 55 78
36 29 6
13 11 13
24 15 87
68 48 26
25 2 12
41 53 10
4 54 4
23 97 83
40 14 57
45 60 9
13 77 93
28 47 59
33 81 56
84 23 74
17 45 99
68 31 66
21 34 21
71 69 8
84 18 68
46 34 88
49 11 81
98 74 6
31 88 68
46 69 37
62 70 86
70 42 71
2 62 25
44 29 44
10 1 48
79 60 17
57 54 58
49 27 95
79 80 83
34 43 87
54 10 38
81 51 30
87 68 83
98 22 30
56 1 81
71 96 94
79 13 28
81 43 21
34 31 12
6 82 84
33 41 29
5 48 66
20 8 24
72 9 5
48 20 1
44 61 2
54 58 48
65 34 21
84 73 87
7 76 78
64 76 46
9 93 37
79 79 37
11 6 66
55 94 56
60 0 88
87 61 42
76 31 0
43 81 82
68 94 37
80 49 31
38 12 38
77 70 17
13 88 54
84 96 92
72 31 86
8 47 98
49 11 40
38 92 21
89 65 90
36 33 73
27 73 44
57 90 6
67 60 49
34 9 51
53 82 61
64 45 32
37 87 9
22 10 8
69 14 96
95 48 32
37 70 88
41 75 59
81 42 21
9 4 4
35 64 49
66 2 60
16 26 61
58 44 66
92 66 77
3 39 99
71 12 91
46 62 71
33 77 98
74 85 47
85 20 32
30 29 3
10 79 68
69 31 24
27 25 29
88 91 71
22 83 84
76 72 7
47 14 7
7 11 73
16 47 87
71 35 61
1 5 74
71 13 35
85 59 64
16 78 37
26 5 43
14 76 73
36 81 35
79 30 55
48 22 35
16 26 20
27 53 0
0 94 88
49 3 30
12 91 5
41 98 42
60 21 20
42 13 42
73 94 46
13 7 23
32 86 39
61 35 85
29 16 68
25 41 31
91 77 8
44 44 76
56 5 42
85 83 49
23 68 38
69 1 9
51 48 88
34 68 86
93 3 34
26 41 23
17 99 17
81 54 9
95 32 19
66 99 6
0 15 62
36 2 89
13 96 7
15 61 83
5 13 28
97 22 6
20 18 77
55 48 37
91 5 80
72 80 22
9 25 91
89 36 33
11 99 65
44 43 77
81 21 78
66 75 70
27 36 63
39 99 17
72 19 75
70 76 2
41 40 87
82 48 14
57 13 61
49 9 37
16 28 0
48 99 2
8 36 8
83 81 41
28 97 82
92 24 61
93 2 33
91 49 30
12 94 40
34 32 11
92 67 17
19 6 71
28 51 62
44 21 5
77 67 64
93 6 93
39 84 5
98 31 69
53 12 92
82 6 84
99 22 19
94 35 43
83 91 42
75 70 28
32 9 14
12 53 17
64 19 88
3 66 45
79 16 14
28 9 0
5 76 61
73 93 73
25 15 95
77 89 39
92 54 51
6 38 28
42 16 95
65 26 21
57 97 55
82 61 38
59 4 72
78 93 98
7 38 76
93 78 76
3 43 82
90 95 22
52 15 94
53 98 21
80 29 89
84 49 31
60 10 12
75 52 27
15 94 63
6 30 98
90 68 15
6 91 45
85 69 35
45 79 83
13 94 93
67 72 45
43 53 50
66 64 33
19 50 23
30 72 6
87 98 93
49 31 23
6 67 7
72 91 86
4 74 29
51 14 15
42 48 17
78 86 45
70 78 93
28 58 5
50 24 27
56 32 45
56 7 9
71 53 79
97 43 77
77 38 74
43 91 22
56 28 67
89 25 78
72 4 21
71 6 7
7 23 56
88 81 59
62 92 63
13 92 85
72 96 78
67 33 23
18 63 78
74 40 54
27 51 83
24 27 22
24 81 47
85 19 47
96 44 76
61 35 39
0 23 82
39 91 45
84 12 29
14 62 29
30 54 43
58 39 83
94 34 24
53 80 87
51 53 79
58 47 44
70 31 9
83 45 6
33 23 87
48 6 43
46 78 30
30 68 3
56 53 25
89 56 94
3 54 39
50 79 29
13 18 29
44 13 47
40 93 10
34 30 42
49 46 79
64 67 66
68 87 70
64 45 22
25 91 74
69 85 26
98 89 97
69 57 95
37 94 42
29 97 83
35 93 97
63 89 84
61 72 23
50 2 73
94 5 34
28 94 1
94 53 20
3 48 50
34 19 22
61 12 89
15 39 33
53 17 41
35 88 94
58 83 65
75 94 69
73 78 85
40 95 31
46 15 45
97 83 55
45 28 77
28 47 41
13 95 54
83 66 41
71 93 12
54 19 20
26 57 19
8 95 55
60 66 92
32 5 43
41 45 60
94 39 37
71 12 80
22 47 64
97 70 6
8 53 86
70 63 88
81 6 30
89 11 26
57 21 5
54 88 24
23 51 48
16 95 30
94 27 19
72 71 49
91 77 55
5 9 41
27 87 19
18 77 97
21 56 12
44 12 59
11 26 14
64 98 67
70 69 89
96 20 26
14 69 71
9 79 43
62 69 73
21 35 0
79 16 61
30 78 77
17 77 71
4 75 87
36 41 18
11 14 36
97 46 1
82 80 31
98 83 93
11 25 24
21 51 35
56 65 21
46 15 32
65 47 54
78 10 54
52 63 99
34 10 82
85 7 57
48 39 52
50 66 69
37 59 68
66 34 77
39 56 92
85 10 67
4 75 61
69 99 29
74 80 87
36 43 27
48 89 44
9 97 27
28 98 6
4 85 66
75 14 14
49 59 43
73 48 83
80 92 13
35 57 4
59 61 92
74 21 16
10 70 1
29 11 4
1 36 2
9 65 32
34 79 45
77 52 59
12 95 62
20 75 49
80 65 61
69 13 66
0 40 66
9 90 4
89 46 51
95 3 87
61 75 99
32 42 4
69 41 67
95 2 87
61 24 93
69 46 28
45 83 4
67 71 95
37 28 33
46 87 43
68 57 96
84 43 24
8 28 22
42 73 65
56 85 73
43 94 24
85 90 37
14 9 25
86 55 36
73 58 27
54 27 83
43 79 97
65 38 37
40 90 9
73 70 50
94 72 98
45 3 73
56 20 12
94 54 6
55 62 38
89 2 86
1 96 22
99 21 20
29 57 68
62 60 24
38 2 89
20 57 93
19 33 14
6 16 57
29 4 37
30 83 74
32 24 13
60 86 53
21 10 40
28 25 25
40 29 58
68 63 64
13 9 29
91 21 39
85 96 12
25 55 65
46 49 86
72 5 8
67 18 80
21 67 90
76 15 15
13 75 16
54 61 24
30 88 15
25 10 16
48 46 2
91 74 54
29 12 82
88 74 88
66 80 91
32 14 7
57 58 45
44 97 13
94 70 24
89 62 67
55 19 19
49 60 49
29 21 97
64 26 94
94 79 75
66 8 8
99 21 19
81 32 44
50 2 71
11 89 86
24 13 79
38 9 87
90 47 7
44 62 3
5 47 8
31 91 50
58 27 99
95 75 66
63 1 76
58 31 24
52 61 24
34 26 78
93 26 18
74 80 29
25 48 4
3 84 12
80 96 54
34 35 49
29 83 32
27 26 81
63 56 35
94 14 8
77 50 0
43 56 37
39 43 33
5 14 52
34 78 36
15 52 11
60 12 21
82 47 44
65 75 14
42 64 43
10 63 23
31 90 34
11 91 63
66 9 1
92 45 50
23 20 98
95 57 66
12 0 64
86 28 68
46 22 11
61 97 28
57 91 20
29 17 36
12 20 90
5 42 10
2 86 0
90 66 24
5 63 46
61 36 13
58 1 27
29 1 78
68 71 90
18 9 80
12 47 14
9 38 51
50 14 11
32 71 66
7 22 97
93 82 69
70 75 89
53 41 32
74 73 59
49 45 57
99 72 25
70 11 74
64 46 22
27 21 50
98 85 49
70 83 52
27 33 57
22 22 7
95 62 4
89 90 97
53 91 69
44 3 95
22 73 71
86 18 66
85 32 26
59 79 41
98 11 98
54 60 58
19 1 19
75 95 68
21 22 47
22 65 52
41 53 44
48 44 31
95 86 72
82 16 30
49 95 35
56 17 80
33 97 12
39 14 22
16 49 55
21 91 11
37 98 13
78 52 0
65 77 37
2 88 44
82 18 2
97 40 63
69 57 19
5 41 75
88 48 97
56 14 84
20 36 8
96 16 43
39 9 60
47 95 8
67 72 27
14 5 65
10 4 52
28 49 67
23 42 13
26 21 87
77 81 76
62 82 26
44 80 71
13 46 4
1 55 31
51 17 59
82 51 89
74 34 14
41 23 34
35 65 58
66 33 22
72 43 70
65 58 8
45 60 54
85 47 65
88 1 6
45 74 15
63 46 19
82 16 72
89 15 58
66 34 47
6 26 65
22 90 9
79 62 84
64 61 13
77 11 90
43 47 83
24 70 9
60 82 91
28 42 5
68 4 37
86 95 0
3 49 85
39 92 80
16 36 60
2 22 12
70 0 30
83 39 80
96 53 78
98 80 42
48 54 99
52 71 46
56 53 28
61 19 72
37 91 27
6 58 33
38 43 86
6 12 37
65 11 34
22 16 58
54 88 49
73 0 25
62 94 15
42 73 66
82 75 96
34 72 67
14 44 45
43 2 40
34 65 49
48 10 80
7 34 73
35 84 62
2 96 45
46 34 28
27 6 80
81 95 50
18 75 99
9 27 96
87 9 69
73 11 21
20 15 79
30 74 36
57 42 39
62 65 10
35 36 76
89 24 58
80 62 98
45 96 26
94 19 33
38 49 15
39 45 31
56 86 42
15 30 42
58 91 5
85 29 24
62 18 72
2 44 83
76 73 23
60 43 1
25 28 28
71 85 80
96 55 24
52 24 54
13 26 51
24 91 41
42 42 21
61 4 21
98 69 7
34 82 99
68 71 63
3 61 91
43 73 65
33 56 4
33 52 40
82 9 60
38 17 76
36 60 97
49 92 1
78 60 1
29 15 59
80 86 5
19 88 88
36 36 43
32 92 49
63 34 25
14 6 66
72 75 4
47 78 86
2 41 33
19 67 23
90 96 20
95 57 15
82 77 68
68 88 19
92 57 1
91 74 53
11 16 5
78 70 43
73 94 43
48 3 88
2 98 95
11 49 33
73 39 94
93 11 39
74 76 2
51 16 12
3 23 83
14 98 86
96 66 97
51 73 41
81 57 97
80 9 24
66 60 83
23 51 54
35 96 89
89 52 72
23 90 18
17 57 72
45 40 48
70 29 87
22 76 33
5 1 14
29 4 98
2 60 67
11 44 68
50 47 27
79 18 29
87 38 93
67 48 34
55 17 85
52 11 21
97 39 46
24 15 82
10 42 42
57 14 10
8 1 53
63 33 81
16 9 28
52 45 80
14 33 12
42 98 68
85 1 31
98 87 93
7 33 81
87 75 84
46 71 31
85 96 39
29 71 97
4 41 9
62 37 50
19 30 46
0 62 25
36 90 70
76 45 47
95 30 68
16 80 92
66 98 41
12 51 95
77 52 29
12 83 62
87 43 40
11 28 4
83 14 95
50 64 81
41 73 37
69 48 27
81 23 8
28 46 58
70 55 40
80 33 38
5 57 7
84 29 25
85 26 78
78 90 85
22 22 72
58 7 9
29 68 95
9 15 56
7 89 33
64 6 61
85 61 31
41 99 93
55 43 83
26 12 9
18 2 65
24 27 15
71 51 78
6 0 17
76 29 98
18 43 47
21 85 88
48 46 14
71 94 24
59 30 37
34 65 58
32 64 69
11 82 46
66 35 29
32 13 69
78 91 86
82 26 9
22 59 1
39 32 91
33 55 49
68 85 85
13 59 94
48 41 63
73 43 33
98 42 31
47 27 93
40 97 0
17 85 76
87 73 93
59 69 30
19 7 56
63 93 16
89 61 84
36 28 48
49 6 44
92 68 29
3 59 59
55 53 27
2 39 19
70 93 61
44 17 13
31 51 56
65 79 9
36 63 48
63 78 37
75 20 91
2 86 82
49 2 28
21 53 20
39 91 79
51 29 9
18 52 97
27 49 26
23 71 30
6 29 54
86 41 87
41 83 89
10 60 4
28 6 79
8 82 91
97 61 77
92 46 43
89 17 0
8 59 30
42 26 54
78 41 94
43 31 23
34 95 90
28 93 62
15 63 29
68 32 40
86 27 85
87 77 22
84 83 92
25 36 84
29 87 58
41 51 67
11 99 77
95 82 37
92 83 1
27 70 69
1 28 3
90 36 32
46 84 91
61 88 65
35 64 58
52 80 93
93 97 70
56 92 21
88 9 58
5 46 61
13 78 96
54 63 87
51 75 29
33 93 80
14 78 93
92 4 27
18 25 80
39 46 24
91 25 87
68 9 66
23 44 44
73 52 44
77 33 17
72 22 82
32 54 14
93 24 16
40 34 1
2 8 10
80 5 86
5 82 93
14 67 71
93 66 35
41 86 83
63 25 46
85 59 8
10 5 9
36 64 42
28 7 42
73 63 31
65 57 38
82 61 9
77 10 2
98 9 48
63 59 37
39 66 2
33 88 40
34 77 54
56 71 53
61 22 1
49 34 20
71 85 11
67 29 16
5 37 19
94 77 14
69 60 3
93 91 34
43 89 37
36 10 89
48 90 61
59 83 18
16 17 90
0 51 1
10 79 76
18 87 25
96 56 66
31 27 91
22 54 5
24 97 33
39 45 41
98 0 45
96 73 20
23 42 71
14 35 61
97 18 94
33 13 47
96 25 13
25 21 3
58 65 76
17 35 67
39 73 1
91 40 16
89 14 57
53 85 28
94 27 52
52 25 99
49 26 96
20 5 1
69 72 2
86 28 19
10 14 50
24 52 54
99 1 9
28 93 0
30 55 83
66 54 53
19 73 66
18 89 87
90 32 32
83 35 44
0 55 20
67 98 5
65 63 14
75 27 48
94 23 22
94 86 1
8 44 29
86 17 66
8 63 69
99 70 67
40 35 91
35 93 52
75 87 23
18 49 55
19 55 52
6 17 48
99 93 94
5 80 12
25 64 12
51 53 32
59 49 36
3 4 27
32 69 76
75 16 10
90 44 82
98 86 61
79 91 13
74 31 91
82 64 23
23 33 12
96 50 68
71 34 63
63 76 38
44 49 15
23 74 71
48 3 29
0 29 71
7 67 36
40 28 57
41 24 33
57 72 60
46 93 50
83 88 71
48 61 94
30 67 4
74 3 91
49 17 25
40 10 85
65 97 65
68 70 96
62 46 59
31 24 18
14 58 0
78 3 61
63 25 93
71 17 91
82 68 6
31 0 42
77 88 18
78 64 56
12 29 5
87 69 84
62 33 80
2 28 97
43 5 53
1 84 14
94 24 88
66 96 35
52 38 50
65 77 45
86 59 2
17 74 43
88 86 43
36 87 95
51 45 79
96 77 28
28 41 37
29 58 11
2 37 57
52 79 7
64 64 47
95 48 57
59 28 49
24 65 20
15 82 14
93 93 16
98 56 67
12 8 23
94 40 97
22 33 94
65 54 82
7 62 22
34 88 47
37 88 75
37 80 19
74 0 68
82 47 86
38 9 43
39 79 80
54 33 62
74 51 54
33 56 7
9 2 52
13 75 72
0 14 42
98 94 96
47 94 50
78 48 29
33 37 66
83 43 23
35 17 62
54 90 99
32 73 90
73 3 37
72 43 88
86 30 26
37 10 79
23 33 94
15 38 49
65 15 27
85 56 35
52 10 98
52 5 98
64 17 13
48 75 58
70 1 5
85 9 86
2 75 46
6 60 31
82 30 62
4 81 65
47 93 15
67 23 32
14 70 22
68 57 6
62 98 92
97 30 86
39 83 24
40 30 64
12 53 35
85 43 96
36 33 29
14 20 48
98 67 56
49 17 9
13 9 26
61 3 68
68 86 71
55 54 26
32 33 33
50 45 78
67 59 48
88 20 81
39 25 18
64 57 36
96 88 71
69 43 92
29 78 73
7 53 56
90 12 78
83 74 19
90 25 6
1 87 72
3 85 32
49 85 22
65 91 89
92 99 82
46 25 20
30 68 5
96 36 32
42 87 5
88 96 22
29 74 73
57 81 80
77 69 16
44 53 79
10 3 53
54 99 61
9 14 45
22 44 45
51 65 45
37 41 36
32 0 65
13 60 92
47 51 92
4 0 16
61 69 81
26 16 96
75 95 8
43 96 9
73 93 85
45 35 69
3 88 79
87 44 16
55 42 84
50 80 16
53 38 95
44 51 79
1 64 77
96 11 0
48 2 73
21 58 2
29 37 80
86 69 84
57 74 48
82 88 93
12 35 12
10 6 74
88 27 95
53 17 8
47 65 54
33 41 26
5 5 26
52 32 27
64 41 42
84 41 74
51 45 72
38 87 28
73 64 32
14 36 15
70 52 15
68 11 97
9 24 36
16 82 13
64 86 83
91 94 96
71 98 7
8 17 35
73 68 9
3 17 4
67 27 63
2 0 50
98 94 23
18 65 68
41 71 76
39 23 0
78 86 14
51 0 20
81 34 45
18 33 29
57 64 77
99 22 47
19 84 52
16 80 93
2 38 18
38 9 79
59 7 74
27 85 82
81 67 70
73 72 51
17 73 80
99 91 17
87 94 37
45 29 76
29 21 58
3 33 29
42 14 95
86 37 86
79 13 61
75 91 40
34 24 27
94 31 58
36 86 70
37 9 89
81 43 71
23 88 25
75 53 88
29 11 39
53 6 76
14 22 70
22 93 13
79 95 55
27 94 63
98 19 41
94 16 24
82 14 96
91 58 25
44 32 39
12 89 53
57 50 13
69 56 87
94 70 76
98 28 91
15 93 27
67 33 77
85 42 61
25 10 79
73 51 93
4 67 72
91 23 65
89 99 93
7 87 13
21 26 34
57 36 30
88 55 53
50 72 85
6 64 49
97 38 46
67 36 24
8 11 27
12 84 18
46 44 91
5 51 69
19 41 80
55 34 5
5 82 34
63 12 87
68 85 2
86 49 34
30 21 48
77 29 71
6 84 23
37 0 6
20 75 8
80 60 95
25 11 8
79 50 42
64 41 9
79 74 31
41 56 82
68 6 52
88 70 85
32 39 14
87 18 0
18 1 93
58 44 13
39 88 36
8 50 99
20 73 84
96 32 91
10 1 51
28 12 40
51 60 59
52 62 52
84 22 73
78 15 50
54 62 75
30 25 63
64 62 13
62 48 71
3 86 13
87 63 53
3 20 25
8 45 43
27 17 16
40 15 87
76 93 47
81 82 36
38 81 48
21 48 13
12 58 38
34 9 39
27 66 55
33 57 25
75 11 30
10 61 41
55 42 82
35 18 60
87 44 17
63 13 32
88 7 47
58 6 59
67 20 28
71 42 10
42 11 3
46 43 47
31 0 57
47 54 40
84 94 24
10 26 38
99 33 54
80 48 35
32 96 91
82 55 61
35 48 66
73 19 31
49 88 43
32 31 65
24 75 11
59 78 97
86 58 10
69 36 4
50 32 82
8 77 18
68 89 71
40 20 15
82 35 46
21 15 28
4 73 57
30 61 11
43 5 30
13 92 68
95 78 73
8 23 55
24 49 90
54 41 93
94 25 17
36 40 37
13 40 71
24 69 13
29 29 4
10 92 63
88 83 78
56 53 70
28 46 77
24 88 19
68 17 57
42 95 82
32 8 38
24 44 37
68 56 56
64 84 29
40 58 15
19 45 19
19 39 35
19 91 30
69 48 64
9 28 47
55 74 46
30 71 82
58 39 43
59 1 23
98 50 16
85 59 10
73 27 92
25 16 51
43 33 40
40 28 28
26 0 63
90 16 19
86 13 21
38 54 98
79 48 0
69 4 45
23 94 8
15 8 89
54 20 80
56 34 69
52 88 92
14 92 32
82 80 92
25 60 30
93 59 57
40 50 9
30 79 59
93 33 83
2 70 75
22 86 89
34 64 6
57 95 76
57 92 16
35 25 56
43 54 22
53 5 84
55 8 57
22 73 14
48 19 77
86 92 99
38 10 61
70 39 14
16 49 65
70 65 7
17 98 25
22 20 69
18 2 21
23 82 7
17 40 86
77 59 71
14 38 58
70 1 48
48 29 24
42 86 53
22 72 15
33 31 64
89 13 73
90 95 73
74 80 86
18 84 2
81 97 54
45 18 52
5 58 56
70 79 77
45 65 93
94 83 65
5 49 21
26 23 64
49 81 48
55 41 96
63 11 62
56 39 77
3 96 74
21 61 5
23 46 30
43 28 47
47 5 77
45 10 16
86 86 55
36 91 8
96 40 47
80 23 36
12 28 64
14 22 48
17 20 65
20 96 76
94 37 59
75 4 90
66 75 50
96 30 2
19 97 95
14 74 12
88 14 55
14 44 42
48 90 2
57 37 53
51 60 86
14 19 29
72 11 80
62 26 71
44 3 14
4 47 60
39 44 93
79 4 85
29 99 53
29 38 22
61 10 90
86 87 57
6 21 31
9 59 70
54 29 57
41 35 0
12 82 67
34 26 27
83 69 44
31 58 98
25 50 90
24 13 53
30 64 76
28 35 64
83 24 27
5 74 29
0 75 74
84 96 95
28 37 63
12 53 51
46 89 33
36 95 43
21 95 18
10 4 25
92 68 61
71 74 4
37 5 54
44 45 26
60 33 99
6 72 30
39 25 65
37 14 2
52 69 81
12 76 58
34 42 53
17 52 2
28 17 10
94 44 79
58 67 49
55 4 42
32 72 57
49 52 9
95 58 66
59 47 95
64 30 18
73 62 48
38 44 15
29 24 36
39 96 32
45 49 90
50 35 9
42 46 94
5 84 28
11 4 54
64 50 23
38 34 62
36 54 66
40 83 5
76 15 24
89 0 29
75 35 68
5 94 4
67 30 70
34 83 94
72 14 12
61 92 49
99 53 63
84 30 55
63 22 84
86 47 74
63 40 78
52 50 57
74 59 28
42 55 56
48 40 27
7 87 45
7 98 68
92 41 25
0 75 73
2 42 34
1 23 57
99 58 75
8 62 6
60 29 89
0 21 56
30 89 16
13 96 29
8 37 41
48 43 10
76 65 19
53 22 79
83 95 57
72 68 82
24 40 73
13 94 44
17 26 61
66 86 25
25 26 61
4 64 22
76 28 14
21 5 33
72 14 58
17 84 75
2 61 66
33 0 52
47 7 69
71 44 70
82 47 43
40 32 33
27 63 47
32 78 54
20 8 57
43 27 14
54 45 28
25 39 24
23 53 78
65 97 56
2 75 77
3 44 68
24 23 31
38 19 54
19 73 25
27 1 79
1 84 21
76 20 31
26 93 63
30 64 68
99 42 19
30 38 63
33 78 53
76 94 15
53 82 18
17 73 51
13 96 28
69 10 78
14 52 91
36 90 2
2 27 58
19 42 66
65 49 92
67 78 83
72 77 62
16 96 15
55 65 13
95 81 56
55 5 41
40 73 88
5 59 57
2 25 89
16 65 69
36 15 96
32 49 77
16 80 53
36 0 1
86 48 66
17 48 30
38 0 89
75 57 76
75 83 91
51 50 4
93 21 47
11 28 64
34 1 23
71 86 25
34 90 62
69 48 82
79 38 60
60 96 81
53 45 86
51 14 12
52 80 92
35 9 42
3 61 23
8 11 73
90 11 63
78 62 50
26 58 96
73 66 34
66 51 46
88 45 98
2 20 39
53 10 7
60 13 99
32 23 62
25 5 12
54 33 48
45 77 79
16 74 42
77 98 86
80 61 46
84 54 53
72 6 29
43 42 22
27 82 33
23 87 90
93 64 18
72 88 11
12 43 82
37 95 77
80 74 5
80 75 82
28 4 37
27 50 18
59 86 52
1 15 84
3 49 36
84 40 81
7 98 24
27 42 68
37 0 90
94 1 59
15 20 12
99 89 28
54 95 26
96 15 54
67 68 26
45 24 11
94 56 1
53 44 72
9 88 0
63 29 14
27 1 16
90 83 13
91 67 97
16 39 97
46 27 15
28 49 12
87 10 43
88 61 44
40 95 33
18 63 49
11 2 52
48 32 94
47 15 98
59 92 6
40 7 3
82 46 87
30 24 79
62 36 75
46 92 54
71 99 53
11 19 65
71 84 52
97 16 44
7 89 14
76 29 86
30 94 74
59 29 49
48 7 60
58 1 89
24 35 6
14 74 83
79 7 62
19 47 87
42 13 66
74 90 19
98 29 61
25 10 76
86 95 30
90 0 10
31 5 82
59 66 15
81 35 25
89 66 59
13 76 39
45 66 73
92 84 2
70 76 93
48 38 51
37 0 7
66 48 91
74 92 88
34 73 94
7 45 56
79 14 44
76 55 30
56 15 90
52 49 58
67 90 3
24 31 26
71 24 29
9 46 99
21 86 29
89 52 76
37 72 27
87 86 78
87 87 55
11 28 28
38 45 25
2 96 22
18 32 7
26 55 21
57 0 36
16 28 96
90 92 75
97 53 66
0 68 15
47 87 34
10 95 73
74 71 93
77 27 42
96 51 50
6 13 78
17 21 38
51 11 69
41 81 35
17 60 36
36 38 54
75 19 8
85 62 17
67 2 22
67 96 60
55 25 2
81 0 76
42 80 54
31 85 75
58 95 57
38 37 90
88 93 23
20 49 11
16 88 15
83 87 82
24 32 61
48 20 76
59 67 82
95 50 34
15 15 22
94 67 50
31 22 6
96 10 97
11 84 82
65 17 3
72 94 3
63 87 51
51 47 38
14 39 98
79 71 46
44 33 87
83 25 96
76 90 39
36 56 58
16 24 1
48 84 8
36 7 71
83 87 54
4 94 95
29 50 66
4 77 41
67 59 84
97 9 24
16 0 0
58 45 84
25 18 51
78 76 94
41 94 89
83 76 43
16 3 47
81 68 87
65 13 95
15 97 14
59 52 69
11 1 69
17 2 22
55 8 79
97 50 67
56 31 29
17 95 69
44 80 46
54 49 64
55 44 61
93 35 83
52 0 14
32 98 13
46 61 72
42 5 53
1 33 40
17 98 96
24 23 85
78 87 12
31 49 85
54 16 9
26 15 92
8 74 1
25 41 6
41 23 85
35 8 50
18 20 49
11 19 76
55 76 74
23 42 38
5 3 87
82 3 77
17 48 88
44 66 73
87 84 71
86 60 87
30 41 29
47 6 44
77 97 32
35 38 81
47 69 36
28 22 40
38 2 63
20 9 39
97 30 36
9 31 20
35 72 18
10 19 64
76 22 12
49 73 74
19 2 20
56 43 38
61 63 66
94 29 93
3 26 68
72 81 37
28 10 38
2 40 9
89 64 50
8 42 32
96 2 47
62 45 64
16 54 58
19 21 10
16 82 47
97 98 99
59 14 90
92 33 70
13 59 37
45 56 50
59 14 16
33 67 17
87 74 36
86 2 73
79 68 46
68 83 96
30 44 91
69 56 88
83 54 20
99 95 88
87 47 66
33 67 11
49 48 94
51 42 66
2 85 13
62 89 85
51 84 8
70 33 86
67 32 50
6 94 6
19 94 6
83 24 65
95 92 22
24 85 21
25 73 93
3 84 27
40 31 90
5 73 54
1 22 57
84 76 67
14 68 59
85 68 83
72 94 44
95 52 63
64 45 10
36 93 26
50 73 73
62 45 63
47 24 84
70 34 56
27 97 27
57 35 91
96 15 42
69 15 96
25 90 60
36 70 47
0 73 91
46 8 70
86 42 92
82 51 29
75 30 85
37 55 52
10 10 71
36 1 7
28 54 81
86 76 69
47 0 73
90 95 21
88 99 1
56 57 90
40 65 16
75 19 5
1 88 98
64 60 48
86 54 55
85 86 57
98 54 34
53 56 98
54 1 68
83 82 35
73 73 22
71 7 75
6 86 4
7 77 77
61 53 73
19 60 2
90 51 83
66 3 21
11 68 61
34 74 50
72 44 69
58 20 44
85 57 70
56 27 4
21 20 0
71 91 34
64 77 37
94 34 84
26 12 7
77 26 72
16 41 26
33 40 73
84 9 33
57 26 55
56 66 20
57 98 78
65 6 63
84 59 77
91 40 87
42 56 3
95 36 0
57 8 3
13 26 29
54 32 6
70 37 5
78 35 25
87 62 92
16 70 7
27 61 49
65 61 46
60 96 28
15 31 64
8 34 1
56 65 12
22 65 28
29 92 0
47 34 29
33 71 43
76 56 73
5 98 42
62 42 2
40 18 69
1 42 21
10 83 68
93 91 49
99 32 76
62 63 20
79 73 35
66 34 61
55 35 5
14 28 90
47 26 82
86 30 23
49 24 88
44 10 22
33 13 56
8 27 78
19 68 55
31 60 96
88 83 79
54 88 84
61 86 36
92 80 1
41 74 90
63 37 71
80 53 92
46 3 66
45 50 56
54 16 21
96 54 78
10 77 18
15 78 92
88 77 32
39 64 86
12 96 53
7 80 47
86 88 56
62 75 84
37 45 84
99 3 88
54 72 80
28 65 34
94 53 62
6 41 41
97 46 54
46 78 69
19 18 53
76 10 29
69 31 6
38 11 9
80 87 43
40 3 75
25 56 22
76 21 49
81 27 45
16 33 24
52 88 46
25 93 38
93 4 3
72 38 15
9 54 81
43 58 78
22 30 61
50 97 72
97 6 41
13 48 94
51 71 2
84 91 3
85 87 57
60 44 54
83 80 15
44 75 14
39 48 15
81 83 80
79 60 0
3 21 55
7 56 51
0 25 41
37 56 51
4 11 80
27 12 5
8 74 97
21 35 3
36 92 27
43 85 54
58 74 67
14 91 96
34 12 8
74 95 70
96 42 90
35 38 55
66 36 93
38 12 95
16 52 31
95 44 23
31 64 99
29 93 91
43 30 87
97 22 70
70 93 60
56 61 39
20 82 41
53 10 23
39 82 49
78 23 68
36 27 33
98 84 57
35 31 42
31 28 81
40 80 81
13 62 47
86 47 93
7 67 14
7 3 4
76 2 87
9 59 16
84 11 30
95 4 20
71 74 46
84 75 27
53 0 4
43 83 7
16 56 72
51 89 13
29 38 4
45 30 5
47 73 36
99 29 79
89 23 19
31 77 53
22 98 68
10 65 8
58 71 60
89 20 32
38 60 30
4 33 76
32 79 52
19 99 12
2 74 63
48 52 92
44 3 74
78 39 72
6 39 66
63 67 24
11 29 52
7 74 33
38 92 27
2 41 88
83 6 65
70 25 7
9 27 84
42 84 9
30 18 20
36 47 1
97 39 61
39 34 18
50 81 69
65 56 90
27 3 62
53 28 50
89 87 44
3 88 50
7 77 71
55 0 54
19 3 44
55 32 23
83 77 67
2 75 93
71 94 46
52 97 22
30 78 72
98 14 93
46 9 19
10 41 87
10 45 98
16 80 70
49 1 72
80 61 55
11 62 31
40 42 63
78 1 67
96 4 0
37 87 28
64 25 82
39 88 29
59 97 2
76 66 75
83 80 31
45 90 95
95 24 22
7 17 99
47 22 17
4 84 84
96 52 8
56 68 93
80 30 88
48 10 40
35 54 66
40 57 89
8 75 34
68 80 76
88 74 44
20 55 77
0 64 29
72 67 9
28 64 35
38 45 77
83 13 57
63 18 12
5 99 17
10 3 5
82 13 83
40 55 88
44 58 98
69 80 14
27 69 17
50 85 40
28 83 32
59 73 6
17 78 37
3 69 8
3 43 24
74 57 63
87 12 85
89 68 58
37 55 59
17 14 47
36 58 91
49 73 37
55 12 66
11 65 82
62 63 73
89 49 7
7 25 65
82 89 91
0 47 97
75 57 81
86 28 24
85 43 93
67 18 39
40 93 89
6 78 85
11 13 93
17 34 90
52 78 5
70 43 9
95 98 47
68 37 26
49 54 2
58 87 16
6 21 68
89 71 57
6 99 52
60 73 80
89 12 0
33 75 12
53 7 13
77 30 98
58 33 24
93 85 52
0 37 85
35 35 87
39 50 40
97 16 5
62 1 78
27 6 42
54 54 25
94 65 34
63 38 49
46 5 60
64 49 93
60 49 37
88 40 10
82 27 15
69 88 70
17 12 27
95 80 76
88 92 93
52 44 73
97 59 62
47 23 34
67 71 80
26 71 93
78 60 67
14 22 46
55 70 95
69 59 42
18 15 5
65 99 7
1 45 20
40 57 39
43 2 75
71 5 12
25 81 46
6 32 42
65 12 6
82 53 25
93 84 54
62 33 70
50 82 1
8 39 36
33 92 27
71 0 57
30 61 3
1 49 27
83 69 43
17 66 68
39 36 91
21 46 63
96 91 83
3 19 74
9 33 19
14 74 16
66 71 95
36 36 72
14 43 42
2 38 87
79 50 59
45 67 12
97 11 98
82 42 86
88 18 31
87 48 65
80 94 39
47 85 81
33 8 35
45 14 44
9 20 94
30 69 12
85 91 50
47 27 34
43 47 82
74 19 5
16 88 17
68 65 85
50 91 74
60 93 36
21 12 91
14 74 18
70 41 75
85 71 88
19 24 7
18 20 43
57 91 51
62 26 72
5 84 7
79 67 24
28 64 74
61 66 57
85 98 52
98 7 60
78 33 72
66 62 45
12 17 4
73 10 20
62 63 67
3 18 29
30 84 76
62 51 40
21 29 97
17 51 85
65 70 29
29 22 31
6 4 88
45 64 20
69 92 62
20 22 24
73 44 10
15 70 50
81 15 73
93 32 8
97 94 97
73 9 36
48 98 49
43 53 37
27 53 80
82 78 66
25 95 50
22 50 25
36 94 96
71 74 62
2 25 3
55 95 70
95 44 7
55 0 83
34 69 36
43 30 45
75 51 55
21 29 52
50 96 36
20 43 71
90 15 25
37 62 48
34 69 47
47 30 37
52 2 64
14 61 47
59 80 24
21 89 49
8 26 84
51 14 4
87 45 36
35 54 89
3 52 33
60 42 1
25 53 18
46 99 72
91 46 34
1 70 75
24 73 6
94 8 66
24 12 49
53 6 48
3 71 53
17 79 69
99 16 11
16 61 40
81 37 31
94 29 92
74 11 31
37 4 74
2 60 91
53 78 43
30 69 42
54 22 76
77 86 13
8 96 30
50 33 59
78 90 28
20 62 4
4 72 81
38 3 44
11 17 76
87 19 3
8 21 5
8 20 52
10 32 99
75 38 25
66 9 18
40 76 60
33 24 39
73 44 89
57 13 65
76 53 28
53 41 10
94 34 43
54 81 62
15 51 90
94 49 3
11 23 14
14 35 83
47 25 41
84 44 81
69 31 25
54 71 82
95 29 74
42 66 30
10 81 33
10 70 69
46 2 72
32 44 94
9 60 5
11 13 35
19 10 50
43 8 57
6 93 5
95 23 98
51 96 14
61 61 25
3 42 89
14 47 18
96 51 17
46 99 93
27 88 80
95 12 50
37 31 11
12 9 22
22 52 41
33 19 34
2 56 32
69 39 44
56 40 0
23 86 46
43 77 76
8 58 74
61 34 93
56 52 70
1 1 8
85 50 88
77 44 74
47 58 4
71 16 61
44 49 89
64 51 24
0 14 91
28 43 67
40 16 86
49 94 91
67 85 14
30 65 95
76 96 31
39 20 44
49 38 85
76 37 29
98 39 64
10 94 72
95 48 52
36 16 35
49 21 59
73 80 69
97 30 57
16 20 39
98 44 0
56 62 75
82 88 72
82 71 39
24 52 48
59 55 11
84 75 79
95 8 73
40 24 86
72 1 90
44 72 37
81 69 43
63 7 46
36 37 42
95 8 67
54 92 68
42 80 69
10 59 2
20 4 71
11 45 21
38 57 77
48 64 94
10 67 89
58 66 65
85 77 28
1 58 26
2 98 35
37 45 51
42 15 94
42 50 42
51 22 43
5 94 28
53 93 52
29 16 30
40 87 49
1 25 67
19 18 24
3 65 39
16 55 54
91 43 81
74 66 37
41 98 43
78 80 75
28 98 89
64 66 96
81 63 31
91 82 22
6 52 68
15 75 84
92 7 92
3 87 81
44 95 37
87 32 80
65 53 70
70 10 62
20 26 54
57 22 1
70 57 96
74 71 51
29 23 35
60 91 90
44 25 68
14 78 72
99 66 56
9 28 85
31 63 10
34 65 12
2 74 77
58 18 66
89 3 12
98 94 95
22 58 29
44 44 50
96 0 89
12 65 83
28 15 30
87 59 88
15 84 12
98 80 82
74 43 55
26 14 91
67 25 56
53 21 75
78 61 0
43 89 81
10 87 33
76 16 49
55 13 67
96 9 84
23 32 27
54 78 77
14 73 19
74 52 92
62 72 41
57 22 68
15 75 74
72 49 84
88 73 84
35 67 85
20 21 83
14 85 52
95 94 93
79 35 45
17 41 15
59 93 5
80 41 52
28 14 7
52 22 79
91 12 81
29 15 80
88 33 26
66 71 28
35 59 92
94 1 69
16 72 50
2 51 34
27 29 72
36 59 98
72 67 75
1 66 34
89 22 45
39 42 48
50 47 85
12 77 44
68 65 17
96 52 13
93 20 32
24 96 7
1 27 24
82 25 97
2 64 12
29 17 68
14 37 14
47 64 96
20 7 60
41 19 26
97 12 98
44 14 41
46 0 86
4 63 51
22 92 56
80 69 52
33 28 44
99 91 70
55 38 77
79 70 39
81 52 83
16 25 0
23 31 48
33 66 12
15 12 71
57 32 40
29 37 62
8 67 44
42 88 57
59 90 61
78 97 15
57 93 41
49 72 54
2 18 75
84 66 13
62 13 88
5 83 85
76 99 87
42 41 22
8 11 98
37 79 27
74 43 23
74 58 9
46 26 8
46 75 28
52 91 80
92 47 64
4 66 73
73 47 70
31 71 6
71 97 79
85 25 25
36 73 13
98 34 56
15 35 83
12 62 24
25 59 50
32 13 48
2 10 32
3 84 31
25 96 50
54 60 11
85 31 54
59 38 88
80 37 59
21 69 38
87 72 98
61 71 48
80 71 64
24 42 45
53 29 73
24 29 84
92 89 33
19 54 27
43 5 54
94 81 36
18 73 96
96 83 50
24 91 60
67 20 64
7 59 32
69 99 86
5 53 3
77 72 26
25 8 83
7 2 13
24 75 27
18 88 9
44 31 4
11 70 14
28 60 49
56 70 45
85 48 85
3 43 34
40 24 21
63 88 57
11 97 49
91 34 11
40 4 46
56 41 95
47 77 12
38 61 31
71 73 63
35 37 22
69 83 97
3 90 18
36 19 64
37 36 77
36 66 63
0 16 62
77 63 45
73 30 18
84 71 67
83 59 68
30 45 19
67 15 25
4 61 92
12 99 93
49 32 12
49 25 28
3 97 45
99 79 82
26 38 93
80 74 58
30 42 61
11 82 48
20 46 87
90 84 37
58 6 50
51 46 77
15 91 97
20 14 63
49 5 79
1 86 0
78 52 23
25 5 10
79 70 55
49 46 40
57 25 29
84 92 4
37 95 60
70 13 91
4 85 62
74 29 7
75 94 9
27 10 99
92 90 34
94 78 36
0 54 4
51 5 87
78 93 76
75 31 80
3 65 74
73 56 2
73 17 41
82 76 97
49 8 52
45 99 30
20 2 29
88 75 17
28 66 54
68 44 93
56 72 52
73 22 83
99 80 43
68 99 5
19 51 37
62 7 85
49 62 95
65 92 88
14 41 73
97 54 80
60 11 75
42 1 39
99 85 21
41 22 34
35 82 95
30 5 76
9 9 48
45 33 27
48 74 10
54 97 28
69 31 67
94 26 70
20 12 14
54 46 8
59 55 20
97 43 21
26 18 8
23 51 41
13 8 11
36 16 95
50 6 84
18 31 31
57 17 66
14 82 55
31 28 46
1 19 46
53 11 25
21 44 93
35 3 87
43 91 8
60 76 99
80 43 14
19 29 7
1 30 71
21 75 33
93 46 42
71 69 83
34 93 81
21 18 5
60 34 99
57 13 28
26 93 38
33 95 83
64 54 81
60 92 90
43 72 11
67 38 44
72 68 9
81 87 71
83 38 54
62 66 72
57 30 24
52 91 81
43 86 53
99 68 55
46 65 59
41 64 23
22 85 35
39 4 44
34 81 48
19 41 7
76 12 96
47 50 67
40 46 23
34 43 17
73 60 85
91 19 99
59 37 60
76 49 93
45 4 96
82 35 44
37 93 61
48 48 50
79 98 6
26 12 28
18 33 84
77 78 17
22 89 11
80 48 30
41 17 27
21 86 89
90 50 82
48 95 9
0 71 16
30 20 97
79 5 80
33 67 32
46 79 9
17 65 28
23 53 67
48 56 98
5 65 48
40 28 34
5 11 18
7 12 26
49 70 73
21 49 99
35 3 77
29 98 20
69 70 90
92 65 54
49 9 92
38 12 10
12 58 78
62 25 94
5 46 8
58 33 29
29 49 65
25 96 95
56 92 50
17 17 78
38 26 51
80 88 33
55 79 27
53 29 50
88 15 56
55 93 72
28 24 49
11 47 49
74 80 23
32 9 15
1 3 76
16 62 82
73 55 56
29 64 77
27 43 66
22 90 10
89 48 48
51 15 18
41 76 49
2 50 93
11 23 42
1 37 71
20 42 72
31 40 99
38 43 37
57 58 46
11 82 61
14 66 96
80 62 85
32 43 43
25 31 81
79 67 12
42 5 79
45 52 53
83 42 8
91 22 20
95 46 95
65 29 19
8 59 42
5 33 43
51 66 79
86 42 86
66 28 63
47 70 33
39 94 10
97 16 21
75 41 97
5 5 88
26 62 30
60 7 18
32 79 20
60 75 57
10 91 5
78 40 12
86 82 56
66 90 13
32 86 28
31 1 59
37 39 3
92 13 20
44 67 41
85 99 26
30 17 28
21 80 51
56 12 66
46 63 69
79 47 29
92 85 21
79 35 44
71 19 88
69 21 48
3 74 62
93 98 54
37 58 92
50 99 39
84 38 38
34 67 75
57 30 96
86 99 88
36 40 78
5 70 67
11 0 39
81 4 9
25 61 64
34 22 86
28 7 90
56 19 18
67 89 2
91 41 17
19 76 9
38 43 50
67 75 59
47 1 72
20 61 6
19 95 79
45 19 0
95 64 88
46 24 10
77 34 32
30 27 90
81 30 72
72 26 52
51 21 53
96 39 62
83 59 67
63 13 70
56 6 41
44 98 36
57 11 65
85 29 42
15 6 64
89 57 67
10 64 95
5 56 11
5 63 50
11 55 28
53 15 10
7 5 74
99 77 92
35 96 96
17 73 62
64 14 79
33 48 66
21 88 68
54 74 56
8 37 32
92 87 78
69 92 60
36 77 44
77 16 49
50 59 0
40 61 62
34 56 24
27 78 2
98 0 8
50 96 13
26 24 43
14 17 13
24 4 11
20 57 1
80 3 84
8 24 21
43 13 42
12 59 93
22 44 46
11 98 93
41 31 91
86 10 68
16 57 64
11 98 92
46 99 7
5 85 38
99 85 62
20 37 98
75 92 2
18 50 49
63 44 75
41 24 27
52 43 0
70 3 13
52 98 62
49 91 79
55 54 75
52 27 57
87 27 19
35 17 81
46 75 63
83 77 39
30 93 1
35 85 61
50 34 21
70 93 50
83 77 92
56 64 70
91 21 0
14 88 33
42 22 46
66 62 15
80 11 36
78 87 44
34 52 34
56 54 95
25 58 97
89 15 59
30 54 2
97 83 71
19 89 41
43 50 80
3 49 94
13 50 40
36 26 26
53 56 95
9 32 0
30 15 59
19 67 22
25 73 28
48 4 78
24 71 0
55 70 37
35 23 24
14 74 81
9 42 76
71 54 5
74 71 71
49 87 56
81 95 38
28 48 4
83 25 5
24 33 60
48 70 90
87 65 76
41 76 44
79 76 8
84 13 95
29 3 48
23 50 26
51 87 24
31 6 51
12 70 32
30 7 63
53 1 67
67 46 48
22 53 11
20 52 21
75 19 32
23 15 2
81 44 22
82 28 16
41 65 15
83 7 77
23 65 34
61 56 43
28 86 49
92 37 77
6 77 62
54 34 11
17 12 92
50 73 86
48 38 71
57 60 39
42 65 27
18 81 78
49 16 72
92 23 21
24 92 75
81 94 38
20 97 74
33 46 73
34 1 24
42 52 85
5 69 1
98 84 8
37 87 71
15 5 64
16 20 41
41 15 58
33 57 37
68 93 64
37 2 89
9 10 48
63 67 71
65 75 49
79 57 13
91 64 99
31 93 11
46 45 58
68 87 18
21 11 20
39 20 53
18 69 1
38 92 67
14 86 12
31 88 25
27 41 67
72 36 10
99 10 48
75 50 75
2 4 78
53 51 86
67 52 47
91 65 54
94 9 70
2 29 1
96 52 17
67 65 61
32 73 58
95 9 68
24 5 9
91 34 9
65 19 13
11 62 30
20 46 27
36 50 26
36 45 85
0 57 55
36 86 15
69 26 64
39 68 24
64 58 38
35 59 23
53 31 99
68 61 86
79 75 7
62 2 77
11 24 90
74 56 7
99 71 65
34 56 36
21 9 44
96 47 26
14 9 69
79 32 21
30 14 80
28 91 99
24 73 95
31 14 6
39 57 90
61 23 61
48 88 40
46 20 80
19 3 43
69 8 78
61 5 73
33 3 48
98 81 82
31 59 97
6 73 28
55 56 2
79 94 72
39 89 37
30 92 92
60 60 26
3 50 35
17 65 27
77 34 8
21 51 96
49 75 50
27 24 48
30 86 32
13 40 72
91 3 96
38 56 91
50 13 60
67 40 76
85 20 70
10 19 42
9 53 44
77 46 0
48 69 8
16 53 1
85 29 55
83 62 10
91 21 44
84 39 24
66 24 42
87 96 49
35 60 33
79 15 88
99 99 46
61 9 89
57 35 16
93 66 54
39 62 65
23 11 61
34 39 39
26 82 47
14 9 62
11 13 46
68 43 41
6 93 1
73 94 42
44 29 4
82 15 72
61 19 11
78 9 3
77 52 73
22 83 96
18 3 48
57 25 21
62 2 21
15 40 26
63 31 18
55 32 78
92 8 1
10 35 52
24 18 16
52 78 44
70 0 66
50 92 21
51 44 77
75 71 27
61 98 12
51 31 52
97 62 47
58 93 45
24 2 14
73 66 57
89 48 7
68 42 65
50 47 93
66 45 58
21 17 34
51 71 35
57 93 22
38 72 29
16 79 91
35 18 61
46 57 74
60 36 59
89 14 46
30 94 43
93 52 63
2 24 82
79 7 17
14 28 69
61 83 46
47 16 94
87 89 57
55 2 36
37 99 2
67 79 1
22 0 34
94 10 72
77 58 2
27 98 90
27 59 95
72 28 20
15 79 94
61 20 63
19 9 23
93 70 77
6 52 66
43 65 26
64 44 21
88 22 77
36 31 80
57 86 53
64 34 84
83 88 92
67 35 33
33 32 66
86 8 87
38 98 24
19 6 77
71 70 49
61 39 4
72 83 62
5 0 97
43 59 97
63 33 24
39 36 20
9 31 49
82 32 44
80 37 95
49 44 74
53 73 0
73 27 26
20 66 78
47 68 7
43 99 45
63 26 73
63 74 33
18 68 56
72 34 62
53 32 62
32 38 83
77 4 19
74 43 27
21 51 87
59 36 34
58 6 10
36 47 22
66 62 71
69 92 61
63 98 52
40 11 67
61 59 59
43 6 96
46 94 69
99 83 72
62 66 56
95 87 41
44 55 42
1 34 55
40 29 66
63 0 25
88 64 77
59 1 22
89 66 25
49 6 79
51 82 70
0 87 99
48 73 55
65 18 14
9 18 66
95 53 10
17 25 2
82 18 5
53 89 91
17 66 29
82 25 4
15 68 31
14 0 35
67 25 85
75 2 18
4 10 64
39 40 42
52 66 87
18 32 44
84 83 24
35 14 89
51 15 46
13 9 25
97 67 10
39 1 89
38 71 30
38 60 58
83 26 10
30 83 7
26 55 64
76 22 16
35 18 64
90 37 91
65 97 36
20 30 98
21 42 23
42 91 64
69 72 15
67 10 45
94 36 44
33 17 2
44 35 61
23 43 71
56 26 34
15 9 62
25 29 65
51 88 7
85 59 48
53 63 0
70 19 34
34 17 99
66 95 30
86 62 24
18 97 24
19 27 17
16 24 70
70 47 63
1 41 74
73 73 75
44 5 97
29 17 85
26 64 74
84 81 14
84 63 0
14 83 92
87 9 22
91 40 18
69 42 66
53 26 94
1 27 98
23 2 52
0 7 51
92 37 56
83 80 57
59 9 74
57 94 70
2 15 50
21 51 88
42 46 85
58 79 18
33 4 52
62 60 17
27 76 96
61 93 48
52 20 48
27 44 85
50 19 82
85 63 30
77 67 91
4 95 12
30 34 73
29 71 98
8 30 87
19 1 93
55 30 86
50 39 20
36 47 2
52 43 66
70 9 25
47 88 44
14 30 65
18 36 40
49 80 28
55 22 38
69 23 39
78 9 61
98 46 62
11 10 22
31 74 90
28 65 47
24 50 25
3 43 10
87 7 53
99 97 53
24 16 81
20 74 66
7 85 24
82 43 29
81 18 6
77 75 88
7 51 26
75 30 98
58 96 97
83 77 61
44 52 49
69 92 49
22 32 60
65 16 46
22 89 17
21 95 96
26 88 79
81 83 28
94 64 87
4 73 54
77 51 38
19 6 1
73 49 89
16 21 40
64 79 25
51 77 43
84 68 34
62 57 79
37 36 9
87 92 86
27 13 83
