75 80 78
53 22 99
44 47 78
64 13 14
38 40 79
35 81 81
77 6 45
29 59 66
70 18 99
43 34 6
76 19 13
55 87 32
49 56 3
9 62 32
21 64 61
66 77 33
64 78 60
48 49 80
65 15 94
49 85 52
49 49 66
28 28 50
20 58 69
6 51 30
74 99 54
76 51 39
13 76 59
24 25 72
95 12 97
16 87 2
78 63 40
18 60 79
75 63 55
63 47 93
89 90 78
62 33 50
12 44 40
15 98 99
96 47 20
32 27 66
5 59 76
22 40 10
4 60 76
13 15 0
49 2 56
50 97 33
67 25 68
82 45 38
42 29 89
6 60 15
83 4 98
67 84 46
98 43 67
74 24 31
89 42 80
49 1 35
65 4 22
89 49 29
77 27 23
88 19 74
17 69 10
90 62 68
98 93 11
7 63 32
17 26 41
54 30 82
25 92 42
95 70 42
18 11 27
67 79 46
97 35 95
28 44 55
18 28 12
64 7 61
67 58 67
81 94 42
64 48 66
4 77 45
65 93 45
42 13 85
33 40 16
52 2 46
41 23 77
19 98 65
92 81 46
2 49 8
83 82 21
66 36 94
65 62 13
47 8 18
12 8 75
9 92 81
1 25 64
25 15 85
43 70 35
31 41 54
92 9 71
67 70 45
1 17 15
57 39 94
5 2 69
99 56 80
71 11 58
42 21 71
38 7 35
76 10 57
33 6 60
20 64 62
70 52 59
40 52 55
90 1 56
77 92 77
66 49 53
74 53 22
91 93 18
56 69 85
90 53 69
91 32 92
66 60 11
43 93 3
47 70 28
27 64 80
77 72 93
91 19 65
71 11 98
22 69 32
44 51 69
71 4 66
23 49 73
84 47 42
44 31 14
68 52 46
82 56 74
36 25 61
45 42 66
14 6 54
36 39 85
19 94 5
86 10 59
20 15 3
25 17 13
37 52 17
26 46 97
93 93 17
52 17 34
97 73 26
63 87 70
51 27 92
83 51 48
10 20 52
22 3 9
84 14 52
28 8 19
92 19 38
1 85 76
9 61 88
17 71 20
33 53 68
49 99 37
89 35 65
98 88 22
50 1 12
84 83 20
19 5 54
17 83 88
27 90 98
36 28 66
63 62 87
80 85 7
31 18 20
54 71 67
19 42 98
65 51 84
70 30 26
92 79 0
32 38 92
29 88 68
80 57 32
56 40 95
90 40 20
8 11 97
75 82 60
94 89 7
1 58 79
4 27 2
38 5 65
2 36 42
40 24 77
71 56 9
83 50 48
94 90 8
35 15 15
62 87 75
46 86 61
66 97 79
94 70 13
4 61 54
63 23 86
30 59 44
69 79 59
20 16 2
44 46 51
21 61 74
70 68 98
3 21 59
63 7 62
85 6 26
90 98 60
81 60 90
76 43 24
10 80 62
67 15 68
30 87 68
51 27 46
83 45 0
1 25 66
53 49 63
96 36 95
36 21 49
15 59 24
74 22 11
21 8 26
49 99 92
69 3 64
50 49 9
60 81 61
44 46 93
87 25 98
20 39 50
72 12 70
6 11 96
30 3 98
97 72 43
71 64 26
25 75 27
83 12 71
77 88 32
51 62 13
3 38 9
56 44 37
94 39 71
79 98 38
64 77 99
80 64 90
61 73 21
98 7 12
8 15 45
41 86 15
72 58 29
2 66 20
57 27 3
22 46 83
29 78 57
59 54 41
62 78 61
6 7 20
92 15 81
9 10 94
92 18 69
6 64 32
73 50 29
25 1 37
44 51 15
18 88 39
25 10 67
45 94 39
14 22 27
27 55 2
98 65 30
63 55 36
94 50 67
20 92 69
62 14 6
33 46 30
65 36 80
80 21 30
62 90 64
23 35 24
63 79 50
83 12 69
56 24 36
76 91 76
87 82 72
68 59 92
10 51 94
34 72 77
74 26 31
44 70 15
65 34 98
56 85 34
51 42 10
82 61 41
58 3 20
32 96 44
19 72 89
41 55 15
0 86 22
81 8 87
45 88 95
79 95 42
31 28 48
83 41 98
75 31 45
74 47 19
47 49 0
64 0 92
15 73 25
13 69 73
59 94 70
16 94 26
42 66 81
16 63 40
95 16 26
22 42 25
33 65 27
62 94 27
31 5 35
62 44 99
81 54 58
5 21 49
92 29 72
85 50 24
0 95 18
32 6 88
73 52 76
15 56 71
84 50 34
63 21 85
26 95 76
99 36 79
30 47 95
11 61 15
3 37 41
71 53 44
93 8 76
91 4 81
72 98 31
33 15 45
24 90 62
13 72 64
90 76 58
91 95 17
57 3 68
13 77 54
31 38 14
18 69 49
32 80 19
56 13 12
89 21 88
44 44 95
7 69 83
74 76 99
46 60 49
55 66 82
25 35 58
12 43 85
82 91 97
4 39 8
82 19 93
31 94 13
68 68 80
51 21 78
36 42 85
61 55 34
38 53 39
24 93 36
90 70 88
18 24 55
97 37 70
63 16 4
17 83 87
16 72 25
90 2 80
96 54 54
91 27 17
92 81 15
71 1 20
80 28 22
63 67 64
77 14 37
55 35 75
65 57 17
66 89 14
77 48 74
64 55 8
85 3 50
73 22 41
83 4 96
66 61 90
9 85 49
46 44 42
7 36 87
84 26 48
83 69 52
90 9 55
37 75 20
82 19 31
32 82 51
48 11 5
64 30 26
34 57 2
23 78 35
57 84 34
40 48 37
58 63 58
92 10 70
42 23 85
22 49 65
57 47 21
60 21 47
9 70 21
82 76 24
1 72 79
61 82 31
60 54 42
34 27 77
39 90 65
84 35 30
71 13 59
92 2 32
39 80 40
16 66 51
92 35 89
48 63 78
26 29 39
18 81 68
74 79 79
26 3 89
14 89 83
67 83 33
39 27 12
71 64 3
34 74 89
81 36 54
50 13 32
14 13 16
56 53 59
98 30 65
15 38 80
47 21 76
81 75 74
85 49 23
17 30 87
60 21 85
28 66 84
32 32 99
91 81 11
77 89 84
90 85 72
24 66 53
75 88 35
7 98 21
32 1 1
87 50 47
35 73 59
58 13 44
48 50 67
9 94 63
56 96 39
72 9 30
31 99 73
71 69 32
65 63 42
30 27 69
19 64 9
91 33 83
43 71 16
25 71 35
94 23 62
43 87 14
48 18 3
60 58 94
67 30 88
5 92 72
91 33 13
40 92 91
18 62 12
9 71 22
60 0 72
99 36 41
13 78 52
15 86 24
51 98 40
18 65 46
63 25 68
29 30 3
8 34 52
49 4 14
18 90 33
29 75 39
74 53 23
17 79 61
69 89 93
55 81 91
74 18 78
69 23 12
69 8 85
34 99 89
45 87 10
54 11 75
0 68 95
88 81 71
3 23 62
8 70 84
59 77 14
59 27 59
44 33 26
31 23 53
7 23 49
79 14 38
6 26 36
80 33 42
46 90 95
40 91 59
10 31 20
12 21 41
19 14 7
69 19 38
70 17 0
72 64 96
86 82 39
58 64 57
48 44 58
15 94 23
59 39 73
66 13 72
72 12 33
50 21 36
49 70 68
33 68 68
73 30 48
18 4 53
9 46 64
52 58 31
84 96 19
25 77 91
73 23 18
95 33 90
84 33 83
20 76 82
4 91 59
19 81 12
26 92 40
25 90 64
32 40 17
35 3 7
86 29 60
41 93 4
49 59 1
25 91 43
6 1 68
52 13 50
27 7 20
70 86 58
18 78 60
98 75 23
90 3 80
30 12 12
82 95 14
34 63 24
5 23 63
82 60 41
27 26 68
82 16 34
90 95 96
40 31 94
65 61 73
73 96 66
3 40 19
3 16 54
77 47 74
77 5 80
19 3 47
30 88 4
19 73 48
6 37 37
49 72 68
9 72 5
24 75 59
64 53 34
22 89 93
88 76 27
72 87 2
53 90 34
80 70 96
2 44 24
36 64 51
51 25 57
78 28 42
19 64 8
98 6 44
62 89 80
13 23 25
92 93 94
34 48 69
76 18 52
78 22 14
44 61 46
52 82 53
81 86 75
44 74 72
96 62 92
27 78 47
28 93 34
35 16 87
39 21 50
37 41 1
72 37 77
59 69 5
53 7 87
64 41 5
18 22 17
92 20 80
28 5 63
22 25 98
43 22 72
24 90 97
35 99 36
74 87 33
45 74 97
96 51 20
98 34 80
42 0 54
37 24 2
81 61 38
49 30 40
85 97 4
37 66 15
62 0 89
5 24 64
67 29 89
65 42 98
59 87 32
70 63 26
22 40 31
66 9 61
36 49 28
7 74 39
18 31 39
77 72 1
86 35 50
99 11 10
66 45 12
86 41 89
37 37 39
97 33 30
0 38 71
26 15 53
81 87 76
16 42 7
6 77 47
29 15 14
17 26 42
82 67 0
10 77 79
70 7 44
14 96 17
86 66 41
61 66 96
67 58 94
64 96 93
56 2 25
31 16 76
43 44 28
50 31 90
70 12 5
65 79 59
70 42 32
37 42 0
51 68 90
54 97 71
99 66 96
85 58 23
19 30 10
27 67 95
73 3 42
69 65 44
77 61 45
51 41 44
48 39 66
22 35 29
54 96 84
85 32 85
18 72 12
29 57 96
10 52 56
35 58 62
60 95 69
44 98 72
10 38 25
0 25 6
53 54 27
94 19 96
14 59 0
44 70 18
99 51 43
5 67 70
91 20 14
74 99 31
34 43 20
90 91 81
51 80 1
58 94 81
66 47 29
35 3 34
72 16 70
81 11 60
5 24 65
7 77 48
77 94 77
64 62 72
92 28 73
43 48 80
33 45 40
50 34 99
73 48 18
77 78 33
50 59 0
61 57 35
48 71 29
71 90 13
74 68 50
88 4 39
26 64 25
9 36 24
71 16 0
84 69 94
83 76 66
95 27 18
28 30 3
81 7 34
6 24 49
36 15 87
0 12 10
70 87 94
57 97 15
40 67 62
14 77 51
53 9 44
90 59 72
72 10 97
49 78 87
36 74 21
61 87 74
76 3 51
63 92 17
4 63 56
22 40 7
19 3 33
10 70 22
4 4 36
3 85 91
52 33 91
42 69 14
73 64 96
52 73 59
23 36 51
57 12 42
14 75 84
52 97 71
66 44 64
16 2 83
22 41 11
33 71 11
71 90 78
80 95 43
58 55 71
89 66 86
20 59 79
11 10 4
67 12 14
4 14 69
98 14 40
18 56 71
68 78 58
47 53 55
69 57 91
78 71 27
44 41 58
11 10 79
90 94 94
81 70 96
36 35 63
3 46 86
76 61 65
15 62 41
98 14 22
46 69 35
18 63 7
12 63 32
24 3 87
45 92 60
77 30 43
4 41 86
33 7 54
20 10 1
0 58 49
62 97 94
29 24 69
75 13 72
47 37 25
0 93 91
93 36 35
17 71 11
74 32 14
90 35 64
23 92 38
59 11 59
8 44 64
27 67 84
63 2 11
67 1 41
67 36 68
13 62 21
27 47 96
46 51 90
70 12 58
34 48 54
81 15 38
30 49 95
39 72 4
55 33 42
44 97 74
59 34 78
1 4 74
91 20 39
77 38 4
24 19 26
25 36 38
51 75 36
78 77 34
87 89 78
85 4 97
68 56 98
48 71 70
74 44 50
12 85 93
0 4 15
68 5 14
35 69 21
2 38 22
99 32 38
49 37 40
61 70 70
14 51 3
24 81 46
6 24 25
39 68 63
25 30 56
40 59 34
25 7 77
52 96 95
24 10 68
2 24 64
5 35 87
80 32 21
85 90 22
13 94 11
68 71 46
40 59 33
40 11 99
61 43 98
17 68 90
19 69 24
72 87 60
93 11 59
51 38 41
31 37 15
57 65 77
75 30 63
16 46 10
88 89 77
8 87 82
77 19 52
10 75 41
85 48 42
60 47 80
30 79 56
73 32 50
99 56 38
36 27 34
75 23 30
35 75 20
60 41 96
67 56 99
92 7 75
98 73 7
77 60 24
36 73 76
7 21 51
15 12 90
44 69 36
29 73 97
18 29 20
71 11 6
84 30 95
65 43 16
11 91 66
28 40 46
49 40 64
90 39 56
83 98 1
40 6 59
69 74 94
75 78 22
83 49 42
47 51 91
52 79 5
99 35 99
0 57 80
82 77 9
54 34 42
8 88 83
10 53 57
15 38 64
52 56 16
60 38 86
41 94 54
79 33 19
33 96 10
91 81 95
32 48 66
4 59 75
62 42 8
79 83 45
15 92 66
82 44 97
9 94 13
11 61 7
43 79 42
24 67 91
66 80 81
29 81 99
84 36 29
96 71 43
91 88 77
71 86 56
39 57 93
85 83 40
80 70 98
23 80 26
96 12 93
47 62 52
20 1 31
76 26 41
40 89 35
52 96 49
49 33 98
32 9 26
42 38 52
27 98 93
7 52 29
57 19 43
65 41 4
52 16 10
69 96 52
27 2 27
9 4 14
39 58 82
37 47 12
98 22 85
66 20 19
95 59 6
96 32 46
94 92 60
35 32 88
38 30 96
21 98 86
94 91 41
57 91 29
43 92 53
47 74 15
30 0 21
33 37 57
47 76 15
11 19 27
90 73 69
90 88 92
61 22 47
33 53 71
10 75 40
77 31 42
87 82 31
29 49 94
28 46 26
74 93 36
4 44 5
94 77 97
31 21 22
51 13 91
53 71 67
70 7 84
89 30 16
40 3 5
4 21 99
55 53 85
96 28 17
14 45 31
90 35 60
59 0 73
91 20 81
90 31 13
13 7 75
70 53 59
78 45 84
85 9 13
68 38 7
73 70 46
40 75 75
43 26 25
12 26 7
93 57 12
28 93 35
92 91 45
1 77 52
59 37 85
73 84 59
85 70 48
33 66 76
49 75 8
60 20 85
28 93 75
33 92 92
4 92 73
45 20 2
90 22 87
46 86 82
75 67 49
58 15 68
21 34 28
91 90 83
80 15 37
85 41 87
16 12 20
17 45 11
79 4 7
60 78 14
99 56 40
16 37 81
68 2 40
31 71 30
0 34 82
0 14 72
52 0 12
60 99 88
47 14 57
34 89 95
29 20 23
13 31 64
73 29 66
11 58 56
73 33 60
76 7 47
53 46 85
51 53 5
70 62 70
15 44 30
46 17 15
17 23 16
92 73 18
46 55 23
13 79 4
83 55 84
8 45 63
15 28 72
2 94 39
68 30 26
15 96 24
52 47 4
4 4 75
51 1 78
23 89 55
8 77 17
11 50 58
31 6 88
25 31 55
50 5 69
26 30 27
18 20 28
71 72 49
92 20 15
50 76 2
4 65 2
22 36 92
8 60 30
68 28 87
99 2 27
91 18 67
58 17 97
49 96 20
24 82 51
37 98 96
5 0 50
73 51 28
55 97 7
54 0 39
10 70 33
68 53 27
56 78 61
64 11 65
31 20 21
38 87 63
83 15 34
51 45 76
40 87 84
4 72 88
52 26 61
47 82 51
58 84 45
93 36 88
88 61 4
33 26 68
38 82 81
54 41 33
70 21 38
10 11 94
38 66 43
79 59 3
14 12 32
47 67 14
82 10 87
16 41 66
4 41 69
22 67 52
23 11 38
74 51 5
28 99 60
77 17 26
33 21 40
20 93 12
24 40 7
99 53 42
20 1 33
59 40 72
28 78 48
36 65 53
16 72 26
42 16 39
97 62 93
48 44 5
13 18 13
42 67 91
12 44 70
8 37 74
66 3 69
32 52 70
20 16 4
78 81 26
67 6 21
10 91 48
88 61 29
5 28 34
37 78 81
35 72 76
6 65 92
16 83 81
94 18 89
34 49 12
23 74 72
21 70 31
62 9 86
65 40 36
87 60 29
78 13 6
90 82 10
63 66 64
72 97 69
14 79 52
65 55 8
0 98 90
12 79 30
11 74 36
84 76 66
1 87 59
47 9 83
32 47 89
4 19 56
90 82 55
65 45 15
34 33 30
15 67 50
30 23 85
22 12 37
38 48 11
50 12 92
12 48 1
50 75 92
66 93 82
82 58 9
4 60 55
32 9 95
46 56 24
13 23 45
40 53 54
40 39 67
94 60 49
53 50 40
60 12 77
44 63 15
51 16 42
87 36 51
48 73 69
15 34 10
65 14 59
17 6 36
45 13 24
31 10 72
40 86 83
6 65 31
56 86 33
14 45 29
65 95 93
57 34 77
78 12 38
59 22 34
61 37 12
34 99 37
74 30 13
60 55 70
23 66 11
48 34 24
4 75 63
81 59 42
30 41 53
14 93 24
1 0 42
75 36 61
24 79 33
11 55 58
60 96 69
57 18 45
7 12 96
43 64 10
53 95 94
57 23 99
67 62 43
40 11 0
71 7 75
77 50 42
27 0 70
9 30 21
6 41 63
79 12 62
35 98 45
49 58 23
50 36 28
37 6 75
48 63 83
97 54 53
1 45 25
13 54 12
6 53 76
26 13 12
75 70 64
8 0 22
76 23 19
81 90 96
98 52 43
71 16 97
7 45 64
43 86 15
36 78 80
81 79 17
21 51 51
16 71 57
62 67 65
78 72 6
59 80 54
28 99 82
32 22 21
16 23 15
52 13 14
5 27 16
98 23 85
35 18 85
1 80 93
96 66 2
84 11 70
29 14 13
94 21 66
81 74 24
86 3 49
75 13 32
77 28 41
57 35 39
66 81 58
2 11 84
99 5 44
44 11 69
14 98 41
28 36 46
23 25 73
34 54 26
11 77 1
13 13 17
21 16 78
63 40 52
24 25 11
95 92 24
75 83 91
52 77 78
78 96 10
72 93 89
21 77 84
20 17 13
32 85 67
79 23 14
3 53 68
34 49 69
7 14 96
30 88 67
27 65 46
19 26 78
85 38 86
42 6 17
77 51 38
39 70 63
2 17 55
0 3 27
85 57 49
26 83 15
90 33 83
16 16 85
68 84 46
18 70 11
35 24 31
22 15 51
96 70 59
81 73 23
6 73 88
81 69 28
21 28 77
46 93 90
64 63 12
0 67 30
31 62 25
87 4 73
9 3 57
92 33 93
82 12 98
59 32 66
90 99 30
16 38 56
33 83 51
52 91 33
76 14 35
93 20 67
17 54 93
77 38 19
85 15 80
90 68 83
14 64 3
22 35 23
16 82 89
88 32 91
68 61 14
0 74 34
82 99 36
73 36 7
5 38 9
50 76 65
51 65 20
74 68 76
41 71 28
12 26 42
7 2 73
81 56 75
64 46 14
21 13 56
10 34 52
17 67 48
96 95 19
50 28 46
99 93 93
85 48 7
83 7 42
63 46 89
72 11 35
35 66 52
35 58 1
17 49 64
66 41 63
45 57 24
5 72 87
80 55 74
8 73 10
58 39 59
48 63 73
25 92 37
57 28 32
68 62 71
4 41 18
59 53 39
38 45 60
53 78 0
94 52 61
66 89 82
54 45 84
11 39 83
28 43 38
37 20 31
37 74 76
48 20 54
48 62 74
11 4 57
76 84 81
49 13 18
23 57 13
34 69 69
29 32 67
26 40 7
47 94 85
26 0 69
34 20 6
42 60 86
68 68 7
44 88 36
97 77 22
51 81 8
21 35 26
72 66 81
12 47 11
61 90 65
32 69 69
23 50 75
97 76 87
30 8 85
10 77 18
3 5 56
89 70 93
39 55 32
46 83 81
42 10 0
77 70 26
65 95 95
15 67 55
18 13 82
90 84 70
91 84 28
44 52 70
37 34 57
62 12 35
66 29 86
74 22 12
92 91 44
90 44 75
22 10 27
41 40 94
70 88 62
7 2 42
85 0 12
72 55 46
12 98 24
19 57 70
79 71 97
95 5 45
0 1 75
44 40 70
61 0 88
17 98 45
61 65 89
48 99 36
17 79 88
91 80 52
85 7 62
89 70 65
63 43 17
13 12 34
83 3 30
39 21 26
95 94 58
82 65 2
97 23 72
53 41 99
42 50 40
72 72 64
19 66 90
10 0 24
92 73 17
82 76 56
25 10 89
61 96 95
16 83 66
91 13 71
30 73 97
23 92 85
65 59 72
20 26 76
98 35 52
17 95 88
70 70 45
47 62 77
52 68 20
94 55 23
59 69 40
64 9 7
1 82 34
87 45 7
38 43 80
74 37 10
43 3 87
70 73 48
49 21 31
29 25 38
99 95 95
36 31 31
61 79 60
52 46 22
18 69 58
51 73 59
61 46 78
42 15 78
8 79 45
11 6 2
66 59 71
76 37 68
65 41 97
82 80 18
4 88 81
2 17 21
12 25 43
63 32 43
1 2 75
77 29 63
56 29 21
82 70 29
42 3 93
90 93 19
7 42 93
41 10 1
38 58 84
48 65 81
95 15 25
16 33 11
83 82 19
0 66 15
82 35 55
73 38 10
90 21 38
78 13 37
57 39 41
82 97 53
23 48 64
39 48 39
11 2 55
70 69 47
66 41 7
74 37 9
93 93 49
64 79 16
21 26 2
65 42 8
79 13 88
4 62 56
88 93 52
72 65 2
31 9 84
76 89 32
8 65 93
91 9 73
62 93 72
49 10 5
24 65 25
90 81 29
61 90 81
50 73 64
5 53 31
17 72 55
1 51 7
6 30 81
53 46 81
25 2 87
42 25 22
17 70 50
51 3 45
88 43 61
65 7 6
71 77 45
62 66 33
4 29 3
45 95 40
35 56 9
80 58 4
27 64 24
6 55 95
22 34 84
67 64 39
55 80 30
22 53 33
83 85 9
54 86 33
5 15 54
9 38 75
23 56 80
53 59 56
84 9 61
39 70 2
56 33 78
14 20 46
57 13 8
26 46 21
62 41 98
44 50 33
90 91 31
35 18 42
16 97 97
12 4 57
38 97 75
54 8 51
33 62 21
38 8 39
13 15 39
8 5 57
40 30 95
33 51 71
51 34 99
2 71 67
66 60 67
40 80 86
25 6 37
13 19 46
40 10 43
9 99 23
96 73 25
64 52 35
40 71 2
59 24 47
48 61 47
85 52 1
72 47 97
54 46 75
94 60 35
2 91 75
1 91 76
26 10 19
62 73 20
82 95 12
16 48 44
99 77 83
86 32 51
56 59 68
61 72 22
14 96 99
57 79 87
81 63 41
98 43 41
38 97 95
89 5 38
95 73 49
69 80 9
88 3 74
76 29 22
55 19 24
72 91 13
49 83 44
12 73 83
79 78 33
91 52 68
80 98 55
40 48 9
5 14 2
43 23 77
86 41 86
37 53 3
28 33 98
39 76 76
60 45 77
37 18 11
72 86 59
28 24 84
27 48 1
83 49 43
14 90 75
80 71 91
85 56 63
75 23 17
38 40 27
83 61 64
60 51 54
87 36 50
90 67 84
92 4 82
60 57 51
29 25 84
67 31 10
81 95 58
1 50 71
96 53 55
46 1 5
38 90 78
49 39 65
77 23 18
6 92 73
10 69 21
10 32 51
40 93 55
37 71 62
64 57 83
57 79 23
56 42 98
15 15 90
71 67 15
34 56 61
66 19 65
65 45 65
96 61 53
65 96 66
52 34 8
50 4 46
98 97 93
81 32 34
34 35 3
17 73 25
68 89 96
81 38 54
3 79 39
85 41 88
58 11 60
10 10 5
42 23 89
13 52 94
36 19 12
13 6 75
38 78 25
1 41 55
21 79 24
0 3 75
96 19 95
77 97 83
42 11 71
47 78 70
22 96 42
32 67 34
25 5 11
49 57 24
47 61 51
63 89 71
49 1 11
96 49 19
54 12 1
66 96 92
68 7 14
64 48 65
65 48 17
66 47 94
58 79 54
98 58 38
1 94 98
26 35 11
31 97 91
18 94 40
56 12 10
17 53 37
44 23 77
0 18 21
85 64 68
48 17 44
52 71 56
91 12 55
74 64 23
71 55 28
75 22 49
95 41 87
64 33 28
79 60 98
49 9 13
38 73 5
41 19 27
22 17 78
66 44 61
16 79 60
53 4 37
59 3 75
97 42 68
66 24 86
60 62 13
99 64 54
77 46 76
48 44 30
29 98 83
22 39 9
29 66 81
86 52 82
4 99 67
80 12 61
10 72 3
50 38 41
76 15 36
93 42 32
85 25 49
2 59 7
18 3 1
81 2 28
75 31 7
23 91 84
57 63 77
90 71 71
39 6 61
19 95 79
85 8 61
26 91 42
94 11 45
0 94 71
71 28 84
82 47 63
65 13 13
58 93 60
2 39 9
72 43 70
15 7 28
71 40 21
61 85 12
85 41 36
51 55 24
28 45 27
3 20 58
93 29 72
15 98 0
37 0 76
40 28 47
76 12 71
17 19 21
61 98 89
52 81 1
6 8 49
0 93 90
55 42 78
10 88 85
58 27 71
31 75 40
92 80 21
23 79 24
69 21 11
2 91 94
15 96 98
30 28 70
55 11 61
52 85 25
38 42 27
84 10 70
86 83 39
19 45 84
96 25 70
52 72 66
61 77 94
60 86 55
39 55 17
36 66 52
75 86 48
91 40 21
8 25 25
18 9 4
84 34 30
58 28 19
72 39 22
60 78 12
21 69 27
18 70 23
70 32 25
81 33 6
11 26 44
23 22 35
74 12 72
24 8 80
54 45 81
56 98 14
8 22 50
83 38 84
62 79 51
38 98 76
64 73 69
50 20 35
62 14 97
81 52 17
35 75 22
76 22 11
0 18 23
66 3 24
87 77 27
11 94 10
9 71 6
2 90 16
28 16 31
98 35 82
24 45 84
19 17 8
24 35 23
36 53 80
59 4 87
30 33 68
39 34 51
73 29 38
46 42 29
86 99 38
56 68 40
81 60 40
88 86 36
87 82 69
14 28 71
42 60 46
21 2 49
78 0 70
83 59 89
50 14 18
17 31 14
87 2 86
28 74 12
17 38 81
99 24 7
25 81 28
37 79 25
80 20 29
35 77 79
85 39 70
63 10 83
16 72 19
53 88 16
4 42 4
66 39 37
39 48 8
69 5 50
61 55 33
10 80 29
32 6 86
16 28 81
22 77 22
78 93 68
56 22 26
18 82 12
63 81 61
65 24 53
51 41 8
77 39 82
10 37 55
3 22 78
41 38 4
80 52 7
12 44 29
38 54 18
78 48 75
87 83 71
71 73 59
38 76 20
72 71 48
40 43 78
90 11 84
41 30 66
12 6 3
13 58 39
16 43 6
64 46 57
57 40 59
52 49 65
86 8 60
2 93 38
31 97 12
69 6 13
55 69 25
78 94 46
83 61 66
59 22 85
19 63 11
59 54 70
89 44 38
57 12 9
40 3 21
27 94 99
93 82 22
16 92 56
59 38 58
67 93 84
56 16 95
68 56 97
67 40 7
62 45 88
82 57 8
75 45 96
47 43 59
54 54 84
21 74 94
56 23 35
13 70 73
93 53 60
86 57 54
97 29 62
6 52 32
2 70 88
93 78 98
11 80 28
73 88 62
55 13 2
17 72 27
46 99 35
21 28 99
37 75 87
93 43 31
26 60 90
19 59 57
46 10 84
77 16 72
9 83 30
38 84 8
97 10 56
46 42 58
64 94 91
64 47 66
80 31 44
77 64 41
18 4 32
45 39 71
64 50 31
76 51 85
1 99 32
85 17 60
85 68 64
16 0 53
76 83 61
32 16 37
17 10 67
49 63 80
11 52 34
34 8 43
61 22 85
48 49 46
84 27 62
31 38 17
33 8 27
6 97 32
11 90 20
8 65 70
58 8 5
47 71 28
85 25 61
54 8 5
39 57 91
32 25 70
81 58 75
38 85 71
10 90 21
7 87 82
81 48 64
70 11 96
0 88 23
78 3 95
66 93 84
26 56 62
42 93 24
73 75 60
87 75 28
18 71 74
57 4 19
38 5 81
42 24 90
51 86 83
27 38 23
90 78 44
48 23 13
58 14 8
0 81 40
50 25 58
48 64 37
17 55 92
98 99 11
45 42 58
65 95 71
98 88 8
55 40 33
33 82 50
50 56 25
33 54 25
54 37 76
39 41 79
4 87 65
48 25 9
65 42 62
91 62 61
62 13 98
77 21 15
8 36 25
76 6 46
47 62 81
82 84 95
61 78 15
19 57 69
46 41 57
21 81 11
72 16 74
56 17 79
0 77 97
19 94 4
85 43 44
10 29 64
48 86 28
95 76 79
96 22 19
37 31 5
8 62 32
16 42 67
40 90 79
63 78 61
68 60 71
58 96 80
27 9 46
42 15 40
85 14 81
79 24 97
26 77 92
62 54 35
0 47 66
74 42 47
29 29 3
19 20 22
96 51 42
96 26 71
42 20 26
11 30 19
39 45 61
66 47 17
94 27 19
21 42 95
75 39 9
59 23 48
32 21 23
17 82 44
53 40 97
93 95 60
73 9 29
48 34 45
96 67 2
55 52 23
12 23 43
66 94 94
26 40 6
55 19 49
65 47 66
29 28 48
75 60 25
79 5 8
64 61 71
38 53 17
2 87 64
84 82 39
81 2 14
17 9 18
93 9 73
71 10 31
49 21 34
71 85 57
16 5 94
91 51 59
71 52 4
21 25 75
14 15 1
25 80 49
43 62 10
11 52 66
70 74 58
5 82 37
85 39 83
78 64 23
93 31 1
43 26 44
73 92 14
52 81 84
67 59 66
58 33 77
45 68 37
21 82 21
59 77 59
69 29 42
73 11 96
72 87 69
8 21 56
83 61 54
90 51 60
38 44 81
67 96 51
21 24 97
7 28 68
0 5 74
27 81 25
30 62 28
69 87 61
9 99 21
23 41 7
2 72 87
67 30 90
95 37 96
15 50 95
34 95 12
28 67 81
11 74 16
54 48 40
8 10 92
80 55 29
47 54 65
20 70 84
52 18 61
3 90 2
64 1 94
88 49 28
63 80 83
73 31 14
68 72 41
37 49 86
45 39 56
47 29 40
19 11 47
14 79 3
55 24 20
40 38 2
47 61 15
68 55 75
63 84 51
79 34 23
63 68 99
51 78 99
15 97 0
34 92 31
54 69 80
77 14 1
41 38 66
41 95 54
19 93 3
20 38 58
64 43 9
56 59 49
56 10 60
80 72 54
75 10 40
40 95 55
34 2 34
40 52 94
20 5 63
28 15 55
17 20 28
82 81 6
23 20 16
56 68 26
96 34 35
73 77 98
57 57 98
38 31 83
95 69 42
66 79 82
56 59 67
53 81 87
30 72 10
80 36 58
57 85 32
45 55 22
92 16 65
9 14 73
85 28 61
71 65 25
22 25 76
27 80 55
74 1 65
74 25 89
25 67 97
66 7 4
10 27 9
78 26 22
38 24 83
80 16 28
5 91 74
31 64 25
84 99 2
97 98 21
89 69 27
91 27 11
85 79 36
1 48 9
15 97 99
73 0 42
62 96 74
88 93 32
52 79 0
92 75 20
38 38 28
81 49 90
56 53 73
58 64 79
8 13 97
77 2 27
57 57 99
80 31 70
68 96 53
72 53 28
68 51 34
80 73 55
24 15 83
73 99 31
69 74 66
85 41 17
63 57 82
74 37 8
51 25 62
18 94 6
18 91 11
48 73 15
66 81 51
63 96 93
10 36 54
84 42 44
70 17 90
53 88 12
21 58 11
19 98 64
94 19 89
38 59 6
92 81 53
0 58 56
7 3 14
20 20 21
37 26 80
98 76 22
85 40 84
14 61 6
42 60 85
81 12 82
41 22 25
62 63 25
13 6 55
13 67 64
39 39 2
99 88 23
61 54 18
52 15 16
99 82 35
90 7 73
91 54 20
52 86 58
42 18 74
71 10 35
66 60 90
57 39 57
90 57 85
43 13 70
14 30 72
77 55 64
39 4 21
34 12 88
52 93 96
67 94 53
5 63 31
42 10 22
81 68 1
63 50 30
20 80 23
10 53 48
70 70 44
18 81 4
78 73 7
86 69 64
55 90 21
49 49 8
86 65 43
50 76 8
16 91 57
25 67 25
13 20 41
73 58 77
29 31 4
9 9 17
26 11 90
65 48 28
23 4 10
44 61 11
5 55 5
20 96 80
34 16 58
42 63 9
13 78 89
28 53 58
32 76 58
84 18 76
20 41 99
59 28 61
26 38 17
68 69 8
91 17 66
51 32 90
51 15 84
98 74 6
28 88 69
42 67 40
60 66 88
65 46 66
99 66 29
47 33 44
5 96 49
77 63 22
56 54 59
51 26 93
85 76 87
31 45 90
57 12 44
86 49 29
89 66 84
95 18 25
59 98 86
76 93 93
79 15 27
75 44 23
35 19 12
7 83 83
39 43 27
5 40 64
19 10 27
72 11 7
47 19 2
47 61 6
56 57 49
65 31 23
90 69 89
8 75 80
60 78 45
11 89 35
80 83 38
10 3 58
50 94 57
62 98 89
82 62 40
74 28 1
48 79 87
73 93 36
87 48 30
38 13 41
73 65 22
21 92 52
87 90 88
70 28 87
9 50 0
54 11 44
40 93 22
85 66 89
37 39 80
30 72 46
54 97 6
69 64 43
32 8 53
49 81 62
64 50 33
35 93 13
18 10 4
70 11 97
98 45 32
41 70 89
35 72 57
75 43 23
16 6 2
36 66 51
61 4 63
20 24 64
56 44 67
95 65 79
0 36 0
71 11 95
49 61 75
31 74 98
75 86 49
81 19 30
28 32 99
9 75 68
76 31 20
24 20 31
79 94 68
20 82 82
77 72 2
48 8 12
5 3 74
13 44 86
73 32 61
94 7 77
70 14 38
85 61 64
21 77 36
26 9 45
11 75 81
39 81 39
78 31 52
51 18 35
16 19 20
27 56 2
0 94 92
49 7 20
14 93 11
45 98 33
65 19 18
39 14 42
79 95 47
15 11 19
35 90 38
63 35 87
31 14 66
22 39 31
92 80 6
48 45 69
56 10 44
83 85 47
26 64 38
71 1 12
52 46 87
39 71 91
90 0 32
26 40 21
19 94 13
81 52 6
97 28 18
70 0 8
95 19 65
32 6 87
17 93 5
18 58 81
3 20 33
93 21 4
12 18 79
54 50 39
91 5 80
82 81 19
16 30 88
94 35 34
8 1 60
48 44 70
78 16 83
62 74 69
29 37 62
35 97 13
73 21 74
70 74 3
37 42 83
82 51 16
57 11 59
48 6 33
18 19 98
46 1 2
3 37 8
85 81 38
31 99 86
85 26 61
90 99 31
90 50 30
14 99 42
35 20 11
91 74 19
26 1 69
27 53 59
39 21 9
74 71 65
92 11 92
40 85 2
94 28 73
55 13 0
80 9 88
1 18 16
95 37 47
86 86 37
77 71 31
36 8 9
15 50 24
63 22 84
2 62 49
78 19 15
29 12 99
4 76 63
75 92 75
23 18 91
76 89 31
86 58 48
2 38 21
55 17 94
64 25 30
58 98 53
82 61 39
66 4 69
77 91 2
7 36 74
89 72 71
5 40 79
92 94 18
52 14 92
58 4 24
75 24 88
88 52 31
55 13 12
70 51 26
17 91 57
3 32 97
92 74 17
4 90 43
82 70 31
50 77 88
11 92 97
69 70 46
41 51 55
67 66 40
23 51 23
31 71 11
90 98 88
48 32 25
2 66 2
71 89 79
8 79 28
51 14 16
41 52 16
86 84 39
70 75 93
29 54 1
49 21 29
55 36 47
56 12 9
64 56 82
0 45 80
72 37 78
41 87 31
59 29 65
91 24 81
78 8 21
70 1 10
4 20 58
81 75 56
59 97 70
13 89 84
75 97 77
67 30 25
18 64 83
81 39 54
30 55 80
25 27 24
24 81 50
81 17 48
99 46 79
61 34 42
97 22 84
42 85 53
84 6 27
10 63 33
33 50 44
55 41 79
96 32 31
56 79 86
53 53 83
62 39 46
68 31 9
83 46 4
34 18 85
51 8 44
54 78 32
25 71 1
54 53 23
88 49 91
97 52 44
55 78 32
12 20 26
46 15 46
42 93 5
37 38 38
49 48 79
63 71 64
64 85 70
64 45 17
26 93 76
60 83 30
96 87 0
68 59 95
37 97 43
32 99 87
37 95 96
66 92 82
60 71 22
50 4 72
91 1 33
26 94 0
96 48 21
2 44 50
32 17 22
63 10 85
13 43 36
62 17 43
34 92 93
61 90 64
74 96 69
74 82 91
41 93 32
43 15 40
95 93 57
42 27 73
19 51 42
9 94 50
86 63 42
71 95 14
54 21 28
26 60 13
5 92 58
60 66 90
28 11 45
40 45 61
92 41 32
74 19 79
23 51 67
99 72 8
8 57 86
72 65 81
82 3 29
94 13 24
62 15 3
54 89 21
19 52 49
15 93 26
93 27 17
72 69 47
93 75 55
0 6 45
28 89 18
20 75 99
20 54 17
39 9 64
16 30 13
67 99 69
71 67 82
96 15 24
14 71 72
9 80 44
63 73 70
20 33 95
81 18 63
34 78 78
17 80 69
97 74 85
32 39 17
13 14 34
7 52 99
83 76 31
96 87 94
7 24 26
21 49 36
52 66 20
44 11 23
73 43 51
76 11 57
49 59 98
35 9 84
86 4 51
46 39 55
49 64 74
29 59 70
67 30 85
42 54 93
83 9 71
3 75 63
72 99 32
75 82 93
40 41 25
46 86 47
14 97 24
26 95 1
3 87 65
77 20 16
46 60 48
75 50 85
81 94 13
35 56 2
53 61 96
74 23 18
15 71 99
25 14 12
2 32 98
10 69 32
33 81 49
82 62 66
15 91 57
19 72 47
76 69 63
73 15 69
3 41 68
11 92 10
86 49 54
89 9 87
62 75 95
25 37 6
67 42 66
89 8 87
64 22 87
66 46 30
45 80 3
63 70 99
32 36 36
44 84 46
67 59 96
78 44 26
8 30 20
38 71 61
52 83 73
43 95 22
89 87 35
16 13 21
88 58 37
69 54 27
54 29 81
40 78 1
67 42 38
42 91 4
73 68 48
99 67 96
45 5 72
58 20 16
0 51 1
62 57 34
87 3 87
7 98 22
1 17 17
30 58 69
70 65 27
34 6 87
21 59 93
19 29 19
3 16 55
25 4 37
31 86 69
34 19 13
63 80 60
25 7 39
30 23 25
45 23 56
69 63 59
15 8 27
93 20 38
89 95 13
25 52 69
45 41 85
71 0 11
65 23 84
18 67 91
78 21 17
15 70 17
51 66 21
40 86 14
24 13 13
53 48 4
94 74 50
29 16 77
94 77 92
62 77 96
28 15 12
57 58 47
45 95 16
96 72 24
91 53 69
55 21 27
46 60 50
32 21 96
67 24 88
90 73 70
66 6 5
1 17 16
78 29 43
50 4 70
15 83 90
22 15 77
36 13 85
92 45 6
47 62 7
1 49 8
33 92 50
57 26 4
0 73 66
62 2 75
64 31 21
50 58 25
33 25 79
92 26 16
79 80 27
26 56 1
5 77 11
81 97 54
40 35 52
26 82 26
27 23 83
64 51 32
92 21 13
72 51 4
47 59 38
37 39 28
4 16 53
31 76 40
9 56 9
51 13 18
86 49 43
69 69 16
43 60 45
6 62 28
28 92 34
11 92 63
67 7 4
95 46 53
21 16 3
92 51 67
9 2 59
87 31 68
45 30 14
58 0 30
62 89 16
31 17 37
13 22 89
6 44 6
1 85 3
95 61 21
15 68 49
66 32 10
59 3 25
27 99 81
69 69 83
17 3 83
12 47 12
13 42 51
50 12 14
28 74 60
7 21 94
89 84 71
75 78 88
54 42 32
72 74 60
47 41 57
98 72 26
73 14 70
64 46 17
29 27 50
0 87 50
72 84 58
25 36 58
25 22 3
2 60 1
85 86 1
53 86 68
41 4 96
16 70 73
93 17 64
80 33 21
58 83 41
96 12 96
53 58 55
20 95 14
74 97 68
19 20 44
23 67 52
41 59 47
47 43 30
0 90 76
81 17 29
49 98 38
60 18 82
33 96 11
37 15 24
9 50 57
18 90 10
35 96 13
73 52 5
67 80 40
5 85 44
80 21 4
91 40 63
76 62 23
5 44 73
89 48 96
57 13 83
20 41 10
91 23 40
39 7 62
50 99 10
67 77 31
13 2 57
9 3 54
31 51 69
22 39 8
25 22 89
75 80 80
57 82 29
48 79 71
16 46 0
98 52 28
51 17 62
82 48 90
75 36 9
41 25 33
34 60 61
66 30 24
67 47 65
64 56 9
41 54 58
86 49 70
84 98 3
45 71 18
63 46 14
76 15 73
91 12 58
62 33 43
98 28 64
19 89 8
80 65 88
65 61 12
80 13 87
38 48 87
18 70 10
65 79 88
25 39 6
68 1 39
83 92 98
3 42 86
39 91 80
20 39 59
8 22 12
73 0 33
84 38 84
99 54 79
3 78 38
48 55 2
53 73 48
54 53 26
58 16 73
44 92 23
9 55 36
37 43 82
12 14 38
61 4 35
19 14 59
55 87 55
77 9 22
57 96 15
38 71 62
82 71 94
37 73 68
15 47 43
48 0 36
35 67 51
50 14 83
7 31 72
34 83 60
0 88 51
48 36 26
25 8 79
78 0 54
19 74 0
10 27 98
85 8 73
75 11 21
20 16 77
30 74 39
57 45 42
60 66 12
39 42 78
84 27 60
80 69 97
47 99 29
96 15 28
39 53 17
38 41 27
50 78 43
16 30 40
55 98 5
79 31 20
59 15 73
4 41 80
77 70 28
59 43 96
23 21 31
74 80 82
93 56 24
52 28 55
17 23 56
24 91 37
42 42 24
58 1 15
0 71 9
32 91 93
68 74 67
5 62 91
39 71 61
36 55 7
33 46 38
82 11 61
34 17 72
31 58 95
49 95 1
74 64 96
25 19 57
81 84 7
19 83 89
35 38 41
34 93 49
64 31 25
13 3 58
72 75 2
51 77 89
97 35 29
18 70 22
92 95 16
96 52 21
84 70 66
71 85 18
92 61 99
94 74 49
13 21 9
74 69 45
79 95 44
48 2 87
6 92 91
12 43 29
67 37 93
88 5 39
72 76 98
51 14 15
0 22 85
16 96 87
1 63 94
46 69 36
86 52 0
79 7 21
59 63 80
24 46 57
33 98 90
90 53 73
25 87 18
17 56 70
45 43 43
68 27 88
16 72 28
6 3 15
30 2 99
2 62 68
12 45 69
51 47 23
75 12 33
85 36 93
66 43 38
57 12 84
49 13 16
96 34 47
22 17 80
15 44 42
52 14 10
7 0 55
66 29 88
14 7 23
52 47 80
5 38 10
46 2 70
85 4 31
95 83 89
99 35 81
91 68 82
48 72 28
84 97 36
27 75 0
5 43 5
64 33 56
20 31 40
97 66 29
34 90 69
77 48 45
91 27 72
16 81 88
66 2 40
12 51 94
72 51 28
9 79 63
90 44 38
15 28 2
79 12 98
48 62 80
40 71 33
66 48 29
80 22 14
28 52 57
67 52 35
80 32 31
1 59 6
78 31 21
82 29 75
72 92 87
22 26 74
58 12 9
29 66 93
6 15 54
3 92 36
63 9 65
81 56 33
40 95 92
55 45 83
25 15 14
19 9 67
27 25 14
65 55 82
9 1 20
74 29 0
29 44 39
20 82 83
50 44 12
68 95 28
57 33 40
33 60 61
31 57 67
16 81 42
69 31 26
31 13 67
72 93 88
80 24 15
17 56 97
39 26 91
31 60 45
68 85 81
9 63 96
46 43 65
72 49 28
94 41 29
42 26 0
35 95 0
18 83 74
83 70 94
61 65 32
14 3 54
58 95 16
89 62 83
35 22 50
52 8 45
96 67 33
96 61 54
53 53 25
3 38 20
72 89 61
46 18 16
29 54 58
60 78 13
37 65 50
65 81 40
69 12 92
4 86 83
49 6 18
22 54 16
39 90 79
47 24 13
16 50 96
27 47 26
24 71 34
11 35 54
85 39 89
40 81 85
13 62 7
26 8 78
5 77 92
96 64 80
83 44 44
83 12 97
4 62 32
41 28 48
73 48 96
39 32 24
32 97 91
28 91 64
11 64 33
69 41 31
87 26 89
81 75 26
83 83 94
29 39 85
30 84 56
43 52 68
12 2 76
99 80 40
94 80 99
31 69 70
2 28 4
95 35 33
50 78 88
60 91 65
34 59 61
51 76 92
89 3 73
61 90 17
89 10 55
6 46 63
16 80 96
54 67 82
51 76 36
35 92 87
14 79 89
94 3 27
20 27 77
37 49 22
93 20 90
72 14 68
31 45 39
71 54 45
77 27 20
71 23 81
34 50 11
92 24 14
39 31 96
99 8 11
78 9 88
13 82 91
14 69 72
93 67 30
42 88 85
60 23 46
83 56 7
16 6 4
33 67 38
28 11 44
71 56 29
66 52 35
80 58 8
75 10 97
96 12 49
64 54 34
42 70 98
36 91 38
33 74 57
60 69 45
56 22 0
46 33 23
71 89 13
70 24 12
10 31 21
97 77 11
64 59 4
90 94 31
43 91 36
34 15 86
44 93 59
61 79 16
17 19 91
8 51 0
9 78 80
18 90 32
93 50 67
34 23 88
25 59 10
23 96 31
40 48 38
95 3 44
98 74 23
31 47 69
14 33 61
95 19 96
32 14 46
98 25 9
24 19 4
58 64 77
17 42 66
39 72 3
93 36 17
91 11 57
55 87 34
93 28 52
48 27 99
51 25 94
12 6 4
65 70 1
88 29 17
11 11 52
25 47 57
97 0 11
26 93 99
31 54 81
65 50 54
26 72 59
18 84 88
93 34 34
80 32 43
97 50 19
71 99 7
66 63 13
74 22 48
95 27 20
94 88 6
7 43 26
93 16 64
4 62 69
3 71 68
39 36 91
33 92 56
73 87 24
10 51 57
17 50 50
11 16 51
2 92 94
4 76 11
23 67 11
48 58 37
59 54 39
7 5 31
33 67 77
77 19 14
87 49 82
99 87 58
80 93 13
72 35 91
80 66 25
24 29 16
97 52 63
73 31 63
65 79 41
47 51 11
17 71 73
48 7 19
95 27 72
9 71 34
45 22 55
41 26 32
58 64 59
41 92 53
83 81 71
43 66 90
25 70 2
77 98 91
53 21 28
39 16 85
67 99 68
64 69 0
66 45 61
31 19 19
15 60 0
72 3 62
66 23 87
71 24 95
81 69 1
28 98 36
73 93 15
75 64 54
16 29 3
89 67 85
65 29 87
5 29 97
39 7 59
3 77 13
96 23 84
63 1 29
53 37 55
61 79 44
80 58 3
17 77 41
89 88 43
35 91 94
51 47 79
97 74 24
29 42 38
30 63 15
10 38 55
51 80 8
66 63 44
95 53 54
61 26 47
30 67 15
19 80 14
92 94 15
95 50 68
14 12 19
94 38 97
21 34 94
61 56 85
0 64 28
33 88 48
36 85 76
33 82 19
78 0 69
87 44 85
35 9 44
36 80 81
59 31 65
78 49 57
36 56 8
8 1 54
10 74 80
99 13 39
1 93 96
42 93 53
85 47 28
32 41 70
77 44 25
36 18 62
52 80 2
33 71 90
79 99 39
73 41 92
81 31 21
39 10 80
22 34 94
11 40 43
64 21 33
87 59 36
53 13 1
51 8 91
66 12 15
51 72 55
73 1 7
82 9 87
5 78 46
9 57 34
78 30 63
7 78 62
46 94 17
69 20 37
11 71 23
66 56 8
64 0 93
98 35 88
38 86 31
33 27 67
16 53 36
88 41 98
35 32 31
9 19 51
98 66 55
47 11 12
15 13 22
56 3 69
64 84 71
53 54 24
31 34 35
50 47 78
69 63 42
84 21 81
41 23 23
65 52 33
1 92 75
74 45 95
31 79 72
11 51 53
92 14 80
84 71 18
94 22 4
2 90 75
2 84 37
50 82 18
67 96 91
96 96 82
38 23 17
25 71 3
95 35 34
43 89 8
90 95 18
32 78 73
53 82 81
73 64 21
44 49 79
9 2 55
55 1 60
10 11 51
30 45 40
47 61 48
37 41 36
31 0 62
9 64 94
48 51 91
7 1 19
63 67 81
24 19 92
79 96 10
42 94 4
72 91 78
45 36 66
5 88 80
91 43 15
55 44 84
49 78 11
56 38 94
44 47 79
5 61 76
94 12 98
48 4 72
16 55 98
30 40 84
88 67 85
62 78 49
73 91 92
16 33 10
11 8 74
87 24 97
53 15 11
44 68 51
39 42 26
8 5 31
54 31 25
63 45 41
87 41 76
52 46 75
46 92 23
71 57 30
17 32 11
69 49 8
69 10 98
5 20 38
20 80 13
63 87 75
91 93 93
67 92 6
11 21 40
70 68 9
1 17 3
58 28 59
4 95 49
97 96 24
22 62 74
44 75 73
38 29 1
73 89 15
52 97 21
78 31 44
20 35 27
57 63 78
5 19 45
21 83 56
16 81 89
3 37 19
40 9 80
58 8 68
33 83 87
74 65 70
73 70 49
13 74 83
99 93 18
88 94 33
42 28 72
28 26 68
97 34 29
55 15 94
92 34 89
81 13 61
74 91 32
31 20 24
0 33 60
32 85 68
35 14 86
78 42 71
22 83 21
69 58 92
31 9 35
51 5 80
7 23 67
19 92 12
80 96 55
27 92 65
97 15 39
94 17 26
78 12 99
91 59 19
49 28 40
20 93 51
52 53 20
67 57 91
97 76 78
3 28 91
15 94 25
68 29 85
87 44 62
25 16 85
67 56 94
8 64 71
89 28 67
89 95 95
1 89 14
23 21 34
51 35 29
86 56 54
47 65 82
8 65 47
96 33 47
70 32 24
8 10 22
10 78 19
45 44 93
1 51 70
15 39 79
52 36 0
5 83 37
65 10 83
64 84 14
83 49 33
31 26 50
81 31 70
11 85 23
39 2 6
17 71 9
80 61 98
24 14 13
84 49 41
66 38 4
76 80 32
38 50 87
73 9 52
90 68 86
30 39 13
81 13 97
15 6 93
63 42 9
37 91 36
11 50 95
21 77 83
97 34 94
9 0 53
30 10 36
50 63 52
52 70 55
84 17 75
79 16 54
55 63 78
26 28 58
65 62 12
63 45 67
5 79 12
89 65 46
2 11 20
8 50 39
19 16 12
37 14 86
80 96 47
75 87 34
34 84 53
23 56 14
13 57 39
37 3 36
29 70 55
31 63 27
74 8 30
6 59 36
55 44 82
36 19 60
91 43 16
62 13 36
87 3 43
59 10 59
66 19 27
73 45 10
39 10 0
47 44 43
29 0 61
48 60 39
82 89 27
10 26 43
7 34 52
83 45 32
30 98 92
84 60 65
35 50 70
71 12 34
47 85 46
34 28 66
19 72 11
60 78 93
84 55 9
67 38 5
54 36 76
9 77 17
64 87 71
40 17 14
79 32 45
18 12 28
6 77 49
31 62 6
44 4 29
11 90 65
91 72 68
5 20 57
28 47 95
56 40 87
93 25 15
36 40 37
12 40 70
23 67 16
27 32 0
10 93 63
93 80 79
56 55 72
36 41 84
25 87 19
71 14 58
38 97 84
36 4 35
21 47 38
69 50 53
59 84 31
40 56 16
21 42 24
24 34 38
19 89 34
66 47 63
13 21 43
58 77 47
27 68 82
61 38 46
59 3 24
97 48 18
83 56 9
73 30 90
27 16 54
48 29 41
34 24 30
26 0 63
86 12 20
87 11 21
38 53 3
74 51 4
69 5 47
17 3 3
16 7 93
51 20 78
60 38 70
53 94 95
15 93 29
86 81 91
25 65 24
92 52 60
39 49 10
31 79 57
94 33 88
7 67 71
21 83 84
39 60 6
61 97 74
53 94 11
36 20 59
45 56 25
60 98 87
55 7 51
18 71 13
45 22 79
85 87 1
38 8 63
72 39 10
18 48 63
68 67 8
16 95 25
23 25 71
19 96 16
20 78 8
18 38 82
80 57 68
13 34 60
69 1 49
45 34 27
38 92 55
18 70 14
35 28 65
85 12 70
87 2 74
75 82 92
19 83 2
82 98 54
38 22 49
5 60 54
64 74 75
42 69 89
2 83 68
10 50 23
22 22 56
51 82 52
56 40 96
64 10 65
57 36 76
5 92 74
19 62 9
16 43 29
46 33 46
51 7 79
48 5 16
93 92 57
41 92 4
95 35 48
75 25 30
12 30 63
9 21 51
20 23 67
16 98 80
97 39 57
78 99 90
70 75 50
93 31 0
16 97 99
11 76 16
90 11 55
11 42 43
51 88 3
56 39 58
53 57 84
13 21 26
75 18 79
61 22 76
48 2 11
5 47 62
44 45 94
77 8 87
28 1 55
30 44 24
63 8 86
93 93 59
3 25 35
10 56 72
52 26 58
40 32 95
15 83 65
31 22 24
87 66 43
30 57 98
29 48 95
23 14 55
30 65 82
30 36 63
79 28 23
9 79 28
8 68 70
89 94 97
30 38 62
11 52 48
43 89 37
36 98 44
20 94 14
9 6 30
88 69 64
71 74 2
34 6 54
44 43 25
57 30 0
9 78 29
43 21 70
37 16 0
49 64 81
13 77 58
33 44 56
17 52 99
24 17 13
88 47 80
60 68 45
55 9 44
31 72 59
50 53 6
92 52 67
58 41 95
65 25 17
70 64 45
32 40 15
28 26 37
40 94 33
44 47 92
56 34 13
44 46 92
2 83 35
10 3 56
65 47 18
36 34 64
31 49 65
41 84 2
78 16 27
89 98 29
76 29 68
9 94 10
72 30 67
33 90 93
70 11 11
62 93 48
1 56 66
85 33 52
62 23 84
83 50 72
61 47 79
55 52 58
70 55 28
42 52 59
47 41 30
10 85 49
6 0 67
91 46 25
8 68 69
97 36 30
2 20 58
0 55 78
4 58 9
68 24 87
1 18 57
40 87 15
13 0 30
8 30 44
51 43 11
73 63 20
50 22 77
82 96 57
69 65 79
25 43 75
11 91 47
21 24 64
58 83 30
25 29 59
8 69 22
78 31 8
27 8 31
71 14 57
18 82 73
2 63 67
31 4 52
44 9 69
66 48 65
86 49 42
39 30 30
25 64 47
31 75 57
15 4 55
44 31 15
52 47 22
26 39 22
23 51 76
66 95 52
2 72 78
3 42 69
23 19 33
35 18 59
17 71 24
26 98 81
1 86 21
74 13 34
26 91 65
30 58 66
2 39 18
32 39 62
32 75 56
80 94 14
55 88 22
19 70 56
13 0 29
72 8 74
14 51 95
34 91 97
1 30 54
18 47 62
67 48 93
67 81 80
73 76 61
14 95 18
60 63 15
95 81 58
55 10 43
37 75 86
5 61 55
3 28 87
20 62 75
33 16 92
28 54 77
17 83 53
39 3 3
87 50 71
14 46 30
34 4 87
82 55 83
74 84 92
51 55 2
91 19 44
11 30 63
41 4 22
61 84 30
37 87 63
64 51 84
80 35 57
63 90 79
53 45 86
51 12 15
51 76 91
33 9 44
99 65 28
6 3 74
92 12 59
78 65 53
28 57 95
66 64 40
61 57 50
92 42 95
0 19 40
58 12 7
63 14 99
29 26 69
24 6 10
52 31 48
46 80 77
16 77 40
77 98 83
87 61 50
82 53 59
67 4 31
43 42 25
24 81 27
22 84 85
93 66 11
70 90 12
12 39 83
40 91 79
76 73 1
78 74 80
24 4 37
23 53 15
62 80 59
2 10 84
6 50 36
85 39 85
13 98 23
32 46 69
33 4 88
91 2 57
17 29 13
2 93 27
54 98 26
98 14 50
71 66 28
44 32 14
93 60 99
54 45 75
6 80 3
69 25 13
25 94 14
92 81 11
88 69 92
19 40 98
47 23 13
24 42 7
91 12 41
83 62 42
41 93 34
17 65 50
10 1 54
56 31 93
57 17 96
56 99 6
38 11 8
87 43 86
30 22 85
63 33 79
40 90 57
67 92 58
5 24 62
73 85 58
92 23 41
9 95 14
71 28 86
27 94 75
61 27 47
50 3 57
60 99 90
21 40 9
7 71 85
82 9 61
16 43 87
44 13 70
74 86 24
0 28 57
25 15 84
80 93 32
89 2 7
30 8 84
62 68 17
78 33 22
87 68 64
11 76 42
46 63 76
94 81 0
70 73 93
46 38 54
39 2 7
68 47 92
71 94 89
30 80 93
7 49 57
78 13 38
71 54 29
62 11 85
55 51 59
72 87 4
23 33 24
71 30 26
10 49 1
22 80 25
86 48 76
34 74 28
89 89 76
94 93 57
9 24 26
36 48 23
8 98 22
18 29 4
29 55 21
55 99 39
16 27 1
91 92 73
1 53 67
2 67 4
44 88 37
14 92 75
70 72 92
76 27 42
99 53 51
5 5 76
14 21 42
54 12 74
39 79 39
15 58 38
34 35 53
76 20 12
86 63 17
68 7 21
67 96 61
55 23 1
80 7 84
46 81 52
32 88 69
58 97 53
37 38 90
90 92 19
22 57 12
15 87 23
87 87 86
26 36 60
45 23 78
64 67 80
97 45 33
10 17 20
97 60 49
34 21 6
94 11 95
15 84 71
65 24 2
75 93 2
63 79 58
51 50 34
6 42 1
84 70 47
49 31 89
84 20 93
75 90 31
32 56 60
11 21 4
48 88 9
35 2 64
82 86 53
7 91 90
32 52 68
5 78 38
60 62 81
96 10 25
12 5 3
54 43 77
28 16 48
75 74 95
41 94 92
85 80 37
18 2 47
79 71 91
65 14 93
13 96 17
56 53 68
14 0 68
18 96 17
61 11 78
98 52 62
57 29 30
20 92 68
47 75 41
53 48 64
52 33 58
94 35 88
53 7 15
32 97 12
49 60 76
38 7 59
0 35 40
15 98 1
23 23 85
73 90 13
32 47 88
54 14 12
25 20 91
9 78 1
24 36 5
41 24 84
33 7 52
24 19 56
16 14 82
53 76 78
27 44 38
7 7 90
81 8 85
14 45 87
45 63 76
88 83 70
82 61 89
28 39 29
50 8 45
74 98 31
36 40 85
43 67 39
29 24 39
39 0 70
24 6 38
93 29 35
10 29 19
36 74 20
4 24 61
76 22 16
48 74 70
20 96 15
56 46 41
62 70 65
98 32 96
99 30 65
76 81 36
30 8 34
3 42 5
93 61 49
8 44 31
96 4 44
64 44 67
28 51 56
19 29 11
14 78 52
90 0 96
62 10 86
92 30 73
14 58 38
41 60 54
54 14 14
32 63 21
88 68 28
79 4 71
85 64 43
68 88 94
30 44 89
67 57 92
78 61 23
99 95 92
88 49 71
37 70 8
51 42 98
49 40 65
4 78 12
65 92 83
50 82 8
69 29 86
73 30 49
10 94 12
20 93 4
92 20 66
95 93 25
21 81 22
27 68 94
0 83 34
40 25 90
7 78 47
2 19 58
86 69 65
9 63 60
87 66 84
78 95 45
93 51 62
65 45 13
43 94 22
49 74 69
64 44 66
46 25 82
69 33 61
33 95 23
58 31 89
91 22 39
70 12 97
25 89 63
33 71 44
97 68 88
43 10 70
90 38 91
87 49 28
70 29 85
39 52 55
8 2 72
38 3 7
30 55 79
85 74 71
47 2 72
92 94 17
85 97 2
56 52 86
44 66 18
75 21 11
0 87 1
67 61 44
86 57 50
92 92 59
99 50 31
56 56 98
58 1 74
76 88 33
76 70 28
73 5 73
11 89 5
8 76 79
57 54 71
16 59 0
87 51 82
67 8 20
14 67 64
31 72 48
67 48 64
61 18 42
89 55 71
56 26 5
19 16 5
68 89 32
66 80 40
95 34 89
25 15 12
76 27 74
11 37 25
30 41 78
83 4 29
62 28 52
52 67 19
58 95 74
62 6 61
82 57 74
98 39 85
45 59 4
92 34 94
57 13 7
12 24 26
52 35 99
68 39 6
77 32 22
86 64 97
14 70 5
29 62 45
68 62 42
57 99 30
15 33 63
7 32 2
61 63 14
23 69 32
27 92 99
49 36 27
29 67 46
78 50 76
1 92 39
61 42 97
42 14 71
4 39 20
14 82 64
92 92 50
98 35 79
61 62 26
77 79 33
66 35 62
52 37 0
12 29 89
46 25 81
80 32 19
53 23 92
43 10 22
33 7 59
9 20 83
22 66 52
30 59 96
93 80 80
52 83 80
58 86 33
93 79 99
38 76 88
59 40 71
79 56 93
44 7 69
47 44 59
50 14 17
99 55 79
11 77 17
15 79 88
87 82 32
36 65 85
8 95 49
3 78 44
93 94 58
65 74 85
33 46 88
99 5 88
56 75 81
33 68 32
92 52 61
2 37 41
97 47 56
47 77 68
22 14 55
75 7 29
67 37 8
36 10 10
87 85 37
43 5 74
28 56 22
82 23 47
80 29 48
17 30 20
53 84 44
26 92 36
98 6 10
74 38 11
9 53 79
48 57 79
23 24 59
53 98 71
93 2 34
6 49 89
51 77 7
84 92 9
92 93 59
55 43 57
86 71 19
44 72 17
40 52 17
80 88 77
75 64 95
3 18 55
12 59 57
95 23 39
39 53 54
1 6 84
26 16 11
10 77 1
20 40 8
43 93 23
39 91 56
54 74 68
13 95 99
30 13 13
73 97 70
3 46 87
33 35 54
65 40 96
36 15 98
15 47 30
92 47 25
33 67 93
30 96 91
43 30 89
97 24 71
72 89 60
63 56 35
24 78 36
50 12 17
35 85 54
77 26 66
31 35 36
96 94 59
38 39 38
30 24 84
37 81 82
17 68 49
90 40 92
1 66 5
6 5 99
77 7 88
6 63 22
84 5 28
93 8 16
70 74 49
81 75 25
54 4 99
46 87 9
16 55 70
54 88 16
25 38 7
42 34 6
42 70 34
97 34 81
90 27 17
30 74 56
19 99 66
7 74 10
59 63 59
83 20 31
34 63 25
6 35 73
31 76 55
18 4 8
1 74 65
49 52 91
44 5 73
73 38 76
4 42 70
67 68 26
11 31 51
10 78 29
45 93 23
8 36 90
85 9 60
70 22 11
2 34 83
47 88 10
32 17 21
38 40 1
91 39 61
38 28 13
53 82 69
66 60 89
21 4 64
52 29 48
90 89 44
3 88 50
5 77 67
57 99 52
20 2 46
58 37 23
85 70 65
0 75 92
77 95 47
57 3 25
32 79 71
95 12 94
48 6 17
12 39 84
11 48 0
16 83 68
49 3 71
82 55 59
6 62 31
36 37 61
74 0 65
94 7 98
45 92 23
64 27 82
47 93 24
53 92 98
67 59 72
84 76 31
46 89 96
96 28 20
7 15 97
57 21 16
5 85 83
0 50 6
56 72 91
75 25 87
53 10 44
30 49 65
43 55 90
11 79 30
63 74 76
89 79 43
18 52 83
99 67 30
69 67 9
33 67 33
41 44 74
83 10 60
65 13 14
8 0 20
17 5 3
85 13 82
33 51 85
41 57 93
70 81 9
26 69 19
48 84 45
25 82 26
59 70 8
22 77 36
1 66 3
2 43 24
76 56 65
83 11 86
87 70 63
33 55 61
18 11 46
40 53 93
44 70 35
56 10 62
16 61 79
60 63 79
91 47 6
99 27 64
73 92 90
1 46 98
76 51 84
80 30 20
89 39 92
70 18 38
40 93 92
98 75 86
8 9 95
20 32 92
50 77 6
72 46 9
0 93 44
71 33 26
50 55 3
57 83 20
0 26 65
91 67 52
7 0 53
63 68 80
86 11 97
35 78 12
49 5 15
75 30 0
65 32 22
91 82 52
6 35 88
33 38 93
39 49 38
0 13 9
61 2 77
27 10 44
52 54 23
94 66 29
65 34 55
48 3 57
66 48 94
60 54 40
81 40 17
77 25 18
65 86 70
15 9 27
91 74 71
81 85 94
53 45 76
96 58 61
50 19 34
67 67 79
28 66 94
76 62 64
9 21 49
52 69 96
71 52 43
19 16 8
69 0 9
97 48 20
42 61 41
43 4 74
68 6 12
25 81 49
9 28 44
65 8 6
71 50 27
91 81 54
59 28 71
51 78 1
17 31 39
41 92 23
71 2 61
35 62 3
5 52 31
87 66 42
21 63 74
38 37 91
22 50 66
99 92 89
4 14 67
10 31 18
16 69 17
62 70 99
34 35 74
11 41 43
7 35 89
79 51 62
47 67 13
95 12 96
86 42 87
82 18 30
88 50 70
82 98 36
45 87 82
32 5 36
42 14 39
7 16 96
29 69 12
84 96 50
48 21 33
38 48 86
74 21 11
15 87 25
65 68 85
45 92 78
49 86 34
25 10 91
15 71 20
68 45 75
90 68 89
23 27 7
15 20 47
52 93 50
61 22 77
6 81 4
78 71 29
28 65 80
62 64 53
81 98 53
95 8 59
78 33 81
69 63 41
14 22 8
75 10 20
63 70 66
2 24 25
31 87 70
65 51 36
27 32 98
16 48 87
65 75 33
24 19 32
8 8 91
48 61 19
71 88 62
18 19 22
73 45 8
15 67 52
75 14 74
92 33 12
0 93 97
80 7 33
42 96 53
43 51 40
29 54 78
84 71 64
27 90 44
22 50 24
38 96 95
74 75 60
99 26 6
57 93 67
93 44 7
57 95 75
31 71 31
46 34 45
79 49 58
17 37 57
50 99 39
26 43 73
94 14 24
38 64 50
36 68 50
51 22 37
50 7 62
18 67 49
59 82 24
24 91 44
1 33 83
48 12 5
82 45 37
39 58 83
6 53 33
59 42 96
23 55 15
46 1 71
91 44 37
6 67 71
27 77 1
91 7 70
27 7 55
53 8 46
5 76 46
17 82 67
93 20 13
15 59 38
83 36 31
98 32 95
73 8 31
31 4 77
4 61 91
49 78 47
28 66 45
49 21 76
72 89 14
11 99 25
53 35 63
78 90 29
18 63 8
3 71 87
38 8 42
17 13 81
81 12 99
11 26 8
4 18 56
7 31 1
73 38 22
76 9 21
34 73 58
31 23 44
74 42 93
58 11 61
71 52 27
52 42 9
95 36 47
50 80 63
15 50 94
91 47 5
15 29 14
15 36 80
42 26 43
85 41 85
76 31 21
56 69 84
97 27 76
43 62 24
18 87 38
12 70 73
46 4 71
31 41 94
12 62 8
13 13 33
21 15 51
47 4 55
10 93 11
95 20 97
51 95 11
69 66 28
9 37 91
19 47 21
95 49 19
41 96 91
27 86 77
97 13 50
38 19 11
14 13 18
20 51 43
35 15 28
99 53 29
73 43 48
55 41 97
26 90 43
38 75 76
5 60 74
62 41 97
56 54 72
99 0 10
86 46 86
73 42 71
42 62 8
76 22 62
43 47 91
65 48 19
97 12 92
33 47 68
37 15 85
51 95 94
68 88 16
32 68 92
73 97 30
37 21 49
56 35 90
77 36 28
92 39 64
14 91 74
94 53 54
29 11 36
50 24 59
72 80 64
8 35 54
13 20 43
1 41 98
56 62 78
82 81 72
78 71 38
20 53 49
58 51 12
81 76 75
92 7 77
40 25 85
78 98 90
41 70 34
85 66 42
68 4 48
35 39 40
92 7 71
54 87 67
46 79 69
13 62 5
27 99 69
11 45 22
37 54 80
43 68 90
11 63 89
55 66 62
80 76 27
1 63 28
1 95 45
43 48 53
55 16 93
41 49 41
48 18 44
10 98 26
51 95 50
29 19 24
38 87 48
97 29 64
21 19 22
6 69 41
11 54 58
88 48 81
67 65 41
45 98 34
76 79 79
29 97 90
62 68 98
81 57 31
93 81 22
2 52 69
8 72 86
91 12 91
5 87 82
44 95 38
85 32 84
61 54 71
65 8 62
22 27 47
62 15 2
69 59 96
74 69 49
28 25 36
65 94 91
43 23 71
10 76 80
99 65 55
2 35 84
32 63 5
38 68 9
2 71 78
59 16 67
89 4 13
1 93 95
20 61 31
48 41 49
98 96 93
17 61 80
28 18 24
83 60 90
20 81 12
3 76 81
82 37 55
25 19 90
65 23 53
48 20 75
74 65 95
43 88 85
8 84 31
77 17 53
56 11 63
97 8 86
22 34 25
51 78 79
15 70 21
68 57 93
67 70 44
65 21 61
12 74 82
74 51 86
92 68 82
40 70 90
18 12 83
18 84 52
0 94 94
76 32 44
15 39 23
56 0 5
83 36 56
26 16 12
49 22 77
92 9 77
29 18 77
94 31 23
66 76 32
39 54 94
91 6 72
18 69 55
5 52 34
29 27 74
31 57 96
69 61 71
98 71 42
90 23 40
45 46 50
51 46 86
8 80 46
67 63 15
94 51 12
95 16 27
18 4 2
2 29 26
83 20 94
3 66 3
31 15 66
17 33 10
42 68 92
14 5 55
40 22 26
95 13 96
41 15 41
47 1 88
6 64 49
25 96 56
81 70 59
30 29 47
96 92 71
56 35 76
77 70 38
79 50 76
11 22 3
25 30 39
37 69 9
8 14 74
56 34 39
31 38 61
16 69 48
44 82 55
58 91 57
82 1 13
55 96 38
45 72 45
3 13 68
84 68 12
64 11 84
6 84 84
76 99 84
42 41 25
9 10 96
37 83 27
65 46 18
70 55 8
45 33 12
45 74 33
57 95 80
86 51 63
8 63 72
76 47 75
32 70 11
74 98 78
81 29 21
34 80 16
97 34 51
16 36 80
7 61 29
27 58 57
31 14 47
1 12 32
2 83 36
27 91 44
60 62 12
86 34 51
61 39 85
81 34 56
24 70 40
89 68 2
66 70 46
76 71 65
32 44 39
55 33 67
27 29 82
89 92 30
18 50 25
39 7 60
98 79 39
20 75 94
0 86 50
24 90 63
68 17 66
10 56 35
68 1 83
6 54 4
78 73 29
25 9 78
8 4 14
25 76 27
20 83 11
41 35 5
12 74 16
30 61 45
58 77 46
86 45 85
98 37 30
42 24 23
65 80 59
8 95 48
91 32 14
34 2 44
57 40 95
46 78 14
34 64 26
74 74 61
34 37 18
69 88 95
0 94 18
31 26 68
41 42 79
33 62 66
95 20 65
76 63 42
77 30 21
86 68 66
81 60 72
25 50 24
65 17 22
6 62 92
13 95 93
52 33 9
48 22 30
1 89 51
4 75 81
26 39 94
74 71 63
29 43 56
14 78 53
17 42 87
87 82 40
59 3 50
51 48 77
14 95 0
18 13 59
53 7 81
0 85 3
76 61 24
24 6 8
76 75 52
45 45 42
58 29 33
84 93 10
37 96 63
70 12 95
1 78 60
72 30 8
79 95 11
28 13 98
89 93 31
97 79 33
0 52 1
46 8 84
78 93 78
70 28 84
7 62 73
71 50 10
75 14 35
82 72 95
55 9 51
38 5 34
21 1 32
89 75 15
30 70 54
73 46 96
60 70 44
72 23 82
4 78 39
72 0 7
20 50 36
68 8 85
44 67 91
67 97 90
13 41 72
0 55 81
60 3 75
47 99 35
99 87 21
41 24 33
34 89 94
26 8 76
10 9 51
47 35 25
47 77 14
57 4 26
60 28 62
93 28 71
24 8 14
51 53 7
61 56 21
94 37 20
24 17 14
21 50 43
17 7 5
33 17 91
49 11 82
20 33 29
58 15 67
16 84 54
28 29 49
4 20 44
50 13 19
17 40 91
31 7 85
44 92 3
61 76 95
77 37 18
20 25 1
96 28 72
15 71 28
84 44 43
68 66 80
36 92 88
19 15 6
57 31 0
53 11 26
27 92 36
33 99 88
60 56 84
65 95 91
43 69 14
64 40 47
69 68 9
81 80 71
83 44 55
62 71 70
63 30 21
57 95 81
39 92 55
99 67 54
40 69 63
42 62 22
23 78 34
39 9 42
33 83 52
17 43 8
74 11 97
47 49 66
38 49 21
30 38 16
78 59 87
93 18 97
56 39 61
83 45 99
42 5 97
79 32 43
38 88 64
48 49 54
80 97 9
27 12 28
22 28 76
82 78 16
19 88 10
87 47 29
40 20 27
20 83 84
87 50 81
51 99 11
1 67 16
33 20 96
79 8 85
34 67 33
48 79 10
22 68 29
24 52 68
52 59 3
7 66 46
42 27 31
2 10 20
7 11 21
48 71 69
22 43 94
38 4 82
30 99 20
70 68 83
95 59 50
50 9 91
36 11 11
7 60 84
65 23 88
1 48 8
63 30 27
32 51 67
27 97 92
51 94 49
12 18 80
44 21 54
82 87 30
58 85 31
52 30 48
90 12 56
55 91 73
31 27 50
9 48 52
84 81 20
36 8 10
99 4 75
19 59 80
70 54 51
29 65 83
32 47 67
19 89 9
91 51 48
48 20 28
42 80 52
2 50 90
12 24 44
5 43 74
26 42 74
31 39 99
38 42 37
57 58 48
8 78 62
15 66 97
81 65 89
34 46 39
21 34 85
84 69 13
38 7 76
46 53 54
82 47 9
92 26 18
90 51 96
66 24 18
12 58 40
8 29 45
48 63 79
85 40 88
57 29 59
49 71 30
41 94 5
1 17 22
82 43 98
7 9 91
25 66 24
59 6 18
32 81 19
64 78 51
12 93 11
77 42 12
93 91 59
67 89 15
33 82 26
30 1 62
38 40 0
94 11 22
49 66 43
85 3 24
30 20 22
15 85 53
57 10 62
49 62 73
86 46 28
93 83 21
76 32 43
75 23 88
62 21 46
2 74 64
90 98 54
41 53 94
49 1 36
84 38 41
34 66 77
54 22 0
84 99 85
35 39 75
3 73 65
14 0 43
76 4 7
27 56 63
35 17 84
33 8 94
56 21 26
72 86 3
93 37 18
16 72 10
44 47 52
70 78 59
47 3 71
18 62 10
24 95 77
46 19 3
91 66 85
45 32 13
77 30 33
33 23 87
81 31 74
71 25 49
55 19 54
90 39 62
81 60 71
68 16 67
56 11 43
47 0 34
58 9 61
80 33 34
14 3 56
90 54 70
16 65 98
2 50 7
7 64 48
12 53 34
53 13 13
6 1 72
99 76 93
37 98 95
16 78 59
65 13 73
33 50 70
22 89 71
58 78 54
6 37 32
90 89 78
71 88 60
33 82 48
78 17 53
43 60 97
39 66 61
32 62 26
27 76 2
96 99 10
50 95 10
24 25 41
12 19 12
23 5 9
15 54 97
78 7 86
7 23 24
40 14 42
8 63 95
30 45 41
12 94 93
41 25 91
84 9 72
14 55 70
12 94 92
49 0 11
3 85 38
0 86 59
24 36 4
72 91 3
21 50 49
62 45 78
42 25 24
54 41 98
67 4 13
47 96 66
52 85 83
55 54 74
50 24 58
89 28 17
42 16 79
50 74 63
86 79 36
28 93 0
34 84 59
47 33 24
69 98 53
90 80 94
57 67 67
88 24 99
12 88 34
49 18 45
67 62 14
83 14 35
86 85 38
38 50 37
57 55 92
27 57 96
91 12 59
29 53 0
95 89 70
25 93 41
43 46 80
3 49 91
16 53 38
33 22 23
47 57 93
6 31 2
26 19 57
18 70 21
26 74 28
52 6 80
26 74 98
51 70 41
32 19 21
7 71 84
8 38 76
70 49 11
79 79 72
48 86 53
83 99 35
28 55 2
87 22 5
26 37 59
50 69 89
90 67 73
44 79 41
78 74 6
80 11 98
27 0 47
23 50 25
54 81 31
32 6 52
5 64 32
25 8 64
57 1 73
75 43 48
20 52 13
21 53 17
73 12 35
21 14 2
75 45 24
77 26 19
45 66 17
80 3 77
25 64 37
64 53 43
28 89 47
89 39 77
5 77 64
53 35 7
16 15 94
47 66 83
46 38 70
64 55 35
42 63 24
19 82 75
52 13 68
93 27 19
25 94 77
83 98 35
17 98 79
30 49 75
41 4 23
41 55 83
5 65 1
99 87 8
33 86 69
14 2 56
13 20 45
35 17 59
38 52 38
65 93 64
33 6 87
10 10 51
63 72 69
69 75 49
78 59 10
95 63 93
26 94 13
45 40 57
71 84 17
27 9 20
36 19 58
24 71 0
39 89 65
19 83 12
32 82 25
32 45 68
73 38 8
97 13 49
73 51 75
5 1 73
55 51 85
62 58 51
94 59 50
91 8 74
3 28 3
95 50 19
68 64 59
31 73 60
92 8 72
23 6 7
91 32 12
67 14 15
6 62 30
14 44 30
37 48 27
32 46 89
98 61 50
42 86 15
60 27 60
45 66 23
65 53 35
32 64 26
52 34 98
62 62 88
78 73 5
61 3 76
18 29 87
75 54 9
3 72 66
39 51 37
25 13 42
93 40 28
18 10 67
78 26 21
30 17 77
26 91 98
26 68 96
27 15 11
42 55 91
65 22 60
45 85 45
47 24 80
20 2 45
72 6 74
67 5 70
33 6 51
3 77 81
30 58 97
10 78 27
53 58 2
79 91 71
37 92 37
31 95 92
68 65 29
6 51 35
22 68 28
76 32 10
14 55 96
47 76 47
30 27 49
31 85 35
12 40 71
84 3 97
41 54 92
50 16 61
70 41 80
92 19 68
11 22 42
9 53 44
82 44 99
46 75 14
16 53 98
86 32 52
81 59 9
91 24 41
76 42 25
63 21 43
90 98 46
33 64 28
80 11 83
96 2 45
63 7 85
57 30 21
96 60 50
38 67 64
23 9 67
35 39 38
26 82 50
11 5 56
15 9 44
67 43 38
12 95 9
79 95 43
41 33 5
76 14 73
63 14 13
76 9 98
77 49 75
17 83 95
20 2 48
57 29 20
59 0 14
10 36 25
64 26 17
55 32 78
84 5 97
11 37 53
24 19 16
48 78 48
70 3 65
49 94 21
51 46 77
77 72 30
61 1 9
45 38 55
2 66 50
53 96 49
25 98 16
71 63 56
91 46 6
66 43 64
52 41 97
66 43 61
25 17 34
52 74 37
62 91 18
39 76 29
16 80 87
36 19 61
47 53 74
57 38 60
85 14 44
32 89 47
91 51 62
99 23 84
79 9 17
15 29 71
57 83 46
49 19 92
94 95 59
53 1 39
40 2 4
69 81 99
25 0 38
92 8 75
79 59 2
28 97 91
29 58 94
76 28 23
15 80 90
66 20 61
18 11 26
96 76 79
2 52 67
43 63 23
64 44 16
91 19 81
39 32 82
60 80 60
67 31 86
74 91 91
65 32 29
35 29 67
83 8 88
31 99 22
21 5 79
71 68 47
60 39 3
70 80 60
11 96 97
40 58 92
64 30 24
39 32 19
10 33 51
79 29 43
75 41 96
50 46 76
51 77 2
70 31 25
20 68 81
45 74 13
47 99 36
62 22 78
64 76 34
21 66 53
74 31 62
58 30 65
35 40 86
73 3 20
74 45 24
15 44 87
61 36 34
58 11 10
36 49 21
64 60 72
71 88 61
66 96 50
44 12 69
65 59 62
40 7 97
43 97 73
1 84 77
63 64 52
96 81 39
43 56 43
9 35 53
33 26 69
66 5 22
91 66 74
59 3 23
94 61 22
53 8 81
54 83 70
99 86 2
44 73 46
67 13 16
3 23 63
93 51 11
12 22 5
80 14 6
54 95 94
22 69 30
86 22 4
20 71 32
19 2 33
65 23 83
72 2 20
3 6 63
36 38 39
54 68 81
19 31 39
89 82 30
36 16 88
56 19 44
15 13 21
97 68 3
35 5 87
39 75 30
34 57 62
81 24 16
30 80 5
26 52 68
76 24 18
30 25 68
88 34 91
62 2 30
26 33 99
23 41 26
38 86 70
61 74 19
70 7 43
95 38 48
28 18 2
42 34 57
31 48 69
54 27 32
12 5 56
22 29 67
44 91 3
82 60 42
50 59 99
73 16 32
32 16 7
65 4 23
82 65 22
17 94 24
18 30 21
6 24 66
67 46 62
4 44 75
71 75 74
41 6 98
32 17 86
26 65 80
87 72 18
83 66 1
14 81 90
87 10 22
93 36 19
67 43 65
56 24 91
4 28 98
28 5 62
1 99 54
97 42 60
80 74 55
58 2 74
58 92 68
0 20 43
15 44 88
44 40 85
62 77 16
32 5 53
64 56 18
27 69 97
62 94 47
49 19 54
23 45 83
52 25 87
81 56 30
80 70 92
99 0 12
31 36 67
27 75 1
3 29 86
16 6 93
55 31 81
49 35 23
38 40 2
50 41 65
72 8 29
45 85 47
14 32 64
18 32 38
54 79 31
47 16 45
69 20 39
81 9 62
99 48 67
13 14 18
32 72 90
27 66 47
24 50 24
4 45 6
87 3 49
1 99 60
22 18 79
27 73 59
12 86 24
79 42 29
79 14 7
75 77 87
8 53 30
73 30 0
65 97 92
80 73 56
42 50 54
68 97 52
25 37 59
65 14 49
24 86 17
17 96 0
26 86 76
88 82 30
90 66 84
6 78 47
75 51 38
11 7 4
68 56 92
13 21 44
61 76 27
47 77 47
81 69 30
61 58 87
35 35 12
90 90 82
28 17 77
