76 78 78
54 24 2
44 47 82
61 15 16
38 43 79
36 73 81
80 9 49
26 59 65
66 20 97
42 25 1
77 20 18
61 83 29
49 53 6
9 60 32
18 63 62
71 80 37
62 79 62
49 51 88
66 16 94
49 83 54
46 51 68
29 26 44
19 61 68
9 50 33
73 98 51
76 55 40
14 78 54
24 26 69
95 11 1
18 91 1
79 63 38
23 62 76
72 60 54
64 47 94
90 92 76
60 32 49
13 41 40
15 99 99
94 47 18
30 29 63
8 56 78
24 40 12
7 57 78
16 15 1
50 4 55
46 96 31
65 26 70
85 45 39
42 32 93
8 59 14
82 2 98
64 83 44
98 39 66
75 27 30
90 42 79
50 0 38
65 10 24
90 47 28
78 28 28
93 19 73
12 65 9
91 62 73
98 90 9
7 61 32
15 23 41
55 27 80
30 92 43
99 66 43
15 13 24
64 84 43
99 31 93
25 40 54
18 29 13
61 7 61
66 60 70
81 95 43
67 43 67
1 73 45
66 92 42
38 14 83
35 44 15
48 5 53
41 24 77
20 95 65
90 78 48
4 49 9
87 85 26
64 36 94
64 60 17
49 5 19
13 8 71
6 95 81
0 24 64
25 12 87
40 67 35
33 41 56
95 9 70
65 71 45
5 24 20
56 39 95
5 0 64
95 55 80
72 11 58
45 23 69
36 13 35
82 10 57
33 7 58
17 63 63
68 53 58
41 56 51
87 0 57
75 90 75
68 51 54
71 49 20
91 94 19
57 69 87
88 53 67
90 34 95
65 58 15
42 91 8
49 68 27
27 65 78
77 73 0
90 21 64
68 14 96
19 74 28
43 52 69
73 5 65
22 49 71
83 46 46
43 29 15
65 54 46
82 52 70
39 29 61
43 36 66
13 4 56
38 40 85
17 93 4
88 11 57
21 22 99
27 18 13
38 51 14
29 50 98
93 94 18
54 18 34
96 75 31
61 83 71
51 29 91
84 50 48
9 23 51
24 1 11
85 16 55
29 7 18
87 17 43
98 87 74
11 61 87
17 76 18
35 53 70
50 98 40
90 36 65
97 87 21
51 0 13
88 86 25
19 4 53
18 82 86
27 91 98
34 30 63
64 61 86
79 86 7
33 19 21
58 73 69
20 43 98
69 52 87
68 30 30
92 79 97
35 36 93
29 85 68
83 57 34
55 40 96
89 44 20
8 12 98
78 79 59
94 89 6
97 57 79
5 32 4
37 6 65
3 36 39
40 25 77
69 55 11
84 49 48
94 90 7
34 16 14
63 84 74
48 86 60
69 99 82
97 68 13
4 64 56
62 23 90
25 61 43
70 81 59
21 23 98
41 46 51
25 62 74
73 69 0
4 22 58
60 7 62
83 8 26
89 0 59
82 58 90
71 39 28
9 83 63
69 12 73
30 84 68
53 29 44
82 44 1
0 24 66
51 50 63
98 32 93
33 20 50
16 61 21
75 23 16
19 8 27
48 99 92
71 4 63
49 50 10
58 82 63
41 47 93
86 24 95
21 38 51
71 9 72
6 12 97
30 5 97
1 68 44
72 62 26
26 75 28
85 13 72
75 87 32
50 59 11
0 38 11
56 46 38
93 44 68
79 97 39
60 78 4
77 70 86
57 70 24
97 9 19
10 15 44
40 85 17
74 56 29
2 61 24
58 24 5
19 48 79
30 76 58
57 51 41
60 79 63
6 5 17
99 19 80
9 11 95
91 20 68
6 62 32
75 48 29
25 0 35
43 50 14
16 88 39
23 11 66
47 95 38
14 27 29
30 53 1
0 67 27
63 57 35
92 50 65
22 93 68
61 17 8
32 44 26
68 40 76
77 22 31
61 87 64
22 33 21
56 80 52
85 13 70
54 26 37
74 89 74
86 83 71
69 58 93
12 52 93
32 67 81
75 29 30
45 69 14
63 35 95
62 81 31
53 40 12
83 62 42
62 0 15
28 95 45
16 73 87
42 54 12
99 85 21
80 4 82
46 87 94
79 96 43
32 26 42
82 42 0
75 31 42
73 48 20
49 48 2
60 0 94
15 78 23
11 70 73
60 90 71
19 96 24
41 63 82
16 63 44
92 19 23
23 42 23
34 69 28
61 94 27
28 9 34
61 44 0
84 54 58
5 24 49
90 27 71
84 48 24
0 94 22
30 8 84
73 51 75
14 59 70
84 49 35
64 25 89
25 90 76
0 36 79
33 51 96
11 60 18
4 37 38
69 59 45
96 8 75
95 6 83
73 1 27
34 10 44
23 87 61
17 68 64
92 77 57
91 96 18
55 8 71
15 77 51
33 42 13
16 69 47
33 78 18
59 14 11
86 20 87
41 45 95
6 68 85
73 78 99
46 54 49
60 66 79
23 37 63
9 40 82
79 91 97
1 39 10
82 17 97
30 95 13
70 67 79
57 21 77
38 43 85
61 57 33
37 54 35
20 93 33
92 68 87
13 26 55
96 37 68
61 17 7
18 82 85
16 77 23
94 4 82
96 55 54
93 29 16
94 87 17
72 99 20
81 29 27
61 64 67
78 15 41
59 32 73
64 59 18
65 89 14
79 49 71
65 53 10
85 1 49
73 18 43
82 2 96
65 63 90
10 87 51
46 47 45
2 34 88
83 27 49
83 68 51
88 9 53
38 75 20
79 20 32
32 89 52
50 12 6
62 30 30
31 54 1
24 79 36
63 80 31
39 49 33
59 60 57
95 10 69
42 19 85
25 45 68
58 48 20
62 20 50
12 70 23
84 76 22
0 71 78
67 78 28
58 51 42
33 26 79
37 89 69
81 34 29
72 13 59
94 1 33
39 78 38
14 66 49
91 36 90
42 66 80
25 31 38
14 82 66
75 77 79
27 4 87
12 87 82
68 83 34
39 28 12
73 62 0
32 76 90
81 35 52
47 11 33
14 12 14
57 50 59
97 29 65
13 38 80
53 21 75
79 78 75
84 47 23
15 29 88
61 25 89
28 67 82
33 27 1
89 77 8
81 85 82
89 86 71
25 66 54
73 87 35
10 0 19
31 98 1
89 52 51
35 72 61
55 13 39
45 52 69
6 95 63
61 93 35
71 9 30
31 96 74
72 69 29
61 67 45
28 28 69
21 66 8
89 33 81
44 70 15
26 72 36
93 23 62
42 86 16
49 17 2
60 58 92
66 32 89
5 92 69
91 34 14
43 90 91
20 64 11
12 71 24
58 99 74
1 37 38
15 78 49
15 87 24
52 97 43
18 68 44
61 24 67
30 34 5
8 35 56
51 1 15
15 93 33
27 75 42
71 49 21
16 79 54
73 91 89
55 85 90
69 19 78
68 23 12
69 5 85
38 2 88
44 88 9
56 16 78
3 69 97
87 82 70
2 22 62
7 69 86
59 78 13
58 30 59
43 35 29
31 23 54
6 26 48
80 15 42
8 28 41
80 33 39
47 89 94
38 91 61
5 30 18
13 21 43
20 21 3
68 20 37
66 19 98
71 64 97
88 82 37
59 61 56
48 45 55
18 96 21
61 36 74
67 14 73
73 13 37
52 22 36
47 70 70
35 70 68
73 25 52
18 3 52
10 39 63
55 55 31
80 97 16
24 78 90
74 24 23
94 34 91
85 32 86
22 73 83
8 92 54
23 82 12
31 92 41
24 87 63
34 44 16
34 0 11
84 29 64
40 91 9
45 58 2
30 91 44
6 99 63
50 14 56
28 6 19
67 88 63
17 78 53
97 77 28
94 5 82
32 13 12
79 96 10
35 67 25
4 22 63
83 61 42
25 27 68
82 15 31
89 95 98
36 29 97
66 60 75
73 94 63
5 40 17
4 17 53
79 48 71
77 1 81
18 4 47
31 88 6
17 70 46
6 38 39
47 72 70
9 75 4
26 76 58
64 55 33
22 87 92
88 77 30
72 89 2
53 92 39
79 71 99
3 43 25
35 63 54
53 27 58
78 28 39
21 66 7
98 5 46
66 86 80
15 27 27
91 93 96
36 48 71
77 14 53
79 23 19
43 63 49
51 82 56
78 86 74
44 75 70
97 59 93
30 72 44
24 93 31
34 14 89
36 20 51
37 40 2
73 37 77
61 67 6
51 10 87
66 43 5
17 21 15
92 19 80
28 9 64
23 24 98
46 24 70
23 88 96
37 94 35
72 86 33
47 74 95
94 51 18
99 34 80
44 97 56
38 23 2
82 62 39
52 31 42
89 95 5
40 62 14
63 2 89
4 23 64
66 31 90
67 45 95
65 83 29
71 61 26
18 41 32
63 9 61
32 46 26
9 78 39
22 30 38
77 69 99
91 33 45
96 12 9
68 43 13
84 38 90
36 35 37
97 37 31
97 34 70
27 17 49
78 87 75
20 41 10
3 73 47
31 16 14
15 23 42
80 68 1
7 74 82
71 5 42
10 94 17
88 64 42
61 66 97
68 57 95
63 98 95
57 2 26
37 15 78
41 42 30
53 30 89
71 12 3
63 80 61
67 37 32
37 41 1
51 68 89
54 96 74
2 67 98
88 61 23
19 31 11
28 65 97
74 0 41
65 70 46
77 63 49
46 47 47
48 44 65
21 33 26
54 97 83
86 31 88
13 68 11
31 57 96
13 52 54
35 60 65
61 91 70
44 97 73
10 39 23
0 22 4
52 50 29
93 22 95
14 61 1
45 69 17
0 53 43
6 68 74
94 24 13
75 2 27
34 42 22
95 91 82
52 82 0
59 92 79
65 51 29
37 1 37
71 12 71
83 12 58
4 23 65
4 73 48
75 92 75
65 61 74
90 26 72
43 48 84
33 49 40
52 33 1
72 49 19
76 78 28
46 58 1
61 59 34
50 69 28
72 91 16
72 69 50
88 5 42
26 62 25
9 37 22
67 18 98
87 67 91
82 79 63
97 29 17
29 34 5
81 7 33
5 27 48
35 13 89
97 13 9
74 89 90
55 97 17
39 67 62
16 77 48
50 9 39
88 56 70
69 13 95
49 78 90
37 74 21
62 84 73
74 2 51
61 90 19
4 66 58
24 40 9
17 5 35
13 70 24
1 5 34
3 84 89
55 32 90
43 68 13
72 64 97
50 69 57
21 33 52
54 12 37
11 72 87
52 96 74
69 39 65
13 0 82
24 41 13
31 69 5
69 88 78
80 96 44
57 57 74
88 63 91
25 61 76
11 7 3
64 14 16
5 15 72
0 13 37
17 59 70
69 80 58
47 52 53
70 56 92
77 74 27
44 42 55
12 6 81
89 94 96
80 71 99
38 33 69
1 48 85
76 61 67
15 62 45
97 19 19
43 66 35
20 65 6
12 61 32
21 1 89
48 94 62
77 30 40
6 46 86
34 8 56
23 13 3
97 60 53
61 99 96
27 25 69
71 11 74
48 39 23
99 92 94
95 38 34
12 67 10
76 32 13
91 36 64
19 92 35
58 10 57
9 37 63
27 68 82
62 1 11
74 4 39
66 38 66
13 63 20
30 51 97
49 47 94
71 12 58
36 50 55
82 16 42
33 53 96
41 70 5
55 31 42
44 96 75
63 31 76
4 3 72
86 18 44
79 39 4
24 22 26
25 35 36
52 72 34
77 77 29
88 91 76
84 2 97
68 57 99
46 71 72
78 44 51
13 85 98
99 7 15
68 8 14
35 67 21
4 38 20
0 32 39
48 37 39
63 67 71
17 51 3
29 84 40
9 27 26
38 68 63
29 29 57
40 59 39
26 8 77
60 91 99
22 11 67
1 23 64
0 33 88
81 33 26
85 89 25
14 96 9
66 72 46
40 59 38
42 12 0
60 43 99
22 69 92
19 74 22
69 89 65
91 11 57
50 38 40
33 41 14
54 65 81
75 32 60
18 50 9
89 91 75
10 85 81
78 15 53
10 79 40
84 47 46
63 49 78
31 77 57
75 32 50
0 55 39
39 28 30
76 26 29
36 75 20
59 41 97
67 57 0
95 7 74
95 72 5
76 59 22
34 68 80
6 24 50
19 8 92
41 66 36
29 71 96
12 32 23
72 11 4
80 29 98
67 41 17
9 91 66
27 40 42
49 45 63
92 40 54
87 96 2
38 9 57
69 75 93
72 76 23
82 48 46
50 47 95
55 79 6
98 33 0
96 56 80
85 77 7
54 32 42
10 86 82
13 53 55
16 36 63
50 55 13
59 40 83
42 94 56
80 34 24
32 99 9
90 79 95
34 48 68
7 56 77
65 44 6
80 83 42
10 90 67
81 43 98
10 96 11
11 60 5
44 77 42
24 68 94
68 80 85
26 78 97
81 35 28
0 67 44
92 90 75
68 88 61
35 61 91
87 83 38
79 71 1
21 80 30
96 11 97
47 56 52
18 3 33
76 26 38
42 88 32
52 94 47
51 32 0
31 9 26
38 38 56
31 1 92
10 51 32
59 23 45
67 43 4
55 17 9
69 0 50
25 6 31
10 5 13
43 62 78
40 44 6
2 20 91
67 23 18
99 61 3
94 31 46
92 90 59
37 31 88
34 28 99
20 96 85
97 94 46
56 92 27
44 92 55
41 75 11
29 0 24
32 36 56
41 77 11
11 24 29
94 75 71
93 90 94
63 21 50
35 53 73
10 79 39
77 31 39
86 80 32
32 53 95
28 45 26
76 91 33
1 42 9
94 77 94
33 22 23
50 13 90
57 73 69
70 4 84
91 32 15
40 4 8
2 24 0
58 55 82
98 30 16
13 46 31
87 36 63
57 99 75
91 19 81
90 32 14
14 7 71
68 54 58
77 47 83
83 9 11
71 40 5
71 71 46
38 70 79
47 26 25
11 25 6
91 56 15
24 93 32
92 96 45
2 81 47
58 39 82
70 86 64
83 67 50
32 65 75
43 75 10
61 24 89
27 88 75
36 97 92
4 92 70
46 19 1
87 21 86
45 89 82
73 68 49
55 16 68
20 32 25
96 90 84
81 16 41
83 38 88
16 11 18
19 49 10
78 2 8
60 79 13
2 57 41
14 37 81
75 5 38
31 73 31
1 34 82
1 13 68
53 99 13
61 1 88
47 15 59
37 94 95
31 21 24
15 30 65
75 25 63
13 56 55
73 35 57
79 10 51
54 48 93
53 52 5
71 61 72
14 45 30
47 15 14
16 22 14
93 76 17
47 53 25
13 80 2
84 54 89
9 38 62
20 23 76
5 94 39
66 30 30
18 98 22
51 47 4
4 4 76
52 4 77
23 90 52
3 77 14
14 50 56
29 8 84
29 30 56
50 6 66
27 36 25
15 17 26
69 73 49
95 24 14
51 78 1
6 64 5
22 38 92
8 58 30
67 30 88
94 4 26
90 20 66
58 18 98
46 0 20
28 75 47
39 97 96
5 98 54
75 49 28
56 98 10
53 5 37
7 68 33
70 51 27
60 75 57
64 11 69
33 21 22
36 86 67
83 14 31
52 47 84
36 86 86
3 70 88
54 28 60
46 80 49
61 85 42
92 37 89
88 66 6
31 28 65
39 74 81
52 39 33
69 22 37
10 12 95
38 66 44
76 61 6
14 11 30
46 65 10
81 6 82
15 43 70
3 38 72
23 67 53
25 11 36
72 53 4
30 1 62
74 18 27
31 18 37
18 96 10
26 40 9
0 55 42
18 3 35
61 37 73
31 72 45
35 64 56
16 77 24
44 16 39
98 59 94
47 43 8
11 20 12
41 65 94
14 42 72
9 38 73
64 1 70
34 52 72
21 23 0
78 81 24
67 12 23
9 88 47
88 63 28
4 29 33
36 71 82
33 67 80
6 67 93
19 81 78
95 21 90
34 48 13
23 69 73
18 75 27
61 12 91
67 37 36
87 62 28
79 20 5
88 78 7
61 63 67
69 0 69
16 79 49
66 53 10
1 0 92
15 83 29
8 76 36
83 79 63
3 87 57
47 5 77
32 49 88
5 20 55
93 80 52
67 43 16
31 31 24
13 67 48
33 25 82
24 12 35
41 45 5
49 12 91
15 50 0
50 76 94
63 93 83
80 60 9
4 63 57
32 15 97
47 54 26
14 23 47
41 57 50
40 40 66
97 61 48
53 50 43
63 15 77
46 60 14
53 13 40
92 34 46
46 73 71
16 34 9
67 13 59
15 5 35
46 14 22
33 10 70
36 85 85
6 63 31
62 82 30
13 46 29
64 97 95
61 31 75
79 13 42
56 20 36
65 39 14
36 94 36
76 30 12
59 57 73
22 64 12
49 36 22
4 75 64
82 60 43
32 41 55
17 95 22
2 98 46
74 34 61
25 80 34
14 55 56
61 92 70
59 22 47
7 13 97
45 60 13
61 90 98
58 25 2
63 67 45
42 12 1
72 3 76
75 49 40
27 98 73
4 29 19
5 39 63
81 13 60
36 96 50
48 54 25
51 38 26
40 8 79
42 65 84
97 55 53
2 44 26
11 55 14
5 57 77
28 14 12
73 73 64
11 2 20
77 24 24
78 90 96
99 54 43
71 18 96
8 38 63
42 85 17
35 71 81
85 82 22
21 56 50
22 69 51
60 64 68
80 72 7
60 79 56
24 1 83
34 23 22
15 22 13
55 14 13
4 27 16
2 21 91
36 19 83
97 79 88
98 65 2
86 12 71
31 15 13
93 23 65
83 74 22
86 1 48
76 14 36
77 28 38
57 35 34
64 82 60
3 10 87
99 4 46
40 12 71
15 97 39
26 39 43
23 26 70
33 54 27
13 80 1
13 12 15
18 11 80
63 41 55
21 21 11
96 92 24
78 80 92
51 80 76
76 97 7
73 93 88
23 74 85
26 20 13
32 82 67
80 24 19
0 54 71
36 49 71
7 15 97
30 85 67
28 66 46
19 27 75
83 35 87
40 8 17
77 55 39
38 70 63
3 18 54
95 5 26
84 59 50
31 82 15
88 33 81
23 17 82
65 83 44
13 66 10
31 23 32
23 16 52
96 71 58
83 73 21
5 71 88
84 71 27
21 29 74
44 89 91
63 61 16
2 69 27
32 66 26
91 8 73
8 1 59
91 35 96
77 13 96
62 33 69
92 98 31
15 39 58
33 90 52
52 93 38
77 15 39
92 22 66
18 52 92
78 38 18
87 17 79
89 65 88
13 62 2
21 33 20
17 81 87
85 32 92
67 59 18
98 70 34
81 97 34
73 29 8
2 38 11
51 80 65
50 67 24
75 70 77
40 71 28
13 26 44
7 2 74
81 52 71
66 44 15
20 16 54
10 35 56
15 67 46
98 94 16
52 30 44
98 92 96
81 53 8
80 8 40
64 46 93
73 12 39
34 65 55
32 55 0
20 49 64
69 36 64
46 55 26
4 70 87
80 51 70
8 71 13
56 36 60
48 67 72
21 92 34
56 29 32
69 61 73
6 41 16
57 50 39
38 45 64
54 80 99
95 52 62
62 90 84
55 47 92
8 39 82
28 47 38
37 20 31
35 69 80
46 16 52
48 66 73
10 2 59
80 84 81
52 14 17
25 59 16
36 71 69
24 31 64
28 40 9
49 93 84
26 98 72
34 17 5
43 62 83
68 66 6
44 88 31
96 79 27
52 83 8
20 33 23
74 65 81
16 45 10
60 87 65
34 71 69
21 49 75
98 78 87
28 10 81
5 77 15
4 8 56
90 69 94
40 54 30
46 88 82
44 11 1
76 73 26
64 97 97
14 67 55
18 13 81
89 85 69
92 80 30
43 53 70
35 36 58
60 15 41
65 31 87
75 23 17
92 96 44
95 44 74
20 9 26
43 39 94
67 90 67
3 98 44
80 97 9
70 61 47
15 0 22
18 60 69
78 72 0
96 6 48
3 0 73
46 44 69
62 2 88
15 99 44
62 69 89
49 98 39
18 78 86
94 78 49
87 8 60
89 69 65
65 41 18
13 11 32
81 5 30
42 22 25
93 92 57
80 66 3
95 21 71
52 41 0
44 47 39
67 66 65
24 67 92
13 2 22
93 76 16
85 81 55
24 11 89
60 98 97
12 84 64
95 14 73
30 71 96
25 91 81
66 58 74
20 27 73
97 32 51
17 96 90
68 71 45
41 65 79
51 70 24
90 59 23
61 71 39
62 9 4
3 79 32
88 44 9
40 44 80
74 30 11
45 3 87
68 74 48
50 23 32
27 29 40
98 94 98
33 29 25
59 80 62
52 45 21
17 70 59
49 69 57
64 48 76
42 16 79
11 78 43
11 5 3
67 58 73
74 36 67
67 44 94
86 83 23
7 88 80
2 18 20
13 25 45
63 31 46
4 1 73
74 32 65
59 28 18
85 72 28
44 4 93
90 94 20
3 37 94
43 11 2
42 62 80
42 68 83
92 18 22
17 33 10
87 85 24
99 66 10
82 34 53
73 31 11
85 19 43
79 14 41
56 37 42
81 97 50
26 44 67
38 49 35
10 0 57
68 70 47
69 43 5
74 30 10
92 93 52
62 79 14
21 26 3
68 44 6
79 13 86
4 65 58
86 90 51
74 63 99
29 11 80
74 88 32
9 67 93
94 9 72
63 91 69
51 11 6
24 63 25
89 79 30
65 87 81
49 75 62
8 52 34
22 70 50
3 51 8
5 27 78
54 48 89
22 0 89
46 25 22
15 70 48
47 6 52
90 45 62
63 7 3
69 76 48
62 66 35
5 34 5
47 96 39
34 56 7
77 60 7
27 62 24
12 53 94
22 36 83
64 68 41
49 83 36
25 50 34
82 82 11
60 82 30
6 16 53
10 39 74
27 59 79
50 59 56
86 10 59
41 68 3
60 30 76
15 20 48
54 11 8
26 44 22
61 41 99
44 46 31
91 88 34
33 18 41
16 98 97
11 2 59
37 98 71
53 10 53
31 61 21
35 8 39
18 19 37
7 4 55
36 28 98
35 51 73
53 33 1
2 71 68
65 62 70
43 80 88
25 8 37
14 19 48
41 12 42
12 1 21
95 75 30
64 54 34
42 69 3
61 23 50
48 55 47
84 50 4
68 51 99
55 48 83
92 57 36
3 90 74
2 90 75
27 9 18
58 70 23
79 96 8
15 44 43
0 75 82
91 30 46
59 63 70
57 69 25
14 97 99
54 81 83
82 64 42
99 42 40
40 96 95
89 6 41
90 75 50
67 79 9
92 7 74
77 30 27
58 18 24
73 92 16
47 87 45
9 70 86
78 78 28
89 52 66
79 98 52
43 45 3
4 12 1
45 24 77
84 38 87
42 58 3
24 29 93
37 71 80
63 47 75
36 18 10
69 88 64
31 26 81
28 47 98
82 48 47
15 90 73
84 70 89
82 56 64
76 24 22
38 40 28
83 62 64
59 48 55
92 34 45
89 64 89
96 6 84
59 58 50
32 27 81
68 26 9
80 93 54
98 51 74
96 54 55
46 3 4
41 93 78
49 44 64
78 24 23
6 92 70
13 69 23
10 33 55
41 93 57
36 71 62
66 60 82
58 80 24
55 42 99
14 16 93
69 72 17
34 58 64
68 16 64
68 40 66
92 62 54
62 97 66
52 31 8
46 7 53
97 96 96
82 32 34
38 35 1
17 78 23
72 91 92
81 37 52
4 80 36
83 38 89
57 10 58
10 7 4
43 17 84
15 53 93
35 19 11
14 6 71
38 74 31
0 44 56
19 79 28
3 2 73
95 22 94
76 0 90
38 12 73
45 77 71
20 95 40
31 64 34
27 3 13
48 53 26
47 55 51
63 90 70
50 0 12
94 49 17
51 16 2
65 98 94
68 10 14
67 43 66
67 46 18
68 45 93
59 78 56
1 58 41
0 93 1
26 34 13
35 0 90
16 93 39
53 10 10
15 56 36
46 24 77
0 19 20
84 64 67
47 17 44
51 68 56
89 12 53
74 61 26
73 53 28
79 21 47
92 39 88
62 33 29
81 59 1
52 12 15
40 71 6
44 20 26
19 12 80
69 39 62
15 79 53
54 6 36
57 2 77
97 38 67
65 24 90
61 63 14
3 64 58
79 47 73
51 44 32
25 0 84
24 39 11
29 67 79
86 51 82
0 1 67
82 13 59
10 71 5
49 38 40
77 16 40
90 41 34
84 26 50
6 59 3
15 3 3
79 4 28
75 28 11
25 90 80
54 63 81
94 73 73
37 9 59
17 96 76
87 9 59
31 91 43
93 13 44
0 90 72
70 30 85
78 49 61
62 15 15
59 97 60
99 39 11
73 41 70
14 10 26
71 39 18
59 85 16
82 40 35
50 51 26
28 44 27
4 21 57
91 27 71
15 99 0
36 0 73
41 29 45
72 10 73
17 22 20
62 0 89
53 83 0
7 8 48
99 92 93
55 40 74
11 85 83
59 28 71
29 75 43
93 79 20
21 79 28
68 21 11
1 90 97
15 97 98
28 29 70
54 10 59
53 87 23
38 42 28
86 11 71
88 83 37
19 45 84
94 23 69
56 74 68
58 79 1
57 87 51
40 54 14
35 65 55
74 88 51
90 44 21
11 28 26
15 8 6
81 33 29
61 27 16
72 38 19
60 79 11
18 74 23
18 75 21
68 32 29
84 31 3
12 26 46
19 26 41
70 10 74
25 9 80
55 47 89
54 98 16
7 25 49
81 35 85
55 80 53
37 99 72
66 70 70
52 21 35
57 14 98
82 49 20
36 75 22
77 23 16
0 19 22
66 9 26
87 78 30
12 96 8
9 74 5
1 91 16
27 16 32
99 35 82
21 47 80
21 23 4
23 33 20
36 54 78
59 4 85
25 32 65
41 29 53
75 26 37
49 42 31
88 98 40
57 67 38
82 61 41
90 86 34
86 83 68
19 23 75
41 62 49
20 3 49
78 2 69
84 57 89
53 15 17
17 32 15
86 3 86
30 77 14
15 38 81
99 21 5
23 81 32
37 75 31
77 21 30
34 70 80
90 39 73
62 13 88
16 77 17
52 85 18
1 40 8
68 36 37
42 45 2
68 7 51
61 57 32
13 84 28
30 8 82
16 29 79
25 84 19
77 97 69
57 19 25
22 83 12
61 82 63
66 27 53
53 39 10
79 36 77
10 38 59
3 26 77
39 37 4
79 51 3
12 46 30
39 53 15
80 49 72
86 84 70
68 77 64
39 76 20
70 72 48
40 46 78
89 9 85
40 31 65
12 5 4
9 59 35
20 42 9
67 44 55
55 37 60
50 50 65
88 9 58
5 93 38
30 0 11
69 9 13
52 68 25
78 95 47
83 62 66
60 26 89
21 65 10
58 56 73
94 43 35
54 10 9
38 6 23
27 95 99
94 81 21
17 90 57
57 35 59
64 93 85
56 17 96
68 57 98
70 42 5
63 45 92
80 59 8
71 49 98
47 44 56
57 56 81
21 77 95
54 25 36
11 71 73
94 53 61
84 57 57
96 29 63
9 51 35
1 68 88
93 78 95
14 84 27
70 90 67
52 17 3
17 77 25
47 98 38
17 28 97
40 73 90
90 42 33
25 64 92
20 59 56
46 6 78
73 14 74
10 86 32
42 86 10
93 13 54
46 43 55
63 96 93
67 42 67
80 31 41
78 64 39
16 6 34
47 43 70
64 52 30
73 53 85
3 2 31
88 19 58
85 67 64
13 98 52
79 80 60
31 17 36
18 10 67
43 66 82
9 53 35
32 7 45
62 26 89
51 52 40
82 27 66
33 42 16
32 8 27
5 91 35
11 92 17
6 64 67
61 9 6
49 69 27
83 25 65
50 4 3
35 61 89
30 27 67
81 54 71
34 81 70
10 92 18
9 85 81
77 50 62
67 14 94
99 87 22
79 2 97
63 93 85
26 57 63
42 95 26
70 79 65
87 76 31
15 70 72
61 1 14
42 3 85
43 18 85
49 88 84
27 37 24
92 77 43
50 23 10
55 12 8
96 85 44
52 27 59
51 59 37
18 53 91
1 0 7
45 43 55
67 95 72
95 88 7
53 38 33
33 89 51
49 52 27
32 54 26
58 34 74
39 44 79
5 87 63
51 24 9
68 37 63
93 59 61
57 13 99
78 22 20
8 37 23
79 9 50
41 65 83
85 77 93
61 79 14
18 60 68
46 42 54
25 82 11
70 12 76
58 20 76
96 82 96
17 93 3
85 43 41
12 28 65
45 84 25
98 74 81
94 23 19
36 33 8
8 60 32
15 44 71
43 93 79
61 79 63
69 59 73
59 94 78
26 10 46
44 15 40
87 16 80
81 24 96
25 78 91
62 56 34
99 49 67
76 43 49
30 33 5
19 23 21
97 53 45
94 24 70
45 21 25
6 29 17
39 45 65
68 45 18
96 29 18
21 40 93
74 40 8
61 22 51
34 22 24
16 83 44
52 40 98
91 93 59
72 9 29
48 33 44
98 66 2
54 48 25
13 23 45
65 96 96
28 40 8
51 15 55
68 42 67
30 26 42
74 59 23
78 3 9
65 60 73
39 52 14
3 87 62
86 82 37
77 97 12
15 10 18
96 9 72
70 10 31
51 22 34
68 87 62
19 5 92
92 51 60
69 54 3
21 26 72
17 15 2
29 73 45
45 58 13
10 52 67
67 78 63
7 80 35
83 36 84
77 63 21
94 29 3
43 25 48
74 93 17
55 80 82
66 61 69
62 30 75
42 65 37
19 82 25
61 75 57
70 29 44
70 14 94
69 87 72
9 21 57
80 63 53
91 51 61
40 45 81
67 0 49
22 23 97
6 30 67
3 4 72
25 81 29
31 66 29
66 89 66
12 1 19
25 41 9
1 70 87
66 32 91
97 33 94
17 51 94
33 98 11
28 68 79
6 75 14
54 49 43
9 10 94
83 55 31
45 52 67
21 69 83
50 17 61
4 90 1
60 1 96
89 47 27
69 82 85
75 31 13
66 72 43
41 52 82
45 40 53
50 30 42
23 7 48
14 80 1
57 22 21
40 37 3
48 66 16
70 56 75
64 85 49
80 35 28
65 69 98
52 80 98
15 98 0
34 93 30
59 69 77
76 14 97
41 39 65
42 95 56
17 92 2
22 37 62
67 45 7
57 59 49
55 9 58
83 77 53
78 12 42
41 95 57
36 0 37
43 48 99
18 2 68
29 17 51
14 17 26
85 83 10
25 23 17
53 67 26
98 36 34
72 79 98
59 59 93
37 34 83
99 65 43
68 79 86
59 63 69
58 86 85
28 70 4
80 35 56
63 81 29
46 53 24
91 18 64
10 13 75
83 28 65
72 63 25
22 26 73
31 78 57
70 99 67
72 25 88
26 65 99
64 7 1
9 26 8
79 27 27
41 19 84
77 17 29
5 91 71
32 68 26
88 97 3
96 98 19
86 71 26
93 25 12
87 79 34
3 48 10
15 98 99
72 99 44
62 93 72
89 90 35
53 81 99
93 78 19
38 38 29
77 48 86
55 55 76
55 64 83
8 14 98
77 98 28
59 59 94
83 33 70
68 0 51
74 51 28
68 53 33
83 78 54
24 12 85
74 2 27
66 74 65
86 44 16
65 60 81
74 30 9
53 27 61
16 93 5
16 94 9
42 74 11
65 79 50
62 98 95
10 37 58
84 42 41
68 19 88
54 84 18
23 60 14
20 95 64
95 22 90
41 59 4
95 79 50
2 63 59
8 4 13
20 23 20
34 24 81
97 78 27
83 37 85
14 60 4
43 62 82
81 13 81
44 23 24
65 68 23
12 4 57
12 69 65
39 38 3
98 87 22
65 51 17
55 16 15
1 79 33
93 7 72
90 53 21
55 82 57
40 18 75
72 11 39
65 62 90
55 36 58
86 58 83
39 14 72
19 25 76
78 51 61
37 7 23
33 11 88
60 88 0
67 98 51
5 61 31
37 8 23
79 69 2
63 52 29
18 80 27
10 54 48
68 71 44
15 84 3
80 73 8
86 68 64
55 92 20
48 50 9
88 63 44
44 76 10
17 89 58
25 65 25
14 20 43
73 58 76
30 35 6
6 6 16
25 12 90
64 52 28
25 2 12
46 57 14
7 51 6
18 97 77
32 19 58
44 59 12
14 77 87
30 54 54
32 75 60
83 18 81
21 42 99
58 31 61
27 34 17
68 67 7
90 19 65
54 31 89
56 18 90
95 73 4
28 85 69
45 66 42
61 70 88
68 41 67
1 68 26
47 32 43
6 97 50
76 62 20
57 51 59
51 28 92
85 75 89
31 47 89
54 12 39
87 47 28
88 63 89
92 21 22
60 0 86
77 91 97
76 16 28
70 40 27
34 19 11
10 83 82
39 43 28
4 38 64
16 12 24
73 11 5
48 18 1
47 64 7
57 57 49
63 31 27
92 67 88
5 74 82
57 78 46
9 88 35
81 86 39
9 1 60
48 90 56
63 0 89
83 63 41
72 29 99
48 79 90
75 91 33
88 46 29
40 13 41
73 62 25
22 93 50
87 88 88
69 30 88
12 52 99
51 11 39
40 95 24
82 62 91
37 42 80
30 71 43
55 98 9
65 69 45
33 9 55
48 82 65
64 52 32
33 93 15
15 9 6
67 14 95
1 46 34
40 68 92
35 71 59
70 39 27
13 6 4
35 65 54
60 3 68
16 26 63
57 46 68
95 66 80
99 34 1
68 14 93
49 65 74
31 72 97
74 88 52
78 20 31
24 28 94
13 77 61
77 32 25
25 22 27
78 98 69
20 78 82
77 69 0
51 11 14
5 3 75
10 41 83
73 34 58
97 7 76
72 14 39
85 62 64
22 78 37
25 10 45
8 72 84
39 79 37
78 31 53
53 19 35
16 22 19
30 54 1
99 93 95
51 4 21
15 95 9
46 97 36
66 22 17
41 14 42
79 96 48
15 10 17
35 89 35
63 32 87
28 12 71
18 40 32
95 81 6
48 45 70
53 10 39
83 86 44
30 63 34
73 3 17
53 48 95
38 69 94
92 99 33
26 39 22
17 97 11
80 51 2
99 30 17
72 2 13
94 21 64
30 8 83
15 92 4
23 60 78
1 22 31
92 20 0
11 19 80
54 50 42
95 7 82
86 84 24
14 29 89
96 37 33
7 99 62
48 44 71
77 15 85
64 71 70
25 39 61
34 0 12
72 19 76
68 75 4
39 43 83
83 48 19
56 10 57
48 4 32
20 17 93
48 0 99
0 37 10
87 81 36
35 2 85
83 26 65
92 98 32
91 48 29
15 98 40
34 20 10
92 77 18
26 99 72
29 54 55
38 18 11
72 74 65
92 12 89
36 87 0
92 26 72
52 17 1
79 5 83
5 25 21
93 36 47
88 86 35
76 74 31
37 4 11
16 50 24
64 26 88
6 58 47
79 20 20
29 12 4
4 76 64
73 90 73
21 16 93
74 88 31
85 60 49
4 38 19
55 18 95
63 22 28
59 96 53
83 62 40
64 2 70
76 89 1
8 37 73
93 74 73
7 40 81
92 95 19
51 14 91
59 4 25
73 24 87
89 53 30
58 14 11
72 49 26
18 89 58
3 27 99
93 77 16
5 91 40
85 72 30
50 77 91
11 93 94
67 71 46
42 55 51
64 70 42
24 46 22
29 69 5
94 0 92
49 34 23
4 65 5
69 87 79
11 83 27
54 15 15
42 51 13
88 84 37
70 76 92
32 52 0
50 23 30
54 40 47
53 10 9
66 59 81
0 48 84
73 37 78
43 87 35
62 30 68
86 27 79
79 7 19
72 3 15
5 21 57
84 80 55
60 93 71
11 87 83
72 99 75
65 30 29
19 66 85
81 38 52
32 60 81
26 28 25
28 74 46
80 21 47
99 49 83
61 33 45
1 20 90
40 84 54
82 8 27
10 61 33
32 50 41
55 39 75
96 36 32
53 81 82
56 55 80
62 40 47
69 26 8
82 43 3
35 19 83
48 8 39
48 81 38
19 72 96
53 49 25
87 50 92
98 54 44
49 81 38
12 25 28
45 15 46
41 91 10
36 36 36
50 50 87
63 68 68
62 81 71
66 43 18
25 88 76
66 79 27
95 82 96
69 58 96
38 95 48
36 2 86
39 94 96
63 92 83
56 68 25
50 5 69
93 0 34
26 95 0
94 48 19
6 45 51
34 18 23
62 13 90
19 46 31
62 19 43
37 97 93
60 87 64
71 99 69
77 79 92
42 90 29
45 15 40
93 91 56
43 27 75
19 52 42
8 95 51
88 61 43
72 98 11
55 18 27
26 63 9
9 93 53
61 70 90
27 12 45
40 45 65
89 40 34
69 20 79
26 47 70
96 71 6
10 57 85
74 64 81
80 5 29
91 16 21
60 16 6
54 91 20
20 57 49
18 95 24
95 29 16
70 70 47
91 72 55
0 5 47
31 91 17
20 76 98
22 56 20
37 12 62
16 31 14
67 97 69
73 66 82
93 18 21
12 72 72
12 79 42
65 70 71
20 36 94
83 17 64
33 71 79
13 81 67
98 76 85
34 43 16
13 13 32
10 54 98
85 79 30
98 90 93
10 27 27
27 45 33
51 68 24
39 9 24
77 43 52
82 11 57
45 58 99
37 11 84
86 2 50
46 40 52
49 68 73
33 58 70
66 32 86
45 50 98
85 10 72
3 75 64
73 2 28
78 79 94
40 41 26
44 90 48
17 99 22
26 96 1
4 87 63
78 21 21
46 54 48
72 52 85
78 95 9
32 53 1
52 60 98
75 24 23
13 71 97
27 15 12
2 27 0
7 67 32
33 88 50
82 63 66
16 89 58
17 69 45
74 72 63
72 11 70
2 38 71
12 94 8
87 51 56
89 8 86
59 77 2
27 37 8
70 37 67
89 7 86
63 22 91
65 50 30
48 83 1
65 71 98
30 35 35
42 88 47
68 58 97
73 40 30
3 29 18
37 71 61
53 84 74
43 97 24
91 87 33
16 12 19
89 59 38
71 52 27
55 26 79
36 79 5
68 43 40
41 89 9
71 69 48
2 68 98
45 6 69
56 22 14
1 54 2
62 59 33
86 4 87
10 0 20
5 24 22
34 57 69
71 63 27
32 8 83
21 61 90
13 32 22
4 17 54
23 7 38
31 83 69
33 19 12
61 81 62
25 9 39
32 24 26
43 23 55
67 63 57
14 11 25
88 18 43
84 95 17
28 48 72
42 44 83
73 2 16
65 24 88
23 68 93
79 22 22
15 67 19
50 68 25
39 85 16
26 14 13
52 48 4
89 76 51
35 15 79
94 80 91
59 79 3
30 16 12
58 58 47
43 96 15
95 74 29
89 53 67
56 18 26
46 54 50
32 19 94
66 24 92
94 75 72
64 6 2
5 24 21
78 29 40
50 5 67
16 82 88
19 10 79
35 11 87
87 43 10
47 65 8
3 49 9
30 93 48
58 23 6
0 73 67
60 1 77
62 31 25
49 54 27
34 25 80
94 28 15
79 80 25
29 54 0
6 74 10
80 97 51
42 30 54
24 82 30
30 25 80
64 53 31
95 25 12
70 53 3
45 58 36
37 39 29
5 17 52
29 76 43
11 55 8
54 14 17
85 48 47
67 65 12
42 62 48
6 60 28
24 92 31
8 93 63
65 7 1
98 53 51
22 23 99
90 51 65
8 0 61
89 30 68
44 28 15
58 97 31
60 87 18
30 18 36
14 20 87
3 42 10
3 83 99
95 64 26
13 68 47
67 27 9
60 3 26
23 1 82
71 68 83
14 1 82
16 45 11
12 43 57
53 13 13
30 73 59
5 21 93
88 85 70
76 76 88
52 40 32
69 78 65
47 42 54
97 74 31
72 10 71
66 44 18
30 25 44
0 87 46
69 86 63
23 38 63
24 20 5
2 59 2
85 87 1
56 91 64
42 4 95
13 69 71
92 19 63
81 34 26
57 80 45
96 11 0
50 58 55
18 98 12
71 0 68
21 20 40
24 67 53
40 61 50
50 43 32
1 89 75
78 18 30
50 97 41
61 19 81
32 99 10
35 17 24
12 50 55
16 93 8
34 99 12
71 54 4
65 82 43
3 81 47
78 20 4
90 41 64
75 61 21
5 46 74
89 47 96
56 15 83
22 41 12
86 21 45
37 10 60
51 98 11
72 80 35
12 0 59
8 1 56
33 51 71
24 39 10
26 20 91
76 78 80
63 78 26
46 78 72
17 47 0
96 54 27
49 16 62
78 47 86
75 29 10
39 26 37
34 62 64
64 30 28
70 42 66
65 54 11
40 53 58
86 51 71
88 96 4
46 70 17
65 44 15
72 13 75
89 12 56
62 32 46
97 27 64
17 92 6
77 71 84
64 59 16
80 13 85
42 51 83
13 66 9
64 78 90
27 39 8
75 4 37
80 92 98
5 47 86
42 94 80
22 38 63
10 25 11
74 3 29
82 35 85
95 53 79
4 79 35
48 52 5
52 71 44
53 49 28
59 16 72
44 94 25
9 55 36
39 44 82
17 18 36
63 4 36
18 12 61
51 83 57
78 8 20
55 96 17
37 71 62
85 69 91
32 72 67
14 43 42
49 99 39
34 66 54
55 17 89
7 31 72
31 86 61
0 88 47
49 38 24
26 9 79
80 0 52
19 75 99
14 29 99
87 9 74
76 10 19
17 11 79
28 74 42
57 41 40
58 66 9
39 45 78
82 27 64
79 70 0
46 0 24
93 18 25
40 52 14
38 41 28
50 78 42
20 29 39
56 99 8
80 32 25
60 15 72
6 41 82
76 73 28
58 43 97
24 23 27
75 78 81
89 60 24
57 28 54
12 25 56
20 91 34
41 41 26
61 1 13
97 70 7
35 96 93
65 74 66
3 61 93
38 71 61
35 55 5
33 50 38
84 12 59
34 16 72
33 58 95
51 93 1
73 64 97
28 17 58
80 85 7
20 82 87
34 36 39
31 94 47
62 31 29
12 1 60
70 76 3
51 77 92
97 39 30
18 75 20
92 96 17
94 52 19
84 69 66
72 83 17
96 63 98
89 76 50
12 21 11
72 70 45
79 96 45
48 99 90
7 92 91
12 45 30
65 37 93
88 6 42
71 78 98
54 15 14
4 20 91
16 97 89
3 61 97
43 66 36
85 50 3
80 6 19
56 63 84
25 43 56
37 1 89
89 53 72
24 87 18
16 59 69
45 46 46
67 29 89
16 77 26
7 4 14
30 4 98
98 64 70
14 43 71
51 46 22
76 13 37
83 35 91
67 44 40
56 14 84
52 14 15
94 33 47
19 12 82
14 42 41
55 15 9
6 98 57
65 31 89
15 9 22
53 49 88
2 38 12
46 3 67
86 9 28
96 79 87
0 35 81
90 65 87
50 70 27
83 95 34
26 75 99
2 41 9
63 36 57
24 30 39
99 68 26
31 86 69
76 49 44
89 25 71
17 80 86
73 5 38
14 52 93
74 49 28
8 82 64
95 43 35
14 29 3
74 13 96
42 65 82
37 68 33
65 52 29
81 23 19
30 53 53
67 54 34
82 33 33
5 59 2
79 32 26
87 29 75
73 92 86
22 27 71
55 10 9
30 64 95
7 16 53
4 90 36
63 9 69
84 56 35
43 93 92
56 47 91
27 16 14
20 9 67
27 23 16
67 58 81
12 3 18
72 30 98
29 48 39
20 78 83
52 42 14
69 93 28
57 33 35
33 62 64
28 57 66
18 79 41
67 31 30
28 11 72
73 93 87
81 25 20
17 60 95
40 20 86
26 62 44
67 82 80
10 65 96
44 37 65
74 47 28
97 41 30
43 25 99
33 93 3
17 83 73
86 68 91
61 65 34
13 1 56
56 95 18
89 64 86
32 21 51
49 8 40
95 63 39
92 62 55
52 49 27
5 38 18
69 91 66
47 16 15
31 55 54
60 79 12
36 64 53
63 83 43
70 13 91
7 86 82
51 3 19
24 56 19
42 93 79
49 24 10
18 51 95
27 46 26
25 72 35
11 36 58
83 36 90
43 81 87
13 61 5
27 9 78
6 81 92
96 65 81
83 44 41
78 13 95
4 60 32
42 29 46
69 52 98
35 31 24
36 0 90
27 88 63
11 62 33
66 36 31
85 24 88
83 75 24
86 76 92
23 38 90
27 83 54
42 53 68
8 1 74
95 84 44
94 80 96
33 71 70
3 33 6
97 37 32
50 78 91
59 88 65
34 61 64
51 77 94
93 7 73
59 88 19
87 10 53
7 39 62
15 76 98
59 67 79
52 73 34
36 94 87
15 78 87
89 0 25
20 28 74
38 50 20
94 23 91
71 10 69
31 49 39
69 60 46
78 28 25
71 24 84
34 49 12
94 26 13
35 29 99
98 10 18
77 4 84
14 81 89
12 70 72
96 70 29
37 87 87
62 22 49
81 58 7
13 6 6
32 74 36
27 12 44
73 54 29
66 54 34
78 60 8
72 13 95
93 13 49
64 56 33
42 72 98
36 90 35
33 73 59
61 70 45
57 24 3
47 35 21
72 90 16
69 24 12
5 30 19
98 78 11
66 57 1
91 91 34
44 90 32
33 13 88
47 95 61
61 80 15
14 17 92
11 53 99
6 75 83
15 93 32
91 50 65
35 26 82
27 63 8
23 97 30
39 49 34
96 4 47
97 76 28
33 47 71
13 34 59
94 22 95
33 9 45
97 25 11
22 23 3
55 64 81
16 44 70
41 70 4
96 41 13
89 11 55
61 83 31
93 28 52
48 25 1
51 27 93
12 5 5
67 71 0
90 31 16
14 16 54
26 44 56
0 1 7
26 94 99
33 59 82
67 52 55
28 71 58
19 83 86
95 36 33
80 32 40
95 50 17
73 1 12
65 61 17
78 21 46
97 29 19
94 88 5
9 40 27
92 18 63
99 63 69
3 71 69
37 32 92
39 96 52
73 83 26
13 51 55
17 51 52
11 16 49
1 91 97
5 73 10
22 65 12
46 57 35
57 51 39
11 4 31
32 66 76
78 20 19
87 48 82
1 87 56
77 94 9
70 37 88
74 65 24
24 27 10
98 47 64
73 33 60
63 81 44
47 50 10
14 70 71
50 4 20
93 25 71
6 69 34
43 22 54
39 27 36
59 61 58
42 92 55
82 79 69
42 64 93
19 71 97
79 98 92
54 18 27
37 14 82
67 97 68
66 70 99
69 40 62
33 20 20
15 62 1
73 4 63
65 23 91
72 21 96
79 70 2
29 96 33
74 94 18
72 61 53
15 30 4
88 64 90
64 31 88
4 26 99
37 10 57
4 74 12
0 21 90
61 99 30
53 37 53
58 79 45
77 60 6
19 79 36
91 94 44
38 96 94
52 49 87
96 76 29
29 46 38
33 63 15
10 39 59
52 82 8
62 68 46
95 54 54
60 28 49
32 62 15
23 81 14
92 95 16
93 50 66
14 11 17
96 34 95
21 37 93
59 56 83
2 66 25
33 91 49
37 85 76
34 80 18
78 2 68
85 41 86
33 8 46
37 72 81
62 32 68
73 54 57
35 56 6
7 99 56
7 71 83
1 12 36
0 92 99
43 93 55
86 45 27
34 44 71
72 40 29
34 21 62
53 82 1
34 67 94
79 98 40
71 38 88
82 32 26
37 13 83
22 37 93
10 41 44
62 21 33
88 60 37
50 17 2
50 8 91
63 14 17
50 69 55
75 3 12
81 5 82
2 74 46
9 57 34
75 33 65
6 81 63
44 95 16
68 21 36
14 71 25
67 54 10
60 0 95
99 34 88
34 90 33
31 29 64
14 56 35
91 39 0
32 30 25
8 22 50
2 66 59
47 9 13
15 12 20
54 8 72
62 80 72
52 50 26
29 33 34
51 49 86
65 68 44
83 19 82
45 23 23
65 54 32
2 91 74
70 49 97
29 79 70
13 49 54
99 18 79
85 67 17
93 21 0
3 89 74
4 81 35
53 79 17
66 98 93
94 97 85
38 22 18
19 72 98
97 37 33
43 88 8
90 96 19
30 78 71
50 79 79
73 61 24
44 49 83
8 0 57
55 0 60
13 16 53
30 49 40
47 55 48
36 39 34
33 2 64
10 66 94
51 47 95
10 3 17
61 72 79
22 17 94
77 97 7
41 92 9
70 89 78
44 35 67
8 88 79
93 43 15
56 46 92
49 79 12
55 38 95
44 47 83
8 58 78
94 11 2
48 5 69
16 59 96
24 39 89
87 64 90
55 79 51
74 91 91
17 33 9
12 8 70
86 23 94
56 16 10
45 67 50
39 42 27
12 4 31
56 30 25
66 45 41
87 43 75
53 48 83
46 94 25
73 55 30
18 32 10
70 51 7
66 13 96
4 20 35
24 81 13
64 84 74
90 93 95
66 89 5
12 21 42
70 66 8
0 16 1
57 31 59
5 96 50
95 97 20
26 63 74
44 76 71
39 30 3
74 90 18
55 0 19
78 31 41
19 33 24
54 63 82
5 16 45
19 82 56
17 80 87
5 37 17
38 12 83
58 11 66
31 80 91
75 63 69
71 71 49
10 71 86
99 92 22
89 91 36
43 28 74
26 27 68
97 38 30
55 16 95
91 35 90
83 14 59
72 90 32
33 21 25
0 33 59
32 82 68
34 12 88
75 40 72
20 83 25
70 57 93
30 11 35
48 3 77
6 22 67
17 95 10
79 96 52
26 89 64
99 14 36
91 20 23
73 13 97
93 60 20
52 29 42
21 94 49
50 49 24
68 56 92
0 74 80
4 26 91
18 96 23
67 31 86
89 46 63
25 13 87
68 55 95
6 63 68
87 29 67
88 95 97
2 91 16
19 25 40
52 37 27
84 56 57
41 68 84
6 62 45
94 32 47
68 32 28
13 4 22
5 78 16
42 45 93
98 52 73
13 39 79
54 35 2
7 81 35
64 13 88
66 81 11
83 48 34
32 24 44
84 33 70
13 87 22
39 3 9
12 67 8
82 60 1
26 15 13
83 48 45
69 40 2
75 80 27
42 53 83
70 9 51
89 65 91
32 43 12
76 14 95
18 6 91
66 44 7
37 90 33
13 51 94
23 74 84
99 30 92
8 98 55
29 12 36
53 62 50
51 67 55
83 17 80
80 12 55
52 63 82
26 28 58
64 60 16
66 40 68
6 76 11
88 64 46
1 8 20
10 50 39
25 19 12
36 12 88
80 97 48
73 86 34
34 91 54
25 58 17
9 58 35
39 1 39
29 72 57
32 67 28
73 8 30
8 56 34
56 46 90
34 22 60
93 43 16
60 16 42
90 3 43
58 9 57
69 21 25
74 46 12
41 11 1
47 47 46
31 2 63
46 59 37
82 87 30
11 26 45
7 35 56
82 46 29
34 1 91
84 61 65
37 50 72
72 13 38
45 89 47
32 30 63
14 68 10
57 80 0
82 57 9
70 40 3
58 33 74
4 77 14
62 83 72
46 16 16
79 32 42
15 14 25
3 73 49
29 60 5
42 2 30
9 90 65
95 74 70
6 21 56
31 51 96
50 41 81
95 27 14
35 38 35
16 37 73
23 63 13
23 28 95
7 94 63
98 75 81
55 57 75
38 42 84
24 87 19
72 14 58
35 96 87
38 2 38
23 44 37
67 51 53
65 80 28
41 55 13
22 42 22
25 34 36
16 92 34
69 42 64
14 21 45
56 77 48
27 69 80
61 39 47
60 3 25
95 48 16
81 58 9
71 33 90
28 18 50
51 30 43
30 23 31
29 0 63
85 12 19
86 11 20
43 58 3
72 53 3
68 7 49
14 3 5
19 7 91
57 20 77
62 36 71
61 89 99
15 0 33
85 84 91
25 63 24
93 52 61
42 46 4
32 77 58
93 34 89
8 68 75
21 79 84
42 60 4
61 94 72
51 95 10
34 23 59
46 54 27
61 0 87
54 9 53
13 67 12
47 23 79
85 88 1
36 11 61
72 32 11
21 48 63
68 65 7
19 97 23
23 26 68
17 99 14
23 80 9
16 38 82
79 58 68
12 35 58
68 2 49
44 36 30
39 92 57
13 66 13
33 30 62
87 13 71
91 6 74
78 79 93
15 85 2
81 98 51
35 21 50
5 63 56
61 72 74
41 67 92
3 83 68
12 53 25
21 19 59
50 82 55
55 40 97
64 10 69
61 33 74
5 92 71
21 64 8
15 44 29
46 32 45
48 5 76
50 2 17
91 90 56
40 90 9
93 34 48
76 28 29
14 29 64
8 24 50
18 27 64
17 99 79
98 39 55
80 99 91
68 76 50
94 29 2
16 98 99
6 76 13
88 11 53
10 43 44
53 82 5
54 36 59
52 54 85
13 26 28
70 19 79
63 24 80
49 1 12
6 40 61
41 46 94
76 3 83
30 2 53
29 40 22
62 11 91
91 91 58
97 26 38
12 59 70
54 28 59
36 30 98
11 84 63
33 23 25
89 64 44
32 57 98
32 52 96
22 17 53
30 66 80
26 38 62
80 29 28
12 83 27
9 69 74
88 94 99
26 40 61
11 53 48
43 89 32
37 96 49
18 97 12
13 5 30
88 68 64
69 75 3
35 7 56
43 42 27
53 28 99
12 82 28
46 23 68
33 17 3
43 67 83
14 79 53
31 48 57
17 56 97
26 18 13
88 46 80
61 69 45
52 9 39
33 71 61
52 52 6
90 52 65
57 41 96
63 24 17
66 69 47
34 44 14
26 30 39
41 91 30
41 48 92
56 37 13
41 47 92
4 80 33
9 1 58
67 45 19
38 32 70
33 49 67
37 86 0
75 17 28
91 97 30
80 30 67
10 96 8
74 26 64
36 95 93
71 10 12
63 92 47
5 55 66
90 31 47
63 27 88
81 50 71
64 49 77
56 49 58
72 53 28
41 52 59
50 41 32
11 87 51
6 98 62
91 46 27
9 69 73
97 40 31
3 21 57
96 54 78
4 59 10
67 24 91
2 19 56
39 86 17
10 97 30
9 29 46
53 41 13
73 60 23
56 22 76
81 94 53
71 64 78
27 36 75
10 88 46
17 26 63
64 79 27
25 29 59
11 69 24
78 28 7
26 8 34
72 14 57
17 82 72
98 65 69
32 5 54
40 10 71
69 43 66
85 48 46
40 31 34
23 65 45
31 74 59
14 2 57
43 29 16
52 46 21
26 38 23
21 50 76
66 99 50
1 71 77
2 39 72
24 21 29
33 21 59
17 76 22
22 0 82
0 85 20
75 14 38
25 88 64
27 58 65
4 39 16
28 41 61
32 74 58
77 95 10
55 90 21
23 69 51
10 97 29
73 4 75
16 52 94
36 95 96
2 34 57
21 47 62
69 46 92
69 81 84
70 80 66
10 93 18
61 64 16
95 81 61
52 10 38
40 73 89
5 64 57
3 28 85
24 63 75
34 13 93
30 59 78
19 86 50
39 4 6
87 52 72
13 47 30
32 6 83
83 54 88
77 81 93
51 52 5
88 20 46
13 29 64
39 7 24
67 80 27
35 86 67
68 52 87
80 34 55
67 87 79
54 47 94
54 13 14
51 77 93
31 8 46
1 67 25
6 3 75
90 12 57
81 66 56
30 57 95
63 68 42
60 58 49
93 41 93
1 14 36
55 10 7
58 14 0
27 27 69
26 4 12
53 29 49
46 82 80
18 79 35
76 1 90
85 60 50
85 53 59
69 0 32
42 41 27
22 81 31
22 80 85
94 68 9
71 91 15
9 39 82
43 94 79
76 70 99
75 76 79
22 7 38
25 55 18
60 81 61
3 9 87
9 49 39
83 36 86
16 0 21
34 46 71
31 6 84
88 1 58
17 30 14
3 92 30
56 93 24
95 15 50
72 64 28
43 30 15
97 62 98
55 47 83
5 81 2
68 25 13
26 97 14
90 77 8
89 68 93
20 41 98
49 23 10
26 42 9
92 12 39
84 63 43
42 90 31
15 65 48
9 99 56
58 36 89
57 18 97
57 0 9
39 4 3
85 40 87
33 24 82
60 34 78
41 90 59
66 94 58
4 23 62
70 87 63
87 21 46
10 97 12
70 30 87
26 89 75
60 29 49
51 5 56
61 1 90
23 40 11
6 70 87
84 10 59
13 40 84
40 14 72
74 82 26
3 29 59
25 12 86
76 91 32
87 0 3
28 10 80
65 67 17
79 34 27
87 67 64
11 80 41
40 66 78
94 81 97
70 74 92
46 39 51
39 3 10
70 45 91
72 94 88
31 76 94
7 51 55
79 14 42
73 52 29
61 14 90
56 48 59
72 89 4
22 31 21
69 30 30
13 51 0
20 80 29
86 52 73
35 79 29
90 91 74
92 91 56
12 27 27
37 49 21
11 0 20
17 33 6
31 52 19
54 4 37
15 28 2
91 90 73
98 54 70
4 66 7
44 88 32
15 92 73
70 73 91
76 27 39
97 54 50
5 5 77
15 21 44
56 17 77
39 77 37
11 59 34
31 33 54
77 21 17
89 63 17
68 13 23
65 98 61
56 25 4
79 2 80
45 79 50
32 85 69
59 95 53
35 34 91
90 93 20
24 59 15
15 88 23
83 85 85
24 38 65
47 24 78
62 72 78
0 46 35
15 18 24
0 61 48
34 18 5
94 10 99
16 84 72
66 24 2
75 92 0
61 80 60
52 53 34
7 40 3
82 67 49
52 30 88
84 18 97
73 89 31
32 58 63
15 21 5
47 89 8
36 2 64
82 85 56
8 91 90
34 52 70
6 79 35
57 62 85
94 11 27
12 4 4
54 41 73
28 18 49
73 73 97
44 92 92
87 80 35
17 3 47
83 70 89
66 15 93
9 94 17
56 54 66
17 1 70
16 99 15
64 14 78
99 47 63
54 29 32
22 93 67
45 75 38
51 49 64
50 31 58
93 36 89
54 10 15
31 0 11
49 64 75
36 10 57
2 36 37
15 99 1
22 22 87
74 91 16
32 49 87
57 15 11
23 18 93
11 81 1
26 36 7
41 20 84
34 8 54
27 17 57
16 14 81
52 79 76
27 48 38
8 7 92
80 3 81
11 42 84
39 66 78
87 84 69
83 59 89
29 41 31
47 8 40
75 1 27
38 41 85
46 66 41
27 28 41
38 0 67
24 8 38
91 29 34
5 28 17
37 74 20
3 23 61
77 23 21
46 74 72
18 99 13
56 42 39
62 67 69
0 29 93
98 29 65
74 81 28
29 10 34
0 40 9
96 62 48
9 40 28
97 5 47
67 39 68
30 52 52
19 30 12
16 78 49
89 0 97
61 13 91
90 28 72
10 59 34
42 62 56
57 15 13
30 62 21
85 70 27
77 3 70
87 62 44
72 90 90
30 46 88
68 56 93
77 60 21
98 94 95
88 51 72
38 71 9
50 42 99
49 45 64
5 75 11
62 92 84
51 84 8
68 31 87
73 25 53
11 96 10
18 92 3
91 22 65
96 93 25
19 81 26
28 66 96
2 80 32
41 19 85
4 74 47
3 20 57
86 68 65
10 63 57
86 63 89
78 96 46
94 51 63
67 43 14
43 96 24
47 74 71
67 39 67
45 26 79
68 28 64
33 92 25
62 28 91
86 20 44
67 15 95
24 86 62
35 72 44
99 69 86
39 11 72
91 37 91
88 47 27
69 31 86
40 56 51
8 2 73
38 4 10
32 60 80
86 67 68
47 3 69
92 95 18
89 95 3
59 54 83
46 65 16
76 22 16
2 85 97
63 66 46
85 59 51
90 90 58
96 54 29
58 58 93
56 0 76
74 87 33
75 73 28
74 1 74
10 94 9
5 75 81
56 56 74
16 61 1
87 50 82
67 14 22
13 69 65
35 70 48
70 43 65
61 20 42
87 55 69
57 23 7
20 23 1
71 90 33
64 82 43
94 35 90
27 16 12
78 29 78
11 38 23
32 40 81
81 6 29
65 26 52
51 69 23
59 91 71
59 6 61
82 53 70
95 39 83
44 57 3
91 36 97
54 11 7
14 28 28
54 34 1
71 41 4
78 33 27
87 64 98
13 68 7
24 64 44
64 67 44
57 96 31
17 32 64
7 36 5
62 64 15
20 74 28
27 93 99
50 38 25
30 68 46
80 51 73
4 92 39
60 42 98
38 15 73
6 39 18
10 83 62
91 92 53
99 35 79
64 67 24
76 79 28
67 32 64
54 36 2
13 30 89
45 26 78
81 33 24
52 26 92
38 8 23
33 8 57
13 18 86
23 66 53
32 59 96
98 75 82
49 80 78
64 82 30
93 79 96
41 74 91
61 37 72
75 56 93
43 5 69
47 45 56
53 15 16
95 54 79
6 77 14
16 78 86
86 80 33
35 69 86
7 96 50
0 74 44
91 92 57
64 75 85
33 48 87
99 8 88
54 73 83
32 65 32
93 52 62
3 37 38
0 52 52
45 78 67
21 17 53
74 7 29
70 39 6
35 9 10
89 85 35
43 6 71
30 53 20
82 23 48
79 30 52
11 33 23
51 85 44
22 92 33
97 5 11
74 31 12
6 56 78
45 57 81
22 26 56
53 97 74
90 5 31
5 50 85
45 77 9
87 96 7
90 91 58
55 43 59
86 68 17
45 71 16
41 51 14
77 88 76
74 64 96
4 19 54
14 57 56
96 21 40
40 57 50
4 2 86
28 17 11
12 80 1
22 40 10
43 95 25
40 91 58
57 75 69
13 96 99
32 14 13
70 0 70
1 48 86
30 33 55
67 43 93
32 16 2
14 48 30
92 47 27
33 67 94
34 99 90
43 33 93
95 22 70
69 91 65
63 58 34
25 79 37
53 13 16
35 92 55
81 29 66
29 34 35
94 92 58
37 37 36
33 26 81
38 73 82
15 68 47
91 39 92
3 65 8
4 8 0
76 2 84
5 65 25
82 7 28
92 8 16
68 75 49
83 75 23
55 4 95
45 88 8
15 58 69
53 85 18
27 38 9
41 25 1
39 67 34
98 34 81
92 29 16
30 73 58
20 96 66
7 72 13
60 60 58
80 21 32
35 67 26
7 36 72
31 75 57
17 1 11
1 74 66
52 48 95
44 6 70
74 38 76
3 39 73
65 69 23
11 32 55
13 82 28
45 95 25
3 34 91
87 10 58
69 22 11
3 34 83
46 89 9
34 18 22
38 39 2
90 40 62
38 29 13
55 81 67
65 62 89
19 1 69
53 27 49
92 95 45
6 89 47
4 78 66
58 97 52
19 3 46
59 35 24
85 69 65
96 79 89
77 96 48
58 3 26
30 79 69
95 11 98
50 3 18
9 39 83
14 50 99
12 84 66
49 4 68
85 55 59
6 60 31
37 38 64
70 98 67
94 9 0
45 94 25
63 28 87
47 95 26
61 88 1
68 58 74
86 79 30
47 88 95
98 30 19
7 16 98
55 23 14
8 85 82
2 50 7
60 72 87
73 25 86
50 10 39
32 49 67
46 51 95
14 83 29
60 72 75
91 78 42
18 50 85
1 69 27
69 65 8
32 64 33
41 47 71
85 11 58
62 15 16
11 2 18
14 5 5
87 15 81
31 48 87
37 61 91
68 80 9
24 70 19
46 88 46
23 82 30
58 67 8
23 78 37
3 65 6
3 42 25
77 52 62
82 7 81
87 69 63
33 57 64
22 7 47
43 49 98
41 67 35
55 9 60
21 63 76
57 63 83
86 45 10
98 26 64
74 92 89
2 47 98
73 53 84
81 31 25
90 38 92
69 19 37
43 91 92
99 77 86
8 10 96
22 27 92
44 77 8
73 47 11
98 93 46
69 33 30
50 52 6
57 80 19
99 25 65
86 67 49
6 98 55
61 73 78
89 9 98
33 78 15
51 2 16
73 31 98
63 32 26
94 80 49
1 33 89
36 36 94
38 50 34
97 14 8
59 1 79
26 11 44
51 50 25
97 69 28
64 37 56
49 5 56
68 46 93
58 51 40
79 38 17
78 26 23
63 82 71
14 12 25
95 76 73
84 78 92
54 47 84
93 59 59
52 20 34
69 66 78
29 64 96
76 62 66
8 24 48
49 69 92
69 58 44
21 22 4
71 2 14
95 48 18
41 62 47
43 5 71
68 9 12
29 74 45
10 27 46
63 8 3
73 48 27
94 79 51
60 29 71
52 80 0
21 30 38
41 94 25
72 3 62
34 60 3
8 51 34
89 64 43
25 64 74
36 33 92
25 46 69
98 91 92
5 15 70
5 30 16
16 66 19
64 71 98
32 34 78
10 42 44
2 33 90
77 51 61
46 65 9
95 11 0
84 39 88
79 19 31
88 52 71
81 96 34
44 90 82
29 9 35
44 14 39
7 17 97
28 68 5
81 96 49
50 22 33
42 51 82
75 22 16
15 88 25
68 68 85
45 90 75
48 89 35
24 11 91
15 76 18
67 49 80
92 66 88
22 25 5
16 20 49
52 91 48
63 24 81
5 82 3
77 74 29
28 66 78
63 66 52
80 98 50
97 7 57
83 34 79
65 68 43
13 22 10
76 9 18
63 67 70
0 23 25
31 84 70
65 53 35
23 28 93
20 49 90
70 78 37
25 21 28
9 8 93
49 59 17
68 90 67
18 22 21
74 46 10
13 67 50
71 12 76
92 34 13
99 92 0
80 7 32
43 96 55
45 48 39
31 59 79
84 70 64
32 90 45
23 45 23
40 95 95
71 79 65
99 23 4
61 91 67
88 42 11
58 91 72
31 73 32
46 33 44
74 54 58
16 38 59
51 98 42
28 36 73
91 17 21
37 63 53
35 67 53
53 23 37
52 4 60
16 67 47
59 83 22
29 91 45
2 33 83
50 13 6
85 45 38
43 62 79
9 52 36
58 42 97
25 57 18
46 2 68
96 43 34
7 68 75
26 77 0
94 7 69
29 6 59
50 8 41
2 72 46
13 83 65
96 24 12
11 60 34
80 35 30
0 29 92
72 8 31
30 5 75
2 60 93
51 79 47
29 67 45
55 21 75
73 90 17
14 1 23
54 35 62
78 90 29
20 65 7
2 69 87
39 10 41
17 13 80
76 13 97
10 25 7
5 19 55
7 35 4
73 37 19
77 8 19
34 72 60
31 25 39
72 39 89
57 10 59
73 50 27
54 40 11
93 35 47
49 81 66
17 51 93
86 45 9
15 30 15
13 36 80
42 25 47
83 38 86
77 32 26
57 69 86
99 24 77
45 65 25
16 87 38
10 71 73
46 5 68
30 43 90
12 61 6
13 12 31
22 16 52
49 5 54
11 95 9
94 23 96
52 97 14
70 64 28
4 35 92
18 47 20
93 49 17
44 94 91
31 85 77
94 14 50
37 19 10
14 12 16
20 52 43
33 10 29
97 55 28
75 44 50
54 41 98
31 90 44
36 70 80
8 57 76
61 41 98
55 56 75
2 1 6
84 43 87
74 40 71
44 58 11
78 21 60
40 48 91
67 46 20
97 11 96
35 47 70
36 13 87
59 90 98
67 88 16
32 68 93
74 0 26
34 20 50
56 35 91
79 36 30
91 40 65
15 91 72
94 54 54
28 13 36
52 26 60
69 79 67
8 36 58
14 20 45
6 40 98
53 62 82
81 79 70
76 76 39
21 58 49
61 51 12
79 79 76
95 7 76
40 21 85
80 98 91
38 67 34
87 64 43
67 6 50
34 37 38
95 7 70
57 92 63
44 78 70
13 61 3
27 97 72
6 46 23
37 55 78
42 66 93
11 62 87
59 62 64
82 76 25
3 65 25
99 94 46
40 48 53
55 17 94
43 46 40
47 18 44
13 0 24
51 93 48
31 20 25
34 88 49
96 28 64
21 22 21
10 69 42
14 54 56
88 47 81
64 69 43
46 97 37
77 77 79
33 0 89
64 69 97
84 57 33
94 80 21
99 53 72
7 71 88
91 13 88
8 87 81
46 96 37
86 31 87
60 56 74
62 8 62
23 26 49
60 16 5
70 58 97
72 70 49
26 29 38
64 96 93
46 25 69
7 73 83
3 65 59
3 35 84
30 61 4
39 69 10
1 70 77
56 17 67
93 6 14
0 92 98
21 60 34
49 41 53
97 95 96
22 63 77
30 19 25
84 58 90
24 82 12
4 77 79
82 36 53
23 17 92
66 26 53
54 20 74
73 65 96
38 87 87
9 87 33
78 13 54
55 10 61
99 9 87
21 32 22
50 81 77
15 75 19
69 56 94
65 71 44
66 18 64
9 71 85
71 53 86
91 65 87
39 68 93
18 12 82
20 87 49
99 93 97
76 32 41
15 40 24
57 1 8
83 35 54
28 17 12
55 22 76
95 9 76
35 17 79
97 31 20
71 79 36
42 50 99
94 6 71
22 68 50
8 51 37
31 29 75
33 57 96
70 60 73
2 67 43
85 21 45
42 46 50
52 48 94
11 79 44
66 61 19
94 54 10
92 19 24
15 4 4
0 30 25
83 18 98
5 65 6
28 13 71
18 33 9
41 66 95
13 3 57
43 23 25
95 12 0
43 15 41
47 98 91
4 61 47
22 94 52
83 70 61
31 27 41
96 92 71
60 32 74
75 75 39
81 51 73
15 22 4
24 32 38
38 70 10
9 13 76
56 34 34
27 40 60
14 69 46
40 82 51
59 94 56
78 96 11
60 93 34
41 71 44
4 14 71
85 67 15
63 14 89
9 84 83
75 2 91
41 40 27
9 11 97
39 83 30
67 44 19
68 54 10
44 31 13
45 70 37
58 93 78
83 55 64
6 62 69
78 48 72
30 68 5
71 0 76
82 30 26
33 78 17
96 31 50
14 36 80
7 59 29
23 58 56
32 9 46
1 11 31
4 80 34
32 91 45
61 63 13
91 32 46
60 41 82
81 33 54
23 72 40
89 67 1
64 71 46
74 74 65
32 48 39
53 33 69
31 28 80
90 89 33
18 49 28
37 10 58
94 83 43
20 78 95
0 86 46
23 87 62
70 14 71
10 56 35
71 6 83
8 50 5
77 76 29
26 10 78
9 5 13
26 76 28
24 84 11
40 26 0
7 75 14
25 63 44
56 77 47
84 42 86
98 41 31
46 24 23
63 81 61
7 96 49
91 33 15
33 6 41
56 40 96
40 79 10
35 68 27
71 78 66
34 40 14
73 90 91
0 93 22
29 27 68
41 45 79
30 59 63
94 22 64
77 63 40
78 31 26
86 67 66
80 58 74
26 45 23
68 15 19
4 61 94
16 93 92
52 30 9
49 24 31
1 89 47
5 76 79
27 37 96
72 74 63
26 39 55
16 78 50
14 39 84
89 82 38
59 5 48
52 50 85
14 96 0
17 11 61
50 5 78
2 83 99
75 60 22
26 4 10
78 78 52
45 48 45
57 30 33
87 97 8
37 92 56
67 15 93
99 80 57
70 28 6
77 96 8
28 13 3
90 90 34
1 78 33
1 55 2
46 4 78
76 91 76
69 30 85
5 61 70
69 54 12
76 15 39
85 70 92
54 11 53
39 5 32
19 3 34
90 74 13
30 72 56
69 50 98
61 71 44
72 24 85
5 79 36
74 2 12
26 46 33
68 5 85
43 65 94
66 99 92
17 38 75
96 54 81
58 2 77
48 98 38
98 86 20
39 25 37
37 94 94
27 9 76
13 14 53
48 37 23
41 78 10
58 4 27
59 31 62
91 26 70
26 3 14
53 52 7
62 59 20
97 42 16
26 18 14
21 51 43
14 7 7
34 14 92
52 15 82
19 31 26
55 16 67
18 87 51
29 27 43
4 17 44
53 14 18
20 37 92
29 9 81
43 90 8
58 78 2
78 37 17
20 25 2
94 26 71
15 76 26
84 44 40
70 65 79
37 94 88
20 22 2
53 29 99
55 12 30
23 92 33
37 2 87
58 56 82
64 97 93
44 68 13
68 38 51
69 66 8
80 78 69
85 44 53
64 68 71
61 30 25
58 93 79
40 92 57
3 67 58
39 69 63
44 65 23
24 79 35
40 11 41
33 90 53
21 42 11
71 14 95
44 51 68
39 50 19
32 42 15
77 58 84
92 21 96
54 36 62
82 44 0
43 5 96
79 32 40
36 87 68
48 47 52
78 98 6
28 13 27
22 29 73
86 81 21
17 91 8
88 45 28
43 21 26
20 79 84
87 49 81
52 98 12
0 67 11
33 18 94
78 3 81
33 64 33
48 80 11
19 73 25
27 48 71
51 57 4
5 63 44
40 28 35
1 7 20
12 5 21
46 71 71
22 41 92
42 2 86
29 99 23
72 67 83
98 60 49
49 9 91
35 10 11
10 59 83
64 23 92
3 48 9
61 30 31
34 51 69
31 0 91
51 92 47
11 19 81
42 21 53
81 87 31
64 81 28
53 28 49
88 12 54
55 90 77
32 25 44
12 48 53
88 84 25
37 4 12
2 3 73
24 61 77
68 54 50
29 66 81
34 47 69
17 92 7
89 52 52
49 22 29
41 76 51
3 49 88
13 24 46
5 45 75
28 35 74
32 42 99
37 40 35
58 58 48
7 81 63
20 66 97
78 71 85
34 50 39
21 36 84
85 68 16
41 9 80
46 52 52
86 44 5
94 28 17
90 48 96
64 23 18
8 59 36
9 28 47
42 66 81
83 37 89
56 32 59
51 69 29
40 92 10
1 18 21
81 42 99
8 9 93
25 64 24
59 9 18
33 79 18
57 79 53
13 95 9
71 45 10
91 89 58
66 89 15
32 77 25
32 3 64
38 39 1
89 16 24
47 65 42
82 6 27
32 21 23
17 88 50
56 9 60
49 66 72
87 44 27
94 82 20
76 32 40
73 23 87
64 20 49
2 74 65
91 98 55
44 49 99
50 0 39
85 41 40
33 65 76
55 24 3
85 97 88
35 36 80
3 73 66
15 99 41
77 2 8
27 57 64
36 18 82
33 14 96
57 18 25
72 88 3
96 42 14
11 68 9
41 47 52
71 80 59
47 4 68
20 64 9
23 90 77
47 18 2
90 63 90
44 30 14
79 28 34
34 26 81
82 32 71
72 24 51
52 21 52
89 40 63
80 58 73
70 13 72
53 11 38
48 99 37
57 8 59
81 33 34
13 1 58
88 54 68
21 65 98
4 50 8
5 61 46
10 54 35
56 14 12
6 1 73
95 80 90
39 97 95
15 78 52
66 14 74
35 50 72
21 86 72
59 77 56
1 42 32
91 91 76
68 90 65
33 89 49
79 13 54
44 63 96
38 66 61
33 66 27
26 76 1
99 0 6
51 97 13
20 27 42
10 21 11
25 3 11
15 58 95
77 2 82
10 26 25
42 14 42
9 65 95
30 49 41
15 92 92
42 19 86
86 10 73
13 58 69
15 92 91
50 99 12
5 82 36
2 86 57
26 36 6
69 93 8
20 50 51
65 47 76
46 25 24
53 41 99
67 7 13
49 96 69
50 87 84
54 56 77
52 26 59
91 30 16
42 17 80
49 76 61
88 79 34
28 94 0
31 87 60
48 35 22
69 2 51
89 78 94
58 68 66
87 23 96
10 87 34
48 18 45
66 60 18
83 13 32
88 85 36
37 51 33
56 58 88
29 57 96
89 12 57
32 51 99
99 89 72
30 93 42
43 46 84
4 48 89
14 56 37
35 23 24
51 58 92
6 35 5
29 17 58
18 75 19
27 74 29
49 4 77
25 75 98
50 68 37
34 20 22
6 70 86
9 39 75
68 53 13
79 78 70
48 84 55
82 97 33
31 53 1
90 24 3
24 39 64
50 69 88
93 66 75
45 77 41
80 74 7
75 12 96
29 96 45
24 45 24
48 84 37
33 7 54
5 62 32
22 9 65
55 0 75
77 44 50
20 52 19
23 55 20
74 13 39
22 21 98
70 41 28
78 27 24
47 65 15
81 0 74
29 63 33
67 50 44
32 90 49
87 42 76
5 77 65
53 32 7
17 17 92
41 69 85
48 42 69
64 57 34
44 66 25
18 82 74
51 14 70
95 29 18
24 89 77
82 96 33
18 99 78
34 52 74
39 7 25
43 61 81
7 64 4
96 87 7
33 83 69
13 0 58
14 20 47
33 20 59
37 53 34
65 93 62
31 8 83
13 15 53
65 69 70
67 76 49
79 64 13
96 60 94
27 97 13
45 41 54
72 82 16
28 8 19
34 22 58
18 72 95
37 88 69
23 84 12
31 77 24
34 45 70
73 31 9
94 14 49
73 50 74
5 1 74
58 53 82
61 59 50
97 60 49
94 8 73
4 33 5
93 50 17
66 64 57
33 72 62
95 8 71
25 4 9
91 33 13
64 16 17
6 60 30
13 45 30
33 45 25
32 48 88
1 62 49
41 85 17
59 30 60
46 67 23
65 55 34
33 68 27
54 33 0
63 61 87
80 73 6
59 2 78
16 28 88
75 55 12
3 72 67
38 52 33
26 13 43
96 40 29
19 10 67
79 27 26
36 16 79
26 92 98
27 66 98
29 16 11
45 51 96
66 19 63
43 89 46
46 25 77
19 3 45
73 2 75
65 3 71
34 7 53
4 78 79
32 58 97
13 82 26
52 56 3
77 89 77
37 91 34
35 98 91
69 63 29
9 50 38
19 73 24
77 33 7
14 59 94
49 77 47
31 25 43
31 83 33
16 37 74
83 1 97
44 50 97
48 15 61
69 44 78
91 21 67
12 22 44
7 57 44
81 43 0
40 76 10
16 57 96
91 30 47
79 61 9
86 22 46
71 38 29
63 24 39
91 1 45
34 68 29
80 12 82
97 3 48
62 10 90
60 29 18
99 61 49
37 67 64
21 10 66
34 37 36
30 75 46
10 3 58
14 8 41
68 44 40
13 97 7
79 96 44
40 24 0
72 12 75
60 16 15
73 12 96
79 50 72
14 85 98
19 3 48
60 28 17
62 0 12
10 37 23
62 25 17
59 29 76
83 3 97
11 38 57
26 22 17
50 79 48
72 4 64
50 99 19
52 48 85
76 75 30
62 7 6
45 39 52
99 67 53
53 94 47
25 98 15
71 59 55
86 44 10
69 38 65
51 41 98
69 38 62
23 16 34
53 71 35
60 89 20
38 74 32
17 79 85
34 22 61
49 52 73
55 35 61
83 15 41
32 92 48
92 51 63
3 21 90
76 11 18
20 24 75
60 84 43
48 17 93
92 93 58
52 6 37
40 3 7
63 80 2
25 99 36
95 8 74
76 61 5
32 0 90
31 58 94
77 29 28
16 79 88
67 17 64
15 13 23
99 74 81
99 53 70
45 66 24
66 42 17
91 18 81
38 35 82
58 81 62
66 33 87
75 91 90
63 32 30
33 31 64
82 4 83
30 99 25
21 5 83
69 69 47
61 40 2
71 82 60
14 99 98
36 62 90
62 30 28
41 34 20
10 34 55
79 29 40
79 41 90
51 48 84
52 79 1
68 31 29
21 71 79
39 75 9
48 98 39
64 24 82
69 79 38
22 66 54
74 33 59
61 31 68
37 41 86
74 1 20
69 41 28
12 41 84
62 35 36
55 9 10
37 50 19
65 59 74
68 90 66
66 0 48
40 13 71
65 61 66
41 7 96
43 96 74
98 86 75
64 66 51
93 83 42
43 55 43
9 36 57
31 28 66
66 11 24
94 65 76
60 3 24
94 64 27
50 6 78
56 82 68
1 84 98
40 72 45
64 15 18
2 22 63
93 54 9
16 22 6
81 21 5
62 90 98
19 74 26
89 24 2
17 76 28
17 4 35
65 24 87
73 0 20
3 10 62
35 36 37
59 68 78
23 30 38
88 80 31
35 14 90
58 23 46
15 12 19
99 67 3
33 7 83
38 73 33
34 59 65
82 25 21
31 81 10
29 48 71
77 25 23
28 26 68
90 35 94
60 0 31
22 29 94
24 41 24
34 82 69
57 71 22
71 5 41
93 37 48
32 18 0
42 33 59
33 48 71
55 27 34
11 3 58
25 31 67
43 89 8
83 61 43
46 58 0
77 17 32
30 17 10
65 10 25
78 63 22
20 96 22
12 33 24
5 23 66
70 41 63
4 46 76
71 73 76
42 6 97
32 14 87
26 66 78
87 69 16
81 67 2
15 80 88
86 10 21
96 41 15
70 38 66
53 26 93
3 25 0
28 9 63
1 97 52
0 43 60
83 79 54
56 1 76
62 90 68
98 20 39
12 41 85
41 43 83
62 78 15
33 6 55
63 58 19
28 67 99
63 93 46
47 15 52
20 47 79
52 25 83
84 56 32
84 69 90
2 1 8
30 33 64
26 75 0
3 29 84
19 6 91
56 28 79
50 37 21
38 39 3
50 46 64
71 8 29
43 89 48
16 31 65
22 31 37
48 82 37
46 16 45
68 21 38
83 10 60
98 50 68
13 13 16
33 68 94
28 67 47
25 45 23
1 43 10
87 1 48
99 97 59
19 13 81
29 72 58
14 88 23
74 39 31
80 21 6
76 75 87
11 52 33
71 31 98
64 99 94
83 78 55
43 54 50
68 1 50
23 39 64
66 11 52
23 86 17
17 97 0
30 85 76
87 80 31
89 63 89
3 74 47
75 55 39
11 6 5
69 55 93
14 21 46
64 77 27
49 78 47
84 71 29
64 56 91
35 34 14
95 90 83
34 16 79
