76 78 74
56 27 93
46 50 78
66 17 11
40 37 72
38 79 81
78 2 44
26 61 67
70 23 2
50 34 2
75 17 9
56 87 34
47 58 2
15 58 29
23 68 60
70 75 31
62 83 61
49 47 81
65 14 96
52 86 54
49 49 69
28 25 45
19 62 72
0 47 31
72 94 56
77 52 40
11 75 58
25 23 71
97 12 99
9 82 99
80 62 35
12 63 82
77 64 57
58 52 92
90 89 77
64 32 48
10 50 41
16 97 92
97 50 20
34 28 70
6 59 78
23 42 12
5 60 78
7 15 96
49 3 59
47 99 31
66 20 68
86 46 37
44 28 90
11 54 13
91 7 3
66 88 43
98 40 67
79 22 37
88 49 79
49 98 40
63 0 25
89 49 30
69 27 21
89 16 73
24 68 8
85 59 76
99 92 7
11 62 30
19 27 52
55 28 90
23 92 47
95 69 42
19 10 23
70 79 40
95 36 95
25 44 52
18 19 12
67 7 65
69 57 69
79 90 35
66 51 66
4 78 47
66 95 43
42 11 86
38 42 14
52 99 46
40 20 75
19 97 66
94 76 45
3 54 15
75 81 24
74 39 94
64 62 15
40 8 24
13 5 77
7 92 79
6 19 65
26 10 80
49 75 36
31 46 51
94 14 65
63 73 45
96 23 17
61 44 94
96 2 71
97 55 79
72 7 57
37 25 67
46 7 37
80 8 56
38 6 58
20 64 66
72 47 52
37 57 51
95 98 59
74 92 73
69 54 52
70 52 22
89 93 22
57 67 87
88 55 65
90 30 97
70 64 18
42 93 7
46 68 28
25 64 73
77 73 91
79 25 61
70 14 94
19 69 35
41 50 65
73 5 66
20 53 66
80 44 44
45 21 10
67 52 45
84 53 72
40 30 61
45 43 68
14 5 52
35 39 81
17 97 10
83 6 63
24 14 4
25 15 10
37 50 17
24 42 93
91 93 21
50 18 34
94 69 32
63 85 71
51 26 91
88 52 52
16 20 49
25 0 12
84 9 46
28 9 18
93 18 43
98 83 71
9 58 90
24 71 24
30 51 66
46 0 40
89 36 64
99 86 24
45 3 10
83 89 29
25 10 57
15 88 87
27 90 96
34 31 65
68 61 84
79 88 3
32 19 14
57 69 66
19 39 92
70 48 85
71 22 30
92 82 3
33 34 86
29 86 65
77 62 33
53 47 96
88 40 17
3 11 92
78 78 59
95 92 8
4 53 91
3 27 98
40 5 69
98 38 41
43 22 81
74 58 11
87 47 51
90 90 12
38 11 15
63 86 83
48 81 60
69 0 78
95 65 13
3 60 55
60 23 93
30 54 48
73 80 59
19 14 95
38 43 45
15 60 72
73 66 96
7 25 59
66 4 64
84 11 28
85 1 59
83 59 89
81 42 23
6 84 62
60 13 70
30 84 73
46 30 49
79 48 94
7 19 71
53 51 65
94 37 95
37 27 45
16 63 25
74 21 4
19 2 24
52 6 95
69 0 65
56 51 8
57 86 55
42 45 94
92 23 0
22 41 49
74 12 75
1 10 91
32 1 92
98 68 35
61 58 22
23 73 26
77 13 79
83 83 33
47 61 7
9 38 8
63 44 35
94 44 69
77 1 37
70 76 96
79 64 89
61 77 22
0 9 13
5 17 39
32 86 15
75 65 32
0 58 20
56 30 99
26 45 83
28 78 60
60 52 40
59 83 55
3 0 23
96 14 90
12 13 92
84 18 73
14 71 32
70 45 35
23 98 29
41 50 12
9 81 32
26 14 62
42 91 40
18 23 33
27 47 6
1 62 26
58 56 37
97 58 67
19 92 71
60 15 4
38 50 30
65 38 80
82 22 34
65 84 67
25 32 26
58 76 58
87 20 68
59 20 36
72 88 71
88 83 72
74 55 87
7 52 0
33 72 79
81 26 37
43 74 16
65 37 2
57 82 37
49 41 10
88 59 44
66 9 27
24 99 46
21 72 89
41 57 14
98 85 21
84 6 84
46 87 95
77 92 35
31 29 48
84 44 99
77 35 44
76 51 8
42 45 0
62 98 90
16 74 27
10 68 70
61 91 69
18 93 27
48 64 90
19 65 39
95 15 28
18 43 19
37 61 34
60 91 22
33 7 32
63 46 1
81 56 51
2 18 49
96 34 68
90 51 25
3 90 16
38 4 90
76 50 77
11 63 69
85 51 36
62 19 89
26 95 77
2 30 74
28 49 92
14 66 11
7 41 43
71 50 38
98 7 72
95 3 80
75 98 30
36 16 45
23 91 60
15 73 57
91 77 59
89 95 21
58 98 65
10 85 49
31 43 11
12 63 47
30 80 20
63 11 13
88 13 88
38 42 92
12 69 80
75 73 98
51 60 48
51 63 90
27 32 56
15 45 87
82 92 1
9 37 4
81 24 96
34 89 15
67 73 80
54 20 82
29 46 80
55 56 35
36 57 36
22 95 37
91 69 92
17 30 51
96 36 73
58 22 5
17 87 84
17 73 27
86 2 83
96 49 58
89 25 17
98 82 16
74 1 18
83 24 24
60 71 61
77 14 40
50 40 76
64 60 16
65 90 10
79 52 72
66 55 7
83 4 51
81 23 39
87 5 98
65 57 93
6 87 44
43 44 45
4 40 85
82 22 45
83 68 58
90 8 60
35 73 19
86 19 34
35 79 45
51 15 0
64 30 27
34 64 1
21 86 38
58 81 37
41 48 35
58 66 58
97 11 67
43 23 84
25 49 65
54 47 19
66 19 49
2 65 17
87 76 24
3 75 80
72 83 29
61 52 41
34 29 77
36 91 67
87 37 27
70 13 59
96 8 34
38 81 38
21 64 51
86 37 86
51 67 76
24 33 46
19 75 72
75 76 73
22 5 95
14 92 83
64 88 34
42 33 16
65 62 2
38 77 85
76 36 52
42 12 30
11 9 16
54 52 57
3 29 69
12 39 81
52 23 73
84 74 79
90 50 24
10 26 90
62 18 83
27 65 81
32 31 94
88 85 12
83 83 87
90 85 71
23 66 52
72 79 42
2 95 18
30 99 1
83 53 49
34 78 61
61 9 37
48 50 70
7 92 63
58 93 44
71 13 28
25 0 75
69 70 32
65 71 39
28 26 67
23 69 12
92 42 83
42 75 17
26 74 41
93 20 62
38 86 15
48 18 2
57 60 96
68 29 85
2 92 70
94 36 9
40 92 86
17 64 18
2 66 18
56 0 63
0 36 39
18 80 48
13 90 17
53 95 39
20 66 46
58 26 68
34 34 96
99 31 51
48 6 13
18 87 26
29 78 37
70 52 23
17 85 57
71 83 93
54 84 92
71 11 82
70 26 8
69 6 88
35 93 87
41 82 11
52 7 71
99 73 97
85 79 71
11 19 62
15 70 83
60 77 10
68 26 62
47 29 23
32 20 53
5 22 45
81 18 45
9 25 32
85 35 42
47 89 95
34 88 57
7 35 20
8 17 37
18 19 9
67 22 39
70 22 3
73 62 0
84 81 45
58 67 57
52 48 53
14 93 23
60 41 76
66 14 75
75 19 28
50 28 38
51 68 74
28 68 66
72 30 48
24 8 55
13 47 59
52 63 36
78 99 24
27 80 90
71 18 15
88 28 85
87 33 80
22 71 84
7 95 56
16 84 14
22 89 43
23 92 63
35 44 20
29 98 10
84 36 63
37 93 7
51 62 5
23 91 48
8 0 72
57 9 50
27 8 19
66 85 54
22 79 55
93 73 21
94 2 79
36 10 3
84 97 15
37 58 26
13 19 63
90 58 49
25 22 57
80 13 33
88 2 96
39 35 96
67 64 73
69 97 65
99 43 20
3 17 56
73 47 66
79 10 84
17 5 47
31 95 8
20 75 49
13 32 36
53 69 68
3 76 4
24 76 58
62 59 36
22 85 91
88 71 22
68 91 99
51 91 32
74 69 95
4 43 25
32 64 48
53 28 56
80 32 41
21 64 6
97 1 42
59 94 83
17 26 29
93 95 98
33 45 66
73 14 49
78 22 4
45 64 42
51 82 47
84 78 74
43 73 74
91 66 95
27 74 50
28 98 32
36 14 90
44 17 56
34 42 3
77 38 73
59 67 6
56 8 89
64 44 6
20 23 21
90 23 76
22 2 53
23 26 95
43 25 70
25 85 97
31 95 39
79 84 39
48 73 94
95 56 21
0 31 76
41 5 60
34 24 2
77 65 36
44 37 44
90 1 8
37 66 12
55 98 88
13 20 64
68 28 86
61 36 94
61 87 32
60 57 22
26 44 33
72 12 62
36 49 24
3 77 36
7 42 36
82 72 4
87 32 49
0 12 2
65 45 9
81 42 91
42 37 41
94 37 24
4 35 71
28 18 54
84 82 77
14 39 6
7 71 51
36 14 8
19 27 53
82 67 98
10 79 76
67 10 48
15 98 15
82 69 42
72 63 96
71 64 92
57 93 98
49 96 23
31 17 78
42 47 30
44 34 91
74 12 1
65 83 56
68 34 40
34 43 0
49 69 91
52 95 71
96 69 98
86 56 22
13 22 6
27 71 95
74 99 40
71 63 49
76 60 49
51 42 44
50 38 68
17 41 24
61 86 92
87 29 81
21 73 13
27 59 97
19 53 57
38 63 58
67 89 64
47 94 69
15 42 26
1 24 10
51 60 29
97 22 96
14 56 0
45 70 19
6 52 38
0 70 74
88 13 13
74 4 32
31 41 25
87 94 85
50 91 99
57 88 85
70 43 27
42 6 36
70 9 68
83 10 57
14 22 69
8 71 52
74 96 80
64 67 70
95 31 69
42 52 77
29 43 43
46 33 1
72 53 16
76 73 35
53 62 4
54 64 40
46 69 32
75 91 12
73 69 51
92 9 43
21 64 21
12 38 20
72 19 99
91 70 89
88 75 67
97 29 19
34 33 7
74 9 37
2 26 47
37 17 88
6 15 1
77 83 95
59 98 19
42 62 63
14 81 43
46 10 42
94 59 69
71 13 93
43 77 82
34 72 20
63 89 74
76 6 52
60 94 20
2 66 61
25 45 9
13 1 35
3 65 18
3 1 41
5 88 88
54 33 92
43 74 11
74 62 0
53 75 63
23 38 52
57 11 39
20 76 81
50 95 71
68 42 65
19 4 84
23 46 18
33 71 5
72 93 84
78 92 36
60 55 75
86 67 85
14 59 83
18 3 5
68 13 11
1 23 77
98 15 46
24 56 72
67 79 51
48 54 52
75 49 89
77 73 21
45 46 59
9 9 82
88 1 94
78 67 97
38 35 62
97 43 86
79 60 68
16 66 39
93 10 21
48 67 42
16 62 6
18 61 28
27 9 83
50 89 61
79 34 42
8 46 83
38 8 55
15 13 5
97 60 49
56 96 93
32 15 67
79 12 69
46 37 23
0 94 87
86 35 35
19 72 13
66 34 16
90 31 62
26 97 39
59 7 61
13 43 61
21 60 84
63 5 7
71 96 40
65 37 68
14 68 24
25 43 92
44 52 90
66 11 61
32 49 52
83 23 41
35 50 92
40 73 1
49 33 43
45 96 75
60 35 77
0 3 84
87 17 41
70 43 5
23 19 27
20 40 40
53 74 31
77 74 37
84 84 85
95 4 95
70 54 99
50 71 72
73 44 51
13 85 92
98 5 17
68 6 14
30 67 21
8 39 28
2 30 33
47 37 36
58 69 74
20 45 8
31 82 43
7 26 26
40 66 66
32 33 56
41 57 31
27 6 75
50 97 93
29 13 67
9 19 65
99 37 82
84 32 25
91 89 26
13 92 8
70 66 42
37 58 30
44 11 98
61 44 99
17 62 83
21 64 24
69 93 58
91 8 62
51 38 40
34 43 16
59 62 78
73 31 64
14 47 10
87 85 81
2 77 78
84 22 52
10 72 43
81 45 44
60 41 82
27 79 57
73 34 51
93 55 39
35 30 36
80 21 36
33 73 19
60 42 1
63 54 95
97 6 71
94 70 5
76 51 22
35 77 76
14 23 48
15 9 91
46 76 47
31 77 96
13 30 19
71 8 4
85 36 90
61 37 21
15 91 72
28 40 49
50 39 61
90 39 51
85 0 4
45 4 54
69 76 93
82 80 24
81 53 41
48 49 91
53 76 7
2 34 98
98 56 79
80 78 12
48 34 43
2 78 79
12 53 54
15 40 64
53 59 16
59 39 88
47 96 51
83 31 18
37 96 12
88 77 96
28 46 63
4 57 76
57 44 12
76 88 51
14 83 64
78 44 94
7 91 10
11 58 3
38 78 47
31 68 92
65 78 85
20 78 96
88 40 28
94 66 37
94 81 87
69 84 49
39 59 99
82 84 47
79 63 99
27 81 32
98 16 91
52 68 48
16 3 27
78 27 42
38 85 32
51 93 50
47 33 96
28 10 29
38 41 56
24 98 95
1 49 29
51 14 44
64 41 97
52 19 8
71 93 50
28 2 25
10 3 15
33 55 84
36 45 12
4 25 83
64 21 23
96 60 99
97 35 47
86 82 57
37 35 88
38 30 4
22 1 85
98 89 39
57 93 28
46 91 48
48 68 11
28 0 24
23 42 58
49 73 13
11 17 28
95 82 76
87 92 89
64 23 50
32 56 67
9 70 38
79 35 41
78 85 28
26 51 88
27 49 26
69 92 36
3 44 12
94 75 98
35 26 23
52 11 92
55 72 62
70 5 87
92 32 15
41 2 0
10 19 4
54 59 88
90 29 17
17 46 33
92 35 59
55 0 64
89 23 77
88 32 10
14 4 77
72 48 52
78 46 82
88 9 12
70 34 4
72 71 47
37 69 80
42 24 26
5 21 4
92 57 14
28 93 34
88 92 44
1 79 51
55 37 86
73 88 55
81 71 47
31 65 74
56 71 7
52 24 87
29 91 74
37 82 98
0 97 74
41 20 99
82 18 96
48 85 81
76 71 50
57 19 67
20 35 32
92 96 81
83 18 42
84 42 85
11 9 20
16 45 11
78 13 8
61 78 10
95 54 42
16 39 84
72 97 39
29 71 27
95 26 86
98 17 72
48 97 9
59 3 87
45 20 60
39 79 98
31 15 31
12 30 66
75 30 63
4 54 50
71 36 60
73 11 49
55 48 86
49 55 8
72 70 74
20 52 30
43 16 9
19 24 20
95 64 16
42 56 20
12 78 8
78 53 79
14 44 58
19 27 74
0 97 40
68 31 33
12 96 23
48 45 3
4 14 74
51 0 80
30 92 52
4 74 19
20 50 56
35 2 90
33 33 53
49 2 66
24 30 31
19 17 31
79 78 49
89 13 14
50 74 4
97 66 15
22 43 95
15 57 25
66 34 90
96 2 31
83 18 71
47 15 0
47 95 24
24 81 49
36 2 97
11 4 49
80 53 27
59 90 6
57 1 34
8 65 31
71 55 29
57 78 62
62 12 63
35 25 22
35 90 60
85 11 33
50 42 73
37 89 83
4 71 85
55 32 58
46 78 55
60 79 47
87 38 85
88 59 9
40 31 66
38 83 79
49 35 34
68 25 33
13 14 92
43 69 47
80 58 7
12 13 33
45 65 16
84 9 87
16 33 67
4 39 62
18 68 55
21 19 48
80 46 0
37 96 58
72 19 25
42 20 41
25 95 16
23 43 3
6 54 37
16 3 29
60 42 75
26 80 54
37 64 51
18 76 32
46 16 44
92 64 97
44 42 7
10 16 14
46 61 94
20 46 72
10 40 76
59 1 72
29 50 68
22 20 1
74 85 28
65 3 24
6 90 50
91 61 28
5 32 35
34 76 82
32 76 75
6 68 89
17 83 81
93 19 90
32 52 15
29 76 70
18 66 31
59 12 89
66 41 41
85 60 35
73 14 6
84 88 11
65 67 63
69 0 71
19 81 48
67 55 7
1 99 86
13 77 30
9 77 38
92 80 65
99 88 66
45 11 79
33 43 79
6 22 51
92 84 56
64 47 21
34 37 26
13 60 51
30 25 80
21 12 36
46 45 9
42 21 88
10 45 99
51 80 93
64 92 85
83 59 13
4 56 59
26 9 94
42 57 21
14 21 44
39 58 49
44 39 61
89 63 51
56 48 39
54 10 78
46 64 11
58 14 44
87 35 52
50 73 68
10 38 13
64 17 58
14 8 42
47 17 22
32 11 73
36 87 86
14 72 31
57 86 35
19 47 25
61 94 92
56 37 79
79 13 44
50 24 38
62 35 12
30 95 40
68 32 16
62 56 70
24 61 13
52 35 25
7 75 63
84 56 46
30 45 47
10 91 24
2 5 40
78 36 63
17 80 34
16 56 54
67 90 64
54 13 44
5 12 90
39 61 12
54 90 92
60 25 2
66 62 47
46 12 2
66 8 77
75 48 36
26 1 73
10 29 26
7 41 64
76 13 61
34 97 46
49 64 22
47 34 29
38 12 73
46 59 81
0 49 53
3 44 26
15 55 8
99 50 81
32 11 2
76 66 63
6 97 27
77 24 23
78 89 99
5 53 38
74 20 92
6 46 63
40 86 16
33 77 79
76 81 16
21 47 48
13 69 56
59 71 64
79 73 9
55 79 54
31 0 77
36 27 22
19 23 17
50 15 12
3 24 16
4 26 83
34 26 86
95 81 89
2 65 98
83 12 76
33 13 10
99 17 63
85 74 26
84 4 50
79 19 26
79 32 40
58 34 41
64 92 55
0 15 85
4 7 39
48 10 67
10 95 42
26 34 49
23 23 71
34 45 30
12 76 4
8 10 17
23 15 79
64 35 48
24 28 13
94 94 21
72 81 85
57 74 79
72 95 7
80 91 86
23 72 86
28 16 13
33 85 68
77 26 11
6 54 68
33 46 66
4 15 93
31 88 65
28 68 45
17 23 82
81 39 80
43 7 12
78 52 39
42 68 67
2 18 57
2 0 28
85 51 56
20 82 20
91 42 83
18 11 84
69 84 42
25 69 9
40 31 31
22 9 50
0 69 57
83 72 23
9 71 84
86 68 29
17 32 86
52 98 85
61 66 11
1 66 30
33 53 22
85 99 69
14 4 63
95 34 0
88 17 1
52 32 66
90 3 36
15 34 53
36 80 45
54 94 31
77 21 41
87 23 69
17 55 89
80 45 15
85 17 75
91 68 84
19 69 1
24 32 25
11 88 86
92 26 92
67 61 16
7 74 38
83 95 37
73 35 10
15 32 10
52 78 64
54 65 23
77 70 75
49 69 24
13 28 36
8 12 70
81 58 78
63 48 20
20 10 53
2 32 51
11 61 46
95 96 16
45 31 49
99 94 89
83 53 5
80 4 36
64 43 89
74 17 29
31 66 49
35 65 0
14 49 66
66 41 63
41 58 21
5 73 81
76 52 67
11 67 6
60 37 57
47 63 71
26 93 42
53 23 32
69 67 78
5 44 17
62 48 36
38 45 62
58 79 99
87 58 54
68 81 82
54 43 87
11 42 83
25 37 35
37 23 28
38 78 78
47 22 50
47 62 72
10 7 65
77 83 80
53 11 24
23 49 13
29 69 67
28 31 70
27 44 4
47 96 89
18 5 73
31 21 5
39 69 91
71 68 8
46 88 31
0 80 25
54 84 8
21 30 30
72 68 87
11 46 8
59 84 65
27 69 67
24 51 77
7 77 90
32 6 87
8 76 17
6 2 55
91 69 96
31 56 31
48 88 89
49 11 1
70 69 25
60 91 96
8 67 46
11 17 76
96 85 69
94 82 32
37 61 74
32 30 57
63 12 33
62 33 80
74 21 5
96 93 44
88 44 72
22 6 26
41 39 94
70 88 62
6 6 40
84 99 13
77 52 48
9 91 28
25 59 71
78 64 98
97 7 44
6 97 77
46 41 73
60 4 87
16 95 41
63 68 87
44 99 47
18 80 91
91 80 47
83 11 64
87 69 65
62 45 23
11 11 34
86 6 31
41 16 24
96 84 57
83 60 5
97 20 74
52 45 1
42 51 38
71 68 69
21 66 91
9 95 28
92 65 15
90 84 60
23 8 85
55 95 94
14 84 68
92 19 81
34 77 97
28 92 81
67 61 71
18 25 78
1 36 60
16 95 86
69 71 44
47 66 75
52 71 21
95 54 24
59 68 38
66 14 7
5 82 24
87 42 6
41 37 83
74 33 14
44 12 89
78 79 48
50 20 28
28 25 39
94 93 94
39 34 26
58 84 54
55 43 24
19 71 59
47 71 58
63 45 77
34 16 80
8 77 45
22 7 98
73 62 75
71 33 68
61 35 93
76 83 18
3 89 84
99 15 20
10 25 42
67 34 44
4 1 74
79 30 62
54 23 22
86 71 33
40 4 97
88 93 23
10 40 95
48 11 2
32 63 81
50 70 81
96 13 26
12 36 12
78 84 21
93 68 9
82 41 49
69 36 13
87 20 36
79 14 43
53 37 38
85 92 55
24 50 60
38 45 42
14 5 59
69 70 48
73 36 7
74 33 13
96 93 49
70 76 20
22 31 9
69 35 11
74 7 93
1 62 58
84 93 52
65 64 0
34 4 82
79 90 39
9 63 89
96 8 69
56 83 68
53 15 0
24 60 33
90 81 30
58 95 84
45 70 61
0 52 31
22 62 58
0 53 9
5 28 82
56 46 80
28 8 83
40 25 20
11 64 48
48 2 45
88 38 61
67 11 4
76 81 44
60 71 31
2 33 2
43 92 42
36 60 14
87 59 1
26 62 20
7 57 0
27 32 78
75 66 34
51 87 27
24 53 32
85 90 10
54 80 26
7 12 53
9 45 75
22 56 82
54 62 59
82 6 57
40 71 99
55 36 80
17 20 42
57 12 6
27 45 22
70 43 96
38 48 28
95 88 34
33 18 41
20 92 92
11 7 65
32 97 71
48 5 51
34 61 19
35 12 32
7 13 38
7 8 56
40 31 95
32 48 69
47 33 1
99 67 66
68 59 69
39 82 91
20 10 37
14 18 44
40 10 49
8 94 27
92 71 31
62 52 38
41 72 99
64 25 44
49 64 46
81 56 98
70 47 96
55 45 72
96 58 31
3 90 73
96 85 73
21 14 18
62 77 21
79 94 12
15 45 48
95 85 88
79 37 49
54 59 68
62 72 23
18 91 95
56 77 90
82 64 46
0 43 40
35 97 98
93 10 42
99 73 51
64 78 16
92 94 74
72 30 18
58 18 21
77 89 12
51 84 38
15 74 76
79 74 36
92 61 67
75 99 54
40 50 4
3 10 4
40 17 75
89 50 83
38 52 99
30 34 97
47 83 77
68 38 73
36 25 9
71 83 54
29 28 88
31 46 96
81 51 46
13 89 75
83 70 88
84 55 63
77 24 15
37 45 30
82 54 61
61 56 55
88 33 49
94 64 85
89 2 77
57 55 47
27 29 84
60 37 14
82 94 58
1 51 72
97 47 59
41 0 8
37 87 78
52 37 64
78 24 22
2 97 74
6 68 20
8 29 52
46 94 53
39 76 65
70 54 80
58 73 25
56 42 1
17 23 88
73 63 12
37 60 56
62 15 65
67 43 66
96 56 54
63 98 69
52 34 11
47 3 46
96 98 94
89 27 41
33 34 5
20 76 28
70 87 99
73 39 53
0 83 46
80 40 86
56 8 63
11 7 4
40 19 92
15 52 94
34 30 10
14 3 77
35 79 33
96 39 55
18 80 24
3 2 74
1 18 95
78 93 90
45 9 70
43 79 69
18 0 42
27 63 37
31 3 14
49 61 22
52 63 48
66 88 75
47 6 10
96 50 17
56 9 98
62 95 91
71 5 17
66 51 65
65 50 22
63 49 91
52 75 58
97 61 37
0 94 98
32 34 16
35 92 94
17 91 36
56 7 10
15 51 40
44 18 74
7 18 21
85 64 69
54 23 45
54 68 57
91 17 55
78 69 17
78 56 25
77 27 48
99 42 92
69 35 30
83 57 92
44 20 8
39 73 4
44 15 28
24 16 79
65 45 58
21 80 59
56 4 32
57 16 71
96 39 68
64 28 90
56 64 10
7 67 54
74 46 71
51 40 34
30 99 80
23 41 11
28 66 75
88 56 80
2 96 65
82 11 58
14 76 4
47 37 38
77 22 42
93 45 32
87 22 49
7 59 9
9 1 99
88 4 25
77 31 2
23 92 86
57 65 74
91 71 71
44 4 56
21 98 85
83 12 63
24 91 47
95 8 48
3 97 70
76 31 80
77 45 65
67 17 10
60 99 58
6 40 9
73 45 76
15 13 26
75 41 25
58 83 6
88 41 33
50 55 24
27 48 27
7 24 58
97 34 68
16 97 93
32 2 75
41 25 52
80 11 68
18 25 23
60 2 88
51 92 99
8 13 43
99 95 82
55 39 81
9 84 85
59 32 69
31 80 41
88 82 17
22 84 29
67 25 5
3 91 93
19 91 93
28 27 68
54 15 66
51 95 26
31 37 29
87 13 68
85 85 45
19 49 82
99 21 64
54 77 64
60 77 98
55 89 61
37 52 20
32 66 49
75 86 45
85 40 20
12 26 23
20 13 10
87 38 31
59 22 20
76 40 26
64 76 5
17 73 22
19 68 24
70 35 23
83 30 99
9 26 43
20 31 35
78 11 69
25 3 84
54 43 84
58 99 18
15 24 47
79 39 78
57 76 59
32 98 72
62 68 73
45 24 32
58 17 94
79 48 14
33 73 21
80 14 6
97 16 22
67 94 30
89 75 22
8 93 4
5 68 6
0 92 15
29 19 34
1 31 83
30 44 85
19 18 4
19 40 24
37 56 79
55 9 91
27 34 69
35 39 49
75 29 41
46 40 25
87 4 44
59 63 33
87 58 43
86 91 40
89 80 69
18 27 73
43 63 42
22 1 46
75 1 70
91 56 86
55 16 20
18 27 11
94 6 84
29 78 12
20 39 85
0 23 11
22 81 32
34 80 33
81 21 30
32 76 78
85 39 64
60 9 84
16 81 20
53 90 13
99 39 10
69 38 42
36 50 5
65 8 52
54 59 33
7 77 27
36 2 88
15 29 80
26 73 24
77 92 61
55 22 16
15 85 14
60 86 55
66 27 55
51 43 4
76 36 83
0 36 53
5 21 81
39 41 9
78 53 13
11 51 31
36 51 21
80 52 73
87 87 71
71 71 56
40 73 22
80 73 50
34 36 76
90 9 84
45 31 62
23 7 99
13 61 38
14 40 5
61 53 57
62 37 55
53 52 60
84 3 63
5 94 43
35 97 14
74 7 13
60 70 24
72 94 44
81 57 60
56 27 87
18 65 17
61 55 70
81 42 36
57 7 9
34 1 22
29 95 99
91 85 20
17 98 60
60 41 55
72 95 80
44 14 96
70 54 98
74 35 7
65 45 84
85 59 10
71 45 94
44 48 57
55 57 84
19 72 95
59 19 35
11 67 73
96 58 58
90 59 53
94 27 63
3 51 33
0 71 87
91 76 0
8 77 26
74 92 65
57 10 99
25 76 32
42 99 46
19 32 95
40 72 86
93 46 31
24 56 88
19 61 56
44 11 81
86 15 72
8 84 32
33 89 10
0 3 55
43 45 55
60 93 90
67 50 70
85 33 44
77 68 38
10 2 37
47 39 72
62 53 32
75 56 83
96 99 33
83 20 59
86 67 59
17 97 52
79 85 66
32 16 36
12 9 69
51 64 84
10 53 27
35 8 42
62 21 84
52 48 45
85 25 63
35 41 19
29 9 30
8 95 31
10 87 21
4 67 67
60 2 5
48 65 28
94 22 59
51 9 1
40 57 96
32 24 74
78 63 77
40 84 64
6 88 21
99 78 76
80 52 64
71 9 95
1 93 25
71 94 97
67 92 82
22 60 64
33 93 27
74 74 58
90 76 29
24 77 78
64 7 24
32 3 73
43 31 91
47 96 80
23 38 25
90 73 47
54 28 11
58 13 6
2 83 38
49 24 59
49 64 32
22 56 91
98 1 7
44 46 62
67 96 69
94 84 9
50 34 34
36 79 44
51 58 25
29 47 30
51 33 76
40 34 72
7 88 66
48 24 14
65 42 62
90 56 64
61 13 1
75 21 12
11 38 21
82 5 48
48 64 84
87 91 93
62 79 13
25 59 70
51 41 57
18 86 10
74 16 70
63 22 77
1 81 0
17 99 9
95 44 41
8 28 68
44 85 27
90 72 75
95 16 13
43 27 3
12 61 30
16 38 67
40 90 74
61 83 62
77 67 76
53 92 80
30 4 46
42 14 45
83 16 77
78 18 96
31 77 93
57 55 36
0 48 62
65 46 47
36 29 97
20 24 24
96 43 45
99 27 71
45 16 27
11 34 24
39 45 63
70 43 23
93 25 22
19 46 2
76 37 8
61 24 46
36 26 24
16 89 45
51 43 99
89 90 61
76 11 29
45 32 45
95 68 4
57 50 23
9 21 47
61 90 95
27 44 3
62 15 53
67 43 73
32 27 45
80 61 25
83 6 8
64 66 69
38 51 17
99 86 65
80 80 40
81 2 14
17 11 18
98 8 69
71 10 28
48 28 33
67 84 53
18 99 89
89 49 56
76 47 2
22 22 74
8 15 97
25 79 47
40 54 8
17 48 71
71 73 56
6 83 34
81 40 77
78 60 20
97 29 4
48 25 42
77 86 18
50 80 81
69 58 68
58 33 77
48 75 42
20 87 24
63 79 58
68 28 42
76 14 95
72 80 68
11 21 55
80 58 55
88 49 57
36 48 90
65 98 57
24 22 94
7 28 73
0 5 83
31 82 31
31 60 28
70 85 63
3 98 19
26 44 12
0 73 82
74 37 91
93 38 96
19 52 97
38 94 17
33 70 81
9 69 16
52 52 39
7 6 88
82 60 28
50 58 63
20 73 78
52 17 58
96 93 4
64 6 88
86 52 28
61 79 84
65 33 16
67 71 37
42 57 80
50 33 54
39 34 37
19 13 49
13 78 7
49 25 24
48 45 99
49 61 15
66 53 80
67 88 48
85 36 30
64 65 97
50 89 97
13 91 96
36 93 31
56 71 78
75 14 98
45 38 60
46 0 52
17 93 4
14 33 57
65 38 10
56 61 46
55 12 63
79 77 56
74 10 44
42 97 54
37 2 35
34 56 94
28 6 59
24 16 55
18 17 31
80 85 6
24 23 13
52 64 22
97 35 33
77 84 99
54 59 94
36 28 80
95 67 42
66 75 84
50 61 64
51 80 88
29 73 2
80 39 60
62 78 30
41 56 19
85 15 64
13 12 74
86 26 62
69 61 25
25 27 77
29 86 61
79 99 67
80 30 90
24 71 98
61 9 3
6 25 7
78 30 23
38 23 81
79 13 29
7 91 72
36 68 21
89 3 2
96 98 24
85 72 26
89 26 11
82 76 38
4 46 8
13 91 95
70 5 46
59 95 74
89 89 35
51 90 98
93 69 18
36 40 33
80 55 90
56 56 73
56 66 78
6 13 91
76 9 25
56 56 0
74 28 70
70 93 51
72 52 33
71 55 39
82 79 56
25 12 73
76 1 31
64 76 62
83 40 18
66 57 79
74 36 11
54 22 68
12 99 11
23 93 15
49 67 11
63 79 51
56 93 98
0 35 52
83 37 46
75 19 89
46 86 19
24 61 10
26 2 68
94 19 94
37 57 4
94 83 54
1 53 57
6 2 13
19 19 22
41 29 82
99 77 24
81 41 78
9 58 0
39 69 90
84 16 88
45 18 22
60 64 19
17 10 62
9 66 61
40 45 0
0 86 25
53 44 10
57 14 15
3 82 25
96 4 66
92 55 22
62 86 60
39 19 70
73 16 29
65 56 93
60 37 53
95 52 91
38 10 68
13 31 74
77 57 62
33 4 21
34 10 91
51 88 94
59 90 53
10 62 33
38 13 29
82 68 0
60 48 31
23 84 24
13 53 50
69 71 43
19 83 98
77 73 10
87 68 59
57 88 25
55 51 7
82 68 44
49 70 3
12 98 60
27 64 27
7 17 45
71 56 76
37 28 5
14 13 12
23 17 85
69 44 26
25 0 14
44 52 10
3 52 2
25 96 84
41 15 58
44 60 10
12 77 91
28 46 59
32 81 57
84 22 76
15 44 99
67 32 66
18 34 22
71 69 9
83 17 70
47 35 89
51 12 78
98 77 7
28 86 66
46 71 38
62 69 86
67 42 73
2 63 25
44 31 44
8 3 48
81 60 18
57 53 58
49 27 95
78 80 82
34 43 84
53 10 38
83 53 29
86 67 83
96 19 32
55 1 80
74 95 93
80 12 26
80 45 21
33 30 10
6 81 85
33 37 30
5 45 68
20 9 23
73 9 5
50 20 2
44 60 1
55 58 47
64 34 18
83 73 87
7 76 78
63 76 45
8 93 35
79 79 37
9 6 66
55 94 57
64 1 89
88 60 43
76 30 0
42 78 82
68 92 36
81 49 29
36 12 35
77 70 16
11 90 55
82 96 93
71 32 86
7 47 98
50 10 40
37 91 21
89 66 90
39 36 73
26 71 46
60 88 3
68 57 50
34 10 51
51 86 61
62 46 30
37 89 11
20 14 10
69 14 93
96 49 36
34 71 88
41 75 59
78 41 22
8 4 5
32 66 48
64 0 58
17 28 61
58 41 65
93 68 75
3 39 99
71 12 89
48 61 73
36 78 99
75 86 46
84 22 30
32 29 4
9 78 68
68 29 24
26 24 30
88 91 71
22 83 85
76 70 7
46 12 4
6 13 71
16 46 88
71 33 62
0 6 73
70 12 35
85 60 64
15 78 39
26 3 43
15 77 74
37 82 36
78 31 57
47 21 33
17 25 22
26 54 97
0 95 88
50 2 31
15 90 7
42 98 43
63 20 22
41 14 43
73 95 45
10 8 19
33 86 37
59 36 85
30 15 72
24 41 32
91 78 7
46 45 76
57 7 43
84 82 51
24 70 38
69 2 8
50 49 88
32 67 86
90 4 38
27 41 24
18 96 19
78 56 9
96 33 21
66 0 8
0 15 62
36 2 89
13 97 9
12 58 85
6 10 25
98 23 5
18 18 77
57 48 38
90 4 80
75 81 22
9 26 91
91 38 34
9 0 63
46 44 77
81 17 78
67 76 68
28 35 62
39 0 17
73 18 75
72 75 0
40 40 86
80 47 13
58 13 62
49 11 37
15 30 2
48 97 0
9 37 7
87 80 42
29 96 81
94 23 59
90 3 37
90 50 31
12 92 39
33 31 9
92 68 17
18 6 73
29 51 61
44 21 5
75 67 64
95 6 92
38 84 4
98 33 69
52 12 90
83 9 83
96 24 18
94 36 40
81 91 43
74 68 27
31 8 15
13 55 15
60 22 91
3 70 43
83 15 12
30 7 99
7 76 63
71 89 70
24 12 92
79 90 38
91 51 50
8 39 27
43 15 95
61 27 23
55 97 55
87 62 41
59 2 72
79 93 3
9 39 76
94 81 78
2 42 83
90 94 22
50 14 96
55 99 21
79 28 87
85 48 31
61 10 12
70 50 31
14 94 63
6 31 97
90 68 12
7 89 44
88 70 34
44 76 84
13 93 91
68 71 45
44 53 51
65 63 29
22 51 20
31 71 5
89 96 92
49 32 23
8 65 11
73 91 86
5 74 26
50 13 16
42 50 20
78 89 48
70 77 92
28 59 4
48 26 28
55 31 44
56 7 9
70 53 79
93 42 73
77 38 74
47 91 21
56 28 68
89 27 76
72 6 20
72 7 8
11 23 54
88 79 58
62 91 62
11 92 83
72 97 77
66 33 20
20 63 80
73 40 53
28 51 83
24 28 24
24 80 48
82 20 50
98 47 74
63 36 39
2 24 81
38 91 44
84 14 30
16 61 29
28 54 44
55 38 82
93 36 25
53 79 87
51 51 79
59 47 45
71 32 9
82 45 7
33 26 86
51 5 43
45 78 28
27 63 99
56 51 23
90 57 93
4 53 39
49 80 28
12 18 27
43 12 48
40 92 10
32 30 43
52 48 78
64 68 66
67 86 70
63 47 23
24 90 73
69 84 25
98 88 95
69 58 95
37 95 43
30 96 82
34 95 99
64 91 85
63 70 24
49 1 74
94 6 35
28 95 0
92 54 20
4 47 48
34 19 23
60 13 88
16 40 33
54 18 40
36 88 94
59 84 64
74 93 69
72 76 85
40 95 29
47 15 45
98 84 55
43 26 78
28 47 41
14 93 57
81 66 41
71 93 11
51 21 18
27 59 20
8 96 55
60 64 90
34 5 44
40 45 63
94 40 36
70 14 82
21 46 64
97 70 8
8 53 87
70 62 89
81 4 31
87 12 26
57 21 4
56 87 25
23 50 49
18 95 30
92 28 20
71 70 48
91 77 55
5 9 42
30 86 20
18 77 97
22 58 12
43 12 59
12 23 15
61 97 64
70 69 89
97 19 27
12 68 72
9 78 44
62 69 77
20 34 0
80 13 58
30 78 77
18 74 73
5 73 84
35 43 20
11 15 35
95 47 0
83 81 31
98 83 94
11 25 24
19 49 34
56 64 22
45 16 35
66 49 55
79 8 52
52 62 0
33 12 81
86 6 59
49 41 53
49 64 68
36 61 71
67 33 73
40 58 90
84 10 67
6 75 63
69 0 27
72 80 87
38 41 25
49 88 45
10 98 27
28 97 7
4 85 64
76 12 17
48 58 42
73 47 82
82 92 16
31 56 2
58 63 92
75 23 17
8 72 1
31 12 2
2 35 3
8 64 30
36 78 43
80 53 59
11 98 60
20 73 47
81 65 60
69 13 65
1 39 66
11 89 5
87 45 51
93 2 86
62 74 99
30 44 2
69 40 67
93 0 84
60 25 96
70 42 28
42 80 6
64 73 95
36 27 33
47 86 44
68 58 96
82 44 24
9 29 25
42 72 66
58 84 71
41 94 26
87 92 39
11 10 21
86 54 35
72 56 29
56 25 81
43 79 95
64 40 38
41 90 8
72 69 49
95 71 97
43 2 70
56 18 13
93 55 6
56 60 37
90 0 87
0 98 21
0 20 21
29 57 68
60 59 23
39 3 88
22 59 94
19 33 14
5 15 58
29 4 37
32 82 73
32 26 12
60 85 54
19 11 40
29 26 24
41 30 58
68 62 64
15 7 27
90 21 41
86 94 11
25 55 64
46 48 86
73 6 9
68 18 80
20 67 92
76 15 14
15 75 14
55 61 23
30 84 15
25 10 15
52 48 5
88 71 51
30 9 84
89 74 87
66 83 93
32 14 9
58 58 44
44 99 13
96 71 24
89 62 67
54 19 18
51 60 49
28 20 98
63 27 97
95 82 77
65 9 8
96 23 18
80 33 42
49 1 67
11 88 88
24 14 78
37 10 86
90 47 9
44 61 2
4 49 6
32 89 50
59 27 98
95 76 69
64 97 75
59 29 26
50 62 23
33 24 77
92 25 17
75 83 30
27 49 7
3 80 10
76 98 53
35 33 47
30 83 32
25 22 83
63 57 35
91 14 6
77 46 2
43 57 36
40 40 34
6 13 52
35 76 37
17 50 10
60 13 24
83 45 46
63 75 15
44 63 41
9 62 23
31 90 35
11 90 62
62 9 3
90 45 48
23 20 0
95 56 67
10 1 62
86 32 65
46 20 10
62 95 25
59 91 18
31 17 36
12 21 90
5 41 11
3 89 99
91 68 23
8 63 47
59 38 14
58 3 26
30 0 76
68 71 90
18 9 80
13 46 13
8 38 50
48 14 12
33 71 68
5 20 99
96 84 71
69 75 87
52 42 31
73 73 58
52 41 57
98 69 28
71 13 73
63 48 23
27 22 52
99 84 49
68 83 54
27 33 59
23 22 7
95 62 4
94 87 99
54 93 70
46 2 96
24 71 74
87 20 64
84 33 25
60 79 41
96 11 96
54 61 58
20 99 20
73 95 67
23 22 49
22 67 51
39 51 45
48 43 33
95 84 73
80 16 33
50 96 35
55 17 78
37 96 13
35 14 24
15 47 54
23 92 14
37 99 14
78 52 0
68 78 37
3 90 43
83 18 1
98 39 64
69 59 21
4 43 78
89 50 96
57 12 82
19 36 7
93 15 40
40 11 61
48 92 5
67 72 27
12 6 68
10 2 52
28 49 67
23 41 10
27 24 88
77 78 77
62 84 25
45 84 72
14 48 3
99 56 30
51 16 59
84 52 88
75 32 13
42 23 34
34 66 57
65 33 19
73 42 67
65 59 7
47 59 55
83 47 67
89 2 7
44 75 19
61 49 20
80 16 73
88 16 60
66 35 44
2 26 66
23 89 7
80 61 84
64 61 14
77 13 89
42 48 82
25 69 8
59 82 90
24 42 2
67 3 36
86 95 97
2 50 85
42 91 81
14 34 58
4 22 12
70 1 28
80 39 78
98 52 78
97 80 41
47 53 97
48 68 47
57 52 27
62 19 73
40 89 25
8 58 32
34 46 85
5 11 37
67 11 33
22 17 58
54 88 47
74 99 25
64 95 14
42 72 67
83 72 99
36 74 68
14 44 47
45 1 39
31 67 48
50 11 77
6 32 72
35 85 63
2 98 44
45 34 27
27 4 79
80 95 51
17 77 0
9 27 96
86 8 71
73 12 22
18 14 76
30 74 36
57 42 39
62 64 10
33 35 76
88 23 59
79 62 98
44 97 26
93 18 34
37 48 13
37 46 30
55 89 40
13 29 44
60 90 3
86 27 24
63 18 73
1 43 84
78 69 21
58 45 3
22 26 32
71 84 78
94 55 25
52 25 53
15 26 53
25 92 42
42 47 19
62 4 21
99 68 8
36 81 99
67 71 62
4 61 91
43 72 66
33 53 5
33 52 40
84 10 58
38 14 76
36 58 0
48 94 2
80 58 2
30 16 60
80 87 3
20 88 85
38 34 43
32 91 48
62 32 26
12 7 69
73 73 5
48 78 84
2 40 32
19 68 23
88 1 20
96 56 18
84 80 66
68 88 18
92 57 1
88 71 50
11 17 5
76 71 43
73 95 42
49 3 91
2 0 95
10 48 32
75 40 93
92 10 43
76 74 4
49 16 13
6 25 83
15 98 85
93 63 99
49 76 41
82 56 97
82 9 24
63 59 81
22 51 53
38 94 92
90 52 71
25 92 18
18 58 72
43 39 47
69 28 89
22 76 33
4 2 14
32 5 95
5 60 70
11 44 68
51 49 28
79 16 28
86 38 93
69 51 34
56 17 86
52 10 21
95 38 44
24 16 81
10 40 41
60 11 10
7 97 52
62 33 82
20 8 29
55 47 79
15 32 11
41 98 69
86 3 35
98 86 93
7 32 83
87 78 83
46 70 31
86 96 39
28 73 96
4 40 10
64 36 52
16 27 47
0 63 25
38 91 70
76 41 46
94 30 68
16 79 89
67 96 39
13 50 97
75 51 30
11 84 62
90 42 39
11 26 4
82 12 96
50 63 84
42 72 38
70 44 27
80 23 6
29 46 56
70 56 40
81 33 37
4 59 7
84 28 25
86 28 76
79 88 85
22 24 72
59 8 8
26 69 95
8 17 57
6 90 32
67 4 58
83 61 32
40 97 94
55 43 86
27 10 13
17 3 64
23 27 16
70 51 77
4 0 17
76 28 97
20 42 47
17 81 88
49 47 14
70 93 20
62 30 38
33 66 57
33 63 67
11 82 47
65 34 26
31 10 70
80 91 85
84 29 6
22 59 1
39 30 92
36 53 47
68 85 86
12 59 95
48 41 62
72 42 34
0 42 31
46 27 92
38 96 99
16 82 75
88 73 91
59 70 30
17 8 52
65 94 15
89 59 83
36 28 46
49 5 44
91 69 28
2 59 61
55 51 25
3 37 19
70 94 61
43 19 11
31 51 55
61 78 9
33 65 47
65 81 37
73 21 88
2 87 87
50 1 28
19 51 19
38 88 80
51 31 6
20 52 98
26 50 26
25 72 32
6 29 55
84 40 87
41 85 90
11 59 6
28 7 76
10 80 89
96 63 79
91 47 42
89 17 0
8 58 29
46 27 52
77 42 94
44 30 21
37 93 94
30 93 61
17 62 29
67 33 39
85 27 85
85 79 21
86 82 93
26 35 84
27 89 56
42 53 65
10 0 76
1 80 38
91 83 99
26 69 68
4 29 2
92 38 33
46 85 89
61 88 65
34 65 57
52 81 93
89 98 66
58 92 20
89 9 60
5 47 62
14 77 95
52 67 85
50 77 29
33 91 81
13 78 91
91 4 28
18 26 79
40 45 24
89 26 89
70 9 66
23 45 45
73 53 43
77 34 18
70 21 81
32 54 14
92 23 15
38 33 3
1 10 12
81 3 88
5 83 93
12 66 72
90 66 35
39 87 83
63 23 48
86 58 9
10 7 7
36 62 40
27 8 42
74 62 32
65 58 38
81 59 12
76 9 1
98 9 48
62 60 36
40 67 0
32 89 40
34 76 55
56 71 52
59 24 3
49 33 19
73 85 14
67 29 16
5 37 20
95 77 15
71 61 4
93 94 35
45 89 37
38 10 90
47 91 61
62 80 14
16 17 91
0 52 3
8 79 78
18 87 25
96 55 67
31 26 91
22 54 5
25 93 32
40 45 41
1 1 44
98 75 20
24 41 67
14 34 60
95 17 93
34 16 48
98 26 14
25 21 3
56 66 76
18 33 67
40 73 0
89 41 15
88 15 59
53 84 29
93 26 54
52 26 0
49 26 96
19 3 2
68 72 2
87 29 19
9 14 49
25 51 53
97 2 7
28 92 1
30 55 84
68 55 53
19 73 70
19 89 84
91 31 33
85 34 43
1 55 19
68 99 4
65 63 15
76 27 47
94 25 23
94 84 3
10 45 28
86 15 63
8 65 68
0 67 67
38 34 94
38 91 50
75 88 23
19 52 58
20 59 54
10 17 49
3 92 93
3 78 13
26 65 16
49 51 29
62 49 36
4 1 27
32 68 75
76 16 11
88 45 82
97 87 60
81 91 16
73 33 92
82 66 24
18 33 12
93 47 70
71 32 64
66 77 38
45 49 13
25 72 74
49 2 29
0 33 70
5 65 39
40 28 57
42 24 33
56 73 60
47 94 50
85 90 72
49 59 97
27 62 0
74 2 91
45 19 27
40 12 86
65 99 64
66 71 96
62 47 62
35 24 17
17 59 99
78 3 59
62 26 96
70 17 90
80 69 8
31 0 41
77 87 19
81 64 54
12 27 5
86 68 84
61 33 81
2 25 0
44 5 54
0 85 15
94 21 86
66 95 35
51 37 50
64 77 44
87 59 0
17 75 41
91 87 42
36 84 94
54 47 78
96 78 29
28 40 38
29 58 11
0 37 53
50 81 9
64 65 48
96 47 56
60 28 49
22 68 19
14 79 17
90 94 17
0 59 67
9 9 19
92 39 97
19 35 92
63 54 84
9 64 21
33 88 47
35 90 77
38 82 21
75 3 69
81 47 87
42 4 42
39 78 81
52 31 63
78 52 54
31 54 7
8 98 51
13 76 71
99 16 42
0 94 92
48 95 50
79 48 27
31 37 66
81 44 23
36 16 63
51 91 0
34 74 89
72 4 36
72 44 91
85 31 25
39 10 77
24 32 96
12 37 49
64 18 26
85 55 34
55 10 98
52 6 99
67 13 12
48 74 59
71 99 7
84 8 87
2 75 46
2 60 31
80 31 62
4 80 64
45 93 16
65 22 32
12 71 24
68 56 7
62 98 91
95 27 81
39 81 24
41 30 63
13 54 36
83 41 97
35 36 27
15 19 48
96 66 54
49 15 8
14 10 26
61 1 67
70 85 72
55 52 24
31 34 34
53 47 77
68 56 49
88 20 83
38 26 17
64 58 36
96 86 72
70 45 93
29 79 74
4 56 54
89 11 77
83 76 18
91 23 7
3 86 74
1 87 33
50 88 22
65 91 91
89 97 81
45 26 19
32 67 3
96 36 32
45 89 5
88 95 22
29 74 71
59 81 80
77 69 15
42 55 77
10 1 53
54 1 58
9 15 46
22 45 46
50 64 44
34 45 34
31 99 64
13 61 92
49 49 91
1 0 14
61 69 81
28 12 92
76 97 8
42 97 7
72 95 85
46 34 69
4 89 83
88 46 16
55 42 87
49 80 18
53 40 96
43 51 76
98 64 81
96 12 0
46 1 70
22 56 4
29 37 80
85 68 84
54 74 50
83 88 92
12 36 11
10 5 76
89 24 93
53 15 8
47 65 53
35 39 26
4 6 23
52 29 26
63 39 44
83 42 75
51 45 70
38 87 27
74 63 33
15 37 15
67 52 16
70 10 98
9 23 37
13 81 14
64 86 83
92 95 97
70 95 7
9 16 34
73 68 10
3 20 2
67 27 62
2 99 50
97 94 23
16 65 69
41 72 76
39 24 99
80 87 15
50 99 19
83 33 44
19 36 31
55 65 77
98 25 49
17 82 55
16 79 90
4 34 17
40 9 77
57 5 75
27 85 83
79 66 71
72 71 50
19 75 80
0 91 18
87 95 37
44 27 76
33 22 57
5 33 31
43 13 95
86 36 86
79 13 63
77 93 40
35 21 26
94 30 56
36 83 67
39 9 90
81 43 71
23 88 25
75 54 87
27 11 38
47 7 74
14 21 71
24 94 16
75 97 54
29 94 62
98 18 39
95 15 23
81 12 97
89 57 24
44 33 39
10 91 54
58 50 14
70 55 87
91 69 76
99 27 88
15 93 27
68 32 73
86 41 59
26 11 80
73 52 92
7 65 71
87 24 65
87 2 95
6 87 13
20 30 34
56 37 32
87 55 51
52 72 84
7 65 51
95 37 44
70 35 22
8 13 30
12 84 17
46 44 90
1 52 71
18 41 78
58 37 5
6 84 34
64 12 85
69 86 4
84 50 35
32 23 50
75 28 72
12 84 23
39 1 7
21 78 7
79 60 93
25 11 9
82 53 40
64 40 8
79 74 31
43 58 81
68 8 53
87 69 85
33 38 12
87 18 0
18 1 94
59 43 14
40 88 36
8 51 1
23 72 85
97 32 92
13 0 51
26 12 39
51 59 59
53 62 51
83 23 73
78 17 50
56 61 72
31 25 63
64 62 14
62 49 71
2 87 14
89 62 54
4 19 24
8 44 39
27 15 12
38 16 87
77 94 48
80 84 40
40 82 47
23 48 14
11 60 37
34 6 36
26 68 53
31 59 26
77 10 30
9 62 40
55 42 85
36 17 61
88 46 17
63 13 34
90 7 47
57 7 57
66 21 26
69 42 10
41 11 4
44 45 47
33 99 55
46 55 43
82 94 24
10 25 37
97 32 49
78 47 31
35 95 95
83 53 62
34 47 67
73 18 28
50 87 44
31 32 64
23 74 11
60 78 96
87 57 11
74 33 5
46 32 83
7 76 16
67 88 71
39 19 16
84 34 45
20 15 29
5 71 55
33 60 10
42 6 30
15 91 67
96 81 75
12 23 53
26 49 92
52 41 91
93 24 16
37 41 37
14 41 72
26 67 12
30 30 6
10 91 62
89 85 77
57 52 70
30 48 74
21 87 19
65 17 56
40 93 83
33 11 40
26 43 38
68 54 55
60 87 30
40 58 15
17 43 18
18 39 32
19 87 33
69 48 61
9 27 49
51 75 47
31 73 83
60 39 41
60 1 24
96 47 14
86 58 11
72 28 92
26 15 50
40 34 38
39 31 30
26 0 61
90 15 19
85 12 19
39 52 99
80 46 99
68 4 46
23 94 8
17 7 90
54 19 82
56 34 70
52 89 93
14 93 35
79 78 92
25 60 32
94 57 58
40 50 9
29 79 58
92 33 82
2 70 75
18 82 89
34 64 8
57 97 75
55 94 12
35 26 57
41 57 22
54 5 84
52 7 57
21 72 14
47 18 79
85 92 99
39 12 62
68 37 13
15 48 65
69 64 8
17 97 24
24 19 71
14 5 19
24 82 7
17 40 86
77 61 69
12 37 59
70 2 48
48 30 24
44 87 54
21 71 15
32 32 63
93 13 75
91 93 74
72 80 86
19 86 2
77 99 53
46 18 52
5 56 58
70 78 75
47 67 95
93 83 65
3 46 20
26 23 64
50 82 46
55 39 94
64 11 60
55 41 75
1 97 75
21 59 7
21 51 29
44 26 45
48 3 79
43 8 17
86 88 54
37 91 8
95 40 46
80 23 36
12 28 64
15 21 48
17 20 66
19 95 77
95 39 63
75 3 90
67 74 51
96 31 1
17 0 97
14 76 12
87 13 55
12 44 41
48 86 4
58 36 55
50 61 86
16 18 28
72 11 83
58 24 72
40 4 17
3 48 60
38 43 94
78 3 83
29 96 53
29 37 21
64 10 90
89 88 60
5 22 30
9 60 70
54 29 57
39 34 2
13 84 67
35 27 25
83 69 44
30 59 98
27 50 92
23 12 52
30 63 76
27 33 65
85 25 29
7 73 25
0 73 76
83 97 95
28 38 62
14 52 50
47 89 34
36 96 44
21 95 16
10 5 24
93 67 63
72 72 5
39 7 55
46 45 28
59 34 96
7 72 30
41 23 63
34 12 99
51 69 81
14 77 56
33 42 53
19 51 4
28 17 8
92 42 79
56 68 49
58 1 42
33 71 57
48 55 9
95 59 67
58 46 94
63 29 19
73 60 48
37 42 13
30 24 35
39 96 30
44 48 88
50 36 9
42 45 93
4 85 27
13 3 54
65 49 23
38 34 63
37 54 68
39 83 4
79 15 23
92 0 28
75 35 68
2 97 5
68 32 69
32 82 95
71 13 12
60 90 44
99 53 64
83 30 54
63 22 83
86 48 73
63 41 77
52 50 57
73 57 30
44 55 53
47 38 27
7 85 46
7 0 67
90 40 22
0 73 75
4 43 35
1 24 59
0 57 75
8 61 11
59 29 90
98 19 57
30 85 16
13 97 29
9 36 42
49 43 10
75 66 16
53 21 81
83 95 57
72 69 81
27 42 72
12 93 44
18 28 61
66 86 25
23 27 61
6 65 23
75 28 15
21 7 34
73 13 56
16 81 74
3 61 67
36 98 51
48 8 67
71 43 69
83 45 45
41 34 34
27 62 47
30 78 55
20 5 56
45 25 13
54 47 29
22 39 24
24 52 78
64 97 58
3 74 78
2 44 68
19 22 28
39 19 54
18 72 26
30 3 81
2 84 21
77 21 31
26 93 63
29 63 67
98 42 19
34 37 62
33 80 53
77 93 15
51 84 17
18 73 51
14 97 27
67 9 76
12 52 89
34 90 1
2 25 57
21 41 65
69 52 90
66 79 84
73 76 63
15 97 16
56 65 12
96 80 57
56 7 42
40 72 85
5 58 58
2 27 89
14 65 70
34 14 96
33 50 77
18 82 51
36 1 0
84 48 68
17 47 32
38 98 89
76 55 77
75 82 93
51 50 3
94 21 49
11 28 64
35 2 23
70 87 24
33 91 61
69 48 85
80 37 58
60 95 82
55 47 87
49 14 13
52 81 92
34 12 45
5 60 22
7 13 71
91 12 64
77 64 49
25 59 95
74 66 35
63 52 48
89 42 99
1 19 38
52 12 7
61 12 97
35 25 60
24 5 12
51 32 51
44 77 78
16 75 40
78 95 89
79 61 47
83 54 54
73 5 29
43 47 20
28 82 33
19 83 90
94 63 19
74 91 11
12 42 83
37 97 78
81 73 4
79 74 84
28 4 37
25 51 19
59 85 53
0 14 85
0 47 38
81 40 79
8 97 24
30 41 70
37 98 90
93 3 60
16 20 13
99 91 28
54 96 25
96 15 54
66 67 23
44 24 10
94 56 1
55 44 72
10 87 3
62 29 13
27 2 17
92 84 12
90 68 95
17 40 95
47 28 16
28 48 13
87 9 44
89 60 45
41 97 33
18 63 50
14 1 52
50 30 93
46 15 99
57 93 5
39 5 99
82 45 87
30 24 80
63 37 75
48 92 54
70 99 52
13 20 62
72 82 53
94 15 41
9 89 12
76 28 85
30 95 74
60 29 49
50 6 60
59 3 89
25 34 4
13 73 82
76 9 62
20 49 89
42 13 66
71 89 15
0 30 62
27 10 76
86 95 29
91 0 11
32 3 82
59 66 16
81 36 26
88 67 59
13 74 37
46 67 74
91 84 2
70 75 92
45 36 55
39 1 8
70 51 89
77 91 87
34 70 96
7 45 56
79 14 44
71 54 32
54 13 89
52 49 58
62 90 0
25 30 26
72 22 30
8 46 99
21 85 30
89 53 75
38 73 23
86 87 78
90 88 58
10 28 30
39 44 25
3 95 19
18 32 7
30 54 21
59 99 36
18 26 95
89 93 76
97 53 66
0 67 16
47 86 36
11 96 72
73 68 91
78 28 43
96 52 50
5 13 76
16 24 37
52 12 67
43 79 37
19 60 35
36 36 57
75 19 9
84 60 16
69 2 22
67 96 61
54 26 3
81 99 78
42 84 53
30 86 78
58 95 56
36 37 92
88 92 23
23 48 9
18 91 15
78 88 82
21 35 62
47 19 78
57 68 83
95 51 32
17 17 20
96 70 49
31 22 5
94 10 95
11 84 82
65 17 4
73 95 4
64 86 50
50 47 37
15 39 98
79 72 45
43 32 86
85 23 95
78 91 38
36 59 61
17 22 1
48 85 7
36 7 71
82 88 53
4 94 94
29 50 66
3 79 41
64 58 82
97 9 24
15 0 1
57 44 84
25 17 52
83 77 97
43 93 86
82 77 44
16 4 47
82 70 88
65 13 95
14 0 16
58 51 66
11 98 70
14 3 21
55 9 79
94 47 69
56 31 28
16 96 70
46 80 44
51 49 65
55 45 60
92 35 82
51 0 13
36 97 14
52 60 77
43 5 54
1 35 38
15 96 95
23 23 86
78 88 12
29 48 81
54 14 9
24 14 90
8 75 2
24 42 7
42 24 83
36 9 50
18 20 49
11 21 76
60 75 73
24 38 35
6 2 87
83 4 74
17 48 88
45 69 77
88 87 70
86 59 87
31 41 30
46 6 45
77 98 30
37 41 83
47 71 37
28 24 40
36 4 62
18 10 39
0 30 38
10 33 24
36 71 18
12 20 61
74 22 14
50 74 69
15 5 18
53 43 39
59 62 66
93 30 93
4 29 69
72 79 36
28 8 37
98 39 11
89 65 50
8 42 32
95 4 48
63 44 65
16 53 57
21 21 8
19 80 48
98 99 98
59 14 90
93 33 71
13 62 36
46 58 50
59 12 20
32 66 18
88 72 38
87 1 75
78 68 44
70 82 94
30 44 92
70 55 88
82 53 21
99 96 88
85 47 68
33 67 10
51 45 96
50 43 65
1 86 14
63 91 86
53 85 8
67 35 85
67 30 50
3 97 7
18 93 5
79 27 63
94 95 22
25 86 24
26 72 92
4 83 24
40 29 91
8 72 51
1 23 59
86 79 65
12 70 62
84 67 83
72 95 43
95 51 64
64 45 10
36 95 26
51 73 73
63 44 64
47 23 86
70 35 55
27 97 27
57 36 90
93 14 39
70 16 94
24 90 61
37 71 47
99 73 93
47 9 68
86 43 91
85 52 28
75 29 84
36 57 51
9 12 69
36 3 8
29 53 81
86 74 71
52 0 71
90 94 21
87 96 0
54 59 91
40 67 12
75 20 4
1 91 96
66 61 48
87 54 57
88 87 60
0 54 36
55 55 99
55 1 70
82 83 34
74 73 21
72 7 74
8 85 7
7 77 77
59 54 75
19 60 1
92 50 81
68 5 19
11 64 61
35 72 49
73 43 66
61 21 40
86 55 71
56 29 2
20 18 2
73 93 36
67 78 37
93 34 83
26 12 8
77 25 73
16 39 27
33 41 72
87 8 31
56 27 55
56 65 21
59 98 79
65 3 63
84 59 78
91 39 84
41 57 3
95 36 0
59 8 4
13 26 30
53 31 6
75 34 6
77 33 27
88 63 96
20 69 8
24 60 48
67 62 46
61 94 25
12 34 66
9 33 1
57 65 11
21 64 27
29 91 1
46 34 28
31 73 43
76 57 73
6 97 42
61 43 2
38 22 71
1 41 21
9 82 68
93 92 49
99 33 74
59 63 20
79 70 33
64 37 58
58 38 5
14 28 88
47 27 82
87 28 23
47 27 86
46 10 24
30 12 56
6 28 78
18 67 55
30 61 96
89 85 78
57 87 82
62 88 35
93 80 1
41 73 87
62 37 72
78 53 91
46 2 65
44 49 57
55 16 19
97 54 78
9 76 16
14 76 88
89 76 33
37 65 86
13 94 56
8 82 47
89 89 59
63 72 82
37 46 82
2 5 89
55 71 80
28 64 35
94 52 63
6 41 43
97 44 56
47 77 67
18 17 53
78 9 29
69 33 5
36 11 10
79 86 42
39 3 77
28 56 23
76 21 49
81 28 46
19 36 25
53 88 43
24 89 36
94 4 3
73 40 13
8 53 79
44 59 79
22 29 61
51 96 71
95 8 39
12 47 93
50 71 2
84 91 4
88 88 60
60 44 54
82 80 15
43 76 18
38 47 13
82 81 81
81 59 99
4 19 57
7 57 51
99 25 41
36 58 50
3 13 82
27 13 4
9 77 98
21 36 3
39 90 25
45 86 55
59 75 66
16 89 94
34 12 10
73 94 70
95 41 89
35 36 58
66 36 93
36 9 97
15 52 29
96 44 24
29 64 98
30 92 92
45 29 90
98 23 72
69 95 58
58 57 36
19 84 41
54 10 23
41 83 48
77 23 68
35 26 33
97 84 58
33 31 43
32 29 80
40 79 82
11 62 47
88 48 93
9 64 15
4 2 1
77 1 85
9 59 15
82 11 30
97 5 25
69 77 47
83 75 28
54 1 8
43 84 6
17 57 72
54 90 13
28 39 5
47 31 6
49 77 33
99 31 77
88 25 17
31 75 51
19 98 67
6 65 7
57 72 60
88 20 33
39 61 30
5 35 74
32 80 50
21 99 12
4 74 65
45 55 93
44 4 75
78 39 72
5 40 68
63 67 24
9 28 52
6 75 35
41 90 25
3 42 86
83 4 63
71 25 7
10 26 84
42 86 9
30 18 20
39 46 99
99 40 58
38 34 16
52 82 67
63 54 92
29 5 60
51 29 49
91 88 45
2 87 53
6 76 71
57 2 56
19 4 45
56 32 20
85 80 65
3 74 94
72 91 46
50 97 23
30 79 73
97 16 92
45 10 20
10 40 86
9 45 98
17 78 71
48 0 68
82 60 54
10 61 29
41 42 64
76 98 70
97 3 1
37 87 27
65 24 81
39 88 28
61 95 5
76 66 73
84 81 31
47 88 96
98 25 22
9 14 99
47 21 16
5 84 86
97 53 7
56 68 92
79 29 86
46 11 42
36 54 68
41 59 87
7 76 36
69 81 76
90 76 48
19 55 76
0 66 30
72 67 10
28 63 36
41 45 77
83 15 59
67 17 11
2 99 15
9 3 6
80 15 83
39 53 89
41 59 99
66 78 12
28 69 19
49 87 41
29 83 32
59 72 5
16 78 39
3 70 7
4 42 25
76 58 63
90 12 85
88 69 58
33 53 57
18 15 48
34 59 93
51 76 35
55 14 67
13 66 81
62 61 72
89 49 9
7 25 63
83 89 90
0 49 97
73 59 79
87 26 24
85 45 91
69 19 38
42 92 86
7 77 84
11 12 93
18 32 90
51 78 2
68 43 9
94 98 45
70 33 26
51 54 2
59 87 16
5 20 66
90 74 57
4 99 55
60 75 81
89 11 0
31 73 11
53 8 13
76 32 99
58 32 23
93 84 53
0 37 83
34 34 87
41 51 40
97 19 2
64 2 75
26 7 42
51 54 23
93 64 34
63 38 49
45 6 63
68 52 91
60 51 37
89 41 9
83 28 14
68 87 70
19 14 25
96 83 78
86 92 92
52 43 73
98 59 63
46 22 32
66 69 80
28 70 94
79 61 67
16 23 46
54 70 95
71 58 42
19 17 4
65 0 9
1 45 20
40 56 39
43 3 76
73 7 12
25 80 47
5 32 42
67 12 4
80 53 24
93 83 55
60 33 69
51 82 1
6 42 36
32 89 29
71 0 57
33 61 5
99 48 32
83 69 43
15 66 69
37 35 94
20 45 63
97 90 82
3 20 73
10 36 23
16 74 14
63 73 95
34 35 73
12 43 41
2 38 86
80 50 60
45 65 15
95 11 96
81 41 85
86 18 33
85 48 67
83 94 37
47 86 81
34 7 33
46 14 44
9 22 92
30 70 10
85 89 49
47 28 32
42 46 80
74 20 4
13 91 18
68 66 82
49 90 73
60 93 36
20 13 90
16 77 17
71 44 74
85 70 86
18 24 6
18 20 43
61 92 48
62 25 73
5 84 7
80 65 22
27 65 74
60 64 57
83 97 53
99 6 59
79 32 73
68 63 45
12 18 4
71 12 22
60 59 70
3 18 29
29 85 79
63 51 39
23 28 1
14 52 86
63 67 30
27 23 32
7 3 88
44 63 20
68 94 60
20 22 25
73 43 9
11 72 53
79 15 74
95 32 8
97 92 96
73 9 36
47 98 48
43 52 38
27 52 79
84 81 64
26 95 51
22 49 25
35 96 98
71 74 64
2 27 5
54 97 69
98 45 3
59 98 83
34 70 37
43 32 45
76 52 57
23 31 49
49 97 37
21 43 74
90 15 25
35 61 46
34 69 49
45 29 36
54 3 64
12 61 47
55 82 25
21 90 50
9 25 84
52 15 6
86 46 36
34 53 88
0 50 35
59 43 1
22 55 17
46 98 70
92 48 37
1 70 75
22 72 4
96 6 66
26 10 50
53 6 48
6 70 50
18 77 70
96 15 8
15 61 41
81 38 31
93 30 92
76 10 31
35 6 77
3 60 91
52 79 44
29 69 44
54 23 73
77 87 13
10 94 29
50 33 59
78 90 29
20 60 6
1 72 86
38 3 43
11 15 75
86 20 4
7 24 6
7 20 51
10 29 98
77 37 27
66 8 19
40 76 60
36 22 42
76 44 92
57 15 66
71 51 32
53 41 10
94 35 40
52 83 60
17 51 90
92 49 4
8 23 17
13 34 85
47 25 41
88 50 82
68 30 26
54 69 81
97 28 72
41 68 32
9 80 31
8 69 67
44 1 69
31 46 92
10 59 7
11 14 34
17 12 52
43 7 56
3 96 6
98 23 97
52 98 14
59 60 24
4 43 87
13 48 18
93 50 18
45 99 94
26 89 80
95 14 50
36 28 13
9 10 18
21 53 40
34 20 35
3 57 34
71 39 44
55 41 99
24 85 47
41 78 74
8 60 77
61 32 92
57 51 70
99 2 6
85 50 88
77 42 74
51 57 3
71 16 61
43 48 87
65 50 24
99 16 90
29 42 68
39 16 84
48 96 93
65 83 13
32 66 95
76 97 29
42 22 44
47 36 85
78 40 30
99 38 65
11 95 71
93 48 51
36 16 36
47 25 62
73 80 71
99 31 59
15 23 38
97 44 98
54 63 74
84 88 74
85 71 40
24 51 49
62 53 11
84 75 80
97 6 73
41 25 84
72 3 88
45 75 37
81 69 43
62 7 46
36 38 43
97 6 67
56 93 67
43 81 69
8 59 99
20 4 71
9 43 20
38 57 79
48 64 94
9 69 88
58 66 65
86 77 28
1 58 26
3 0 35
38 45 52
43 14 94
46 52 45
54 24 45
3 94 29
53 92 52
31 14 32
39 87 48
2 28 68
20 18 23
1 65 40
14 54 54
89 44 81
73 65 38
42 98 44
77 77 75
29 98 89
63 65 96
79 62 31
92 83 21
2 53 70
14 74 86
92 7 93
4 88 85
43 95 36
88 32 81
69 55 66
71 11 63
19 25 54
55 20 0
70 58 96
73 70 50
30 23 34
62 89 90
47 23 66
13 80 70
97 65 54
8 27 86
31 63 9
34 65 11
3 73 78
59 19 65
91 6 11
0 94 91
20 56 30
44 42 49
95 98 87
14 66 82
30 13 32
87 58 88
17 84 14
0 80 83
73 49 57
28 15 90
67 23 56
53 22 72
80 60 99
43 89 76
9 87 35
76 18 49
55 15 68
99 10 86
24 31 27
55 78 79
12 73 19
74 53 91
62 72 41
60 21 67
15 75 75
72 48 83
91 72 82
34 65 86
20 17 85
12 84 53
95 92 93
78 36 43
16 41 14
59 94 4
83 43 51
26 14 9
50 25 78
92 9 77
28 14 79
86 33 29
64 68 29
33 60 94
93 0 70
17 72 50
99 49 36
27 29 72
36 57 1
72 67 75
0 64 38
88 21 47
39 43 44
51 45 88
10 75 45
68 67 18
0 53 11
92 19 33
23 98 10
2 28 25
84 25 98
2 64 13
30 16 72
15 38 14
46 62 95
20 7 61
44 18 23
95 12 96
43 16 38
46 2 86
5 62 52
19 96 55
79 67 52
33 28 44
0 92 70
55 39 77
78 70 38
80 51 82
17 23 0
23 34 46
33 66 11
15 13 71
57 33 41
30 34 60
7 65 44
41 88 61
58 90 61
80 96 15
57 93 43
48 72 53
2 19 74
87 65 12
63 13 86
6 83 87
77 96 90
42 45 20
11 11 99
37 79 27
76 46 21
73 57 9
45 25 6
46 75 28
52 91 80
93 48 63
1 63 71
71 46 67
32 70 5
71 98 78
84 25 23
36 75 12
0 35 59
14 34 85
12 64 24
25 59 50
33 16 49
2 10 32
1 84 32
26 96 51
53 59 11
84 31 53
61 40 86
81 36 57
21 69 39
85 72 97
60 67 47
77 71 61
23 42 45
55 26 72
22 30 83
94 89 33
17 55 25
44 5 55
1 79 36
18 73 95
96 82 52
22 92 62
67 20 64
3 59 32
70 98 84
4 51 1
77 72 26
26 7 85
7 3 13
23 74 26
19 88 14
46 32 5
10 69 16
31 62 51
55 70 43
85 50 85
5 44 35
40 24 21
65 84 56
9 96 48
93 34 14
41 4 45
56 39 93
48 78 10
39 62 31
71 73 65
34 37 22
71 82 95
1 88 19
35 19 63
37 37 79
36 63 63
0 16 62
77 64 43
73 31 17
85 72 66
81 59 69
29 43 17
65 16 26
5 61 94
10 1 91
48 32 11
47 27 29
3 99 44
1 79 83
27 40 95
79 71 58
30 42 63
12 84 50
21 48 89
91 85 36
58 4 49
54 48 76
18 90 96
18 14 64
50 3 81
1 87 0
75 52 22
26 4 8
80 71 55
49 46 40
57 23 32
84 92 5
37 94 59
70 13 89
4 84 62
75 28 2
73 94 8
28 11 99
92 93 35
94 77 37
1 55 4
51 4 88
77 92 75
70 30 82
0 62 72
74 57 3
73 17 40
82 75 98
49 6 51
45 1 28
17 3 28
90 74 16
27 68 52
69 46 94
56 72 51
71 21 82
98 80 42
69 0 4
20 50 38
67 8 84
50 60 98
67 93 87
14 39 75
98 54 80
63 10 76
44 0 38
97 86 20
42 22 34
34 84 95
29 2 75
11 8 49
44 33 26
48 74 10
53 99 29
68 32 67
92 24 70
19 9 15
57 48 7
61 52 20
96 43 19
27 19 6
22 52 40
12 4 12
37 15 96
55 8 85
17 29 30
57 19 66
14 81 53
31 28 46
1 22 46
54 11 25
20 44 93
35 3 87
43 92 7
61 75 99
80 44 14
20 30 7
1 34 70
21 75 33
94 45 40
70 72 84
36 92 81
21 16 6
59 35 96
56 12 25
27 92 35
33 97 82
62 54 83
61 94 90
44 74 11
66 41 46
72 68 10
83 87 73
82 38 54
60 66 74
58 28 26
53 92 82
47 88 56
98 68 54
47 64 60
40 63 23
25 84 41
39 4 43
36 82 46
16 41 3
77 14 96
47 49 69
41 45 23
33 44 17
72 60 84
91 20 0
58 35 60
79 48 93
45 3 98
84 34 43
37 93 62
49 51 46
78 0 7
24 12 32
18 32 85
78 79 15
22 90 11
81 48 28
42 17 28
17 84 89
92 49 80
47 96 8
3 70 13
29 19 98
79 5 80
34 65 33
43 80 10
19 64 29
21 55 69
47 55 97
6 66 50
40 28 34
4 13 17
7 14 29
52 68 69
17 48 97
36 4 76
28 99 23
69 70 90
91 67 53
49 9 90
39 9 12
12 57 78
61 26 97
4 46 7
59 32 30
29 49 65
25 96 95
59 92 48
16 13 79
38 26 52
80 93 33
52 78 27
53 31 48
87 14 56
54 92 73
30 24 49
12 47 51
79 83 22
31 8 16
1 3 76
13 59 84
71 56 58
29 63 77
28 42 67
23 89 8
89 47 49
52 13 18
41 76 52
1 50 92
10 24 43
0 37 71
21 42 75
31 39 0
38 43 37
58 58 45
11 81 60
13 65 96
81 61 85
29 47 43
25 33 80
80 67 10
43 4 78
46 51 54
85 42 9
90 24 18
94 45 94
64 28 20
8 56 42
4 33 43
52 67 78
84 41 86
66 28 62
47 69 33
39 93 10
98 15 21
74 43 99
6 4 88
28 63 25
61 9 18
30 81 20
59 75 59
12 91 8
77 35 15
85 81 56
64 94 10
32 84 30
30 0 61
38 41 2
93 14 20
44 68 41
81 98 28
31 15 26
21 78 49
56 14 67
48 62 71
80 47 27
92 87 18
78 36 42
71 19 88
68 22 47
5 74 64
94 98 53
37 58 94
49 98 41
82 36 36
35 66 73
58 31 95
86 0 89
38 41 78
5 70 68
11 97 39
81 2 11
23 60 65
35 22 86
30 6 94
55 19 17
62 89 99
89 42 16
19 79 7
38 45 46
67 75 59
45 0 69
19 60 8
15 95 82
47 20 0
95 63 86
45 24 9
78 33 30
30 26 90
79 28 73
71 25 53
52 18 54
97 41 61
82 58 67
63 13 69
57 8 42
44 97 37
60 10 65
88 28 41
13 7 67
88 58 67
11 65 97
7 55 12
6 62 51
12 54 28
53 13 10
8 5 74
0 77 91
36 2 96
17 74 62
64 15 79
32 46 68
22 90 69
52 74 58
8 39 32
92 87 78
68 94 58
34 75 41
77 18 49
50 60 0
42 61 60
34 53 23
27 80 3
96 1 6
51 98 13
26 22 42
15 18 12
24 3 10
21 55 3
79 2 82
6 24 23
42 14 43
11 59 94
22 45 47
8 99 90
41 29 92
85 10 68
15 58 64
8 99 89
47 99 6
5 83 39
98 84 63
22 38 0
73 92 1
17 50 49
63 43 73
41 23 25
53 45 0
68 4 12
51 97 64
48 89 79
55 56 75
52 27 57
88 28 19
33 20 80
47 76 62
85 76 37
32 94 3
35 86 62
51 34 21
71 95 51
81 74 92
57 63 67
93 22 1
14 89 33
45 20 43
66 62 16
82 11 38
78 90 47
34 53 34
56 55 93
24 60 98
89 15 62
30 53 3
0 82 67
20 90 42
42 50 77
2 49 93
14 51 41
37 27 24
51 54 94
9 29 99
33 15 61
19 68 22
25 73 28
49 2 80
27 71 99
54 69 36
36 22 22
15 77 81
8 45 76
71 52 6
77 72 71
48 89 58
84 95 36
31 48 5
84 26 5
21 36 61
48 70 90
88 62 74
39 78 46
78 76 8
86 13 97
28 3 48
23 49 26
53 87 24
29 8 52
13 71 32
28 10 63
54 1 69
68 45 48
21 53 10
17 50 20
74 20 32
23 13 1
82 46 23
83 34 15
41 67 11
82 10 78
22 65 33
61 56 43
27 87 52
91 37 78
8 77 64
53 35 10
18 12 91
52 73 85
48 38 71
59 56 36
43 64 28
19 80 78
52 16 70
92 25 22
23 91 74
84 94 36
21 97 73
36 46 75
35 2 24
40 53 86
3 70 0
98 84 7
38 83 68
13 6 67
14 20 40
45 15 58
30 57 39
67 94 66
38 3 88
11 9 49
61 67 73
66 74 50
80 57 13
92 67 0
29 91 12
46 45 58
68 87 17
24 12 21
37 22 53
17 68 3
36 90 67
16 86 14
30 88 22
29 39 69
72 39 11
99 10 48
77 49 73
3 5 78
53 51 86
64 53 49
90 67 53
96 7 70
2 28 99
95 51 17
67 65 62
33 73 60
97 7 68
25 4 7
89 33 9
67 18 15
10 61 28
20 45 28
37 48 23
36 46 83
0 58 55
37 85 16
69 26 63
40 67 25
64 59 38
35 58 21
51 29 97
67 61 85
78 75 7
64 1 73
11 25 90
75 55 7
98 70 67
31 56 38
19 8 46
96 46 27
13 9 69
77 32 20
29 13 79
28 90 0
25 72 97
31 12 7
40 59 88
62 23 59
47 90 40
45 18 82
19 4 44
67 7 76
59 6 72
32 1 48
96 80 83
30 60 97
8 72 24
59 53 4
79 93 69
40 89 37
31 91 93
61 61 26
0 48 37
18 64 26
76 33 8
24 51 96
49 75 51
25 24 48
30 86 33
13 38 74
94 3 95
39 58 89
51 12 59
64 39 76
84 19 72
9 21 45
10 53 43
77 46 99
49 68 7
17 55 1
85 29 55
82 60 13
92 23 44
83 40 24
67 25 41
88 97 48
37 59 35
80 16 88
99 0 46
64 9 89
56 38 18
93 64 55
38 62 67
22 11 64
34 40 38
26 81 48
15 9 63
12 13 44
69 44 41
5 91 2
73 95 41
46 29 5
80 15 73
65 18 10
77 8 2
79 53 73
25 81 98
18 4 48
55 23 21
62 2 20
15 38 27
62 30 19
55 32 80
92 9 2
11 34 54
23 16 17
51 79 45
70 0 66
49 92 21
53 45 76
74 69 26
61 98 12
50 32 53
99 62 47
58 97 50
23 3 17
73 66 57
89 48 9
68 41 65
52 44 95
65 44 58
23 14 35
50 70 34
59 93 21
39 74 30
16 78 88
36 17 62
47 55 75
59 34 59
88 17 44
30 96 43
93 51 64
5 26 82
78 7 17
16 29 68
61 83 47
47 17 93
90 90 60
53 0 35
37 0 1
68 77 1
22 1 33
94 10 72
77 57 3
26 98 90
26 60 94
68 28 21
16 79 93
58 20 61
20 11 20
90 69 77
5 55 66
43 64 25
63 46 22
89 22 77
38 31 82
57 85 54
63 33 84
84 88 91
70 34 31
32 33 65
85 7 88
39 99 27
17 10 76
70 69 48
61 40 5
72 82 62
7 98 97
40 60 98
62 31 25
40 35 20
9 32 49
81 33 42
83 36 94
49 43 73
50 78 0
73 30 25
20 66 78
48 67 6
43 99 47
63 25 74
64 73 34
17 67 56
72 32 63
51 30 63
33 37 84
77 3 18
73 43 29
19 52 87
60 36 33
58 6 10
35 47 24
64 65 70
68 94 59
62 98 52
39 9 67
62 62 62
45 3 93
46 93 70
98 82 72
61 64 56
95 88 40
45 54 41
1 33 52
40 31 67
64 1 25
89 61 75
60 1 23
90 68 24
50 4 81
53 83 68
0 88 99
47 73 54
67 17 16
10 18 64
92 53 10
18 23 2
82 18 5
55 90 92
19 65 30
83 24 3
17 67 32
13 0 35
67 24 85
75 2 18
4 10 64
41 38 41
52 65 88
14 34 44
83 84 24
38 14 91
49 13 46
10 10 21
97 67 8
40 2 88
40 71 31
37 61 57
85 29 7
31 85 7
26 55 63
78 25 16
33 16 66
89 35 91
65 96 36
22 29 2
19 42 24
39 86 64
71 69 13
67 9 46
94 37 41
32 17 3
45 34 61
24 42 67
57 25 36
16 9 63
25 30 65
51 89 9
90 58 50
53 62 3
70 17 33
36 19 97
66 95 29
87 62 24
18 96 23
19 29 19
17 22 71
70 47 60
1 38 75
71 75 75
44 3 96
31 18 88
24 65 73
83 81 14
83 66 99
17 84 93
86 8 22
91 40 18
69 41 66
54 25 93
1 24 1
22 2 52
3 7 51
94 37 57
82 80 56
59 9 76
58 95 72
2 15 47
19 52 88
41 44 84
58 79 18
36 5 53
63 59 17
27 75 97
62 92 45
53 20 49
27 44 83
50 19 80
85 63 30
78 68 91
5 94 13
31 34 73
31 72 97
8 29 87
20 0 94
55 29 85
52 39 21
39 46 0
51 44 65
71 11 26
48 87 45
11 33 67
19 35 39
48 83 28
53 21 38
71 23 42
76 8 59
97 46 62
8 11 18
31 75 90
29 63 49
24 49 25
3 45 13
87 7 53
98 97 50
24 17 80
20 74 70
13 85 24
81 42 28
81 18 6
78 75 88
7 53 26
75 29 97
57 97 98
81 75 65
45 52 50
70 94 50
23 32 58
64 17 46
24 91 17
18 94 96
25 89 79
80 82 29
94 63 85
7 72 51
76 52 39
18 4 2
74 48 90
15 24 39
64 79 25
50 78 44
87 69 33
61 56 77
38 36 8
88 91 86
26 12 84
