77 81 75
56 25 95
45 51 75
61 16 14
38 32 72
37 80 79
79 3 46
29 65 68
68 22 2
47 31 4
74 16 9
57 85 35
47 56 2
14 60 29
23 66 61
67 75 31
62 80 62
48 48 79
65 15 95
50 86 55
48 51 67
30 26 46
21 59 73
4 49 28
74 94 55
78 51 39
14 77 61
24 21 70
98 12 96
12 79 99
80 64 37
14 64 82
77 63 57
58 50 94
90 89 79
64 32 53
10 49 40
18 97 94
96 45 22
34 28 69
8 57 77
23 45 15
7 58 77
12 14 97
47 6 60
49 98 31
65 21 71
86 46 39
42 29 87
9 54 11
90 7 1
64 86 43
97 42 66
81 24 36
86 45 81
49 0 39
61 99 25
91 49 26
75 26 22
88 17 72
21 72 11
87 62 72
0 92 11
12 61 29
21 28 48
53 29 83
22 89 46
94 69 43
20 10 25
72 78 42
99 38 96
23 45 53
16 19 11
67 7 63
69 59 66
81 94 35
64 50 67
5 78 46
65 96 46
46 11 86
39 44 16
48 0 45
41 20 77
22 96 67
94 77 44
3 53 15
73 81 25
71 37 97
64 63 15
41 8 23
12 8 76
8 93 78
9 21 68
24 11 81
47 72 36
32 46 51
94 11 67
61 72 44
99 21 18
57 44 93
99 5 71
95 54 80
71 10 56
38 24 65
45 7 37
78 9 54
36 8 58
20 61 66
73 47 56
38 56 54
95 98 59
77 93 75
67 52 54
71 53 22
89 94 22
57 67 87
89 56 66
88 31 95
70 62 18
42 92 8
46 69 28
27 62 77
79 73 94
81 23 65
71 13 96
18 69 32
42 52 68
71 2 64
19 52 69
80 47 40
44 25 10
69 50 46
84 51 74
38 33 55
43 43 69
14 4 52
35 37 82
14 98 8
85 8 63
21 17 3
29 16 7
35 49 17
24 46 97
91 94 21
52 15 34
97 74 33
62 86 68
50 28 91
86 53 51
14 22 49
24 1 11
82 10 47
26 11 18
91 16 40
0 83 69
9 58 89
23 71 23
31 51 65
45 99 41
89 37 64
99 89 25
45 0 11
81 89 28
21 6 55
16 90 88
31 89 97
35 30 66
68 62 85
79 87 5
31 18 20
55 70 66
19 41 94
69 48 82
70 25 28
91 81 3
34 34 86
29 87 69
80 64 32
56 45 94
87 39 17
7 11 95
76 81 60
96 92 8
6 56 88
2 29 99
40 5 70
0 37 41
40 21 80
74 59 10
86 52 51
92 91 10
35 14 16
61 85 81
47 85 60
69 99 78
94 65 14
5 60 56
60 23 91
30 55 48
69 80 60
18 15 96
38 44 49
15 61 74
74 67 97
6 24 57
66 7 64
85 11 29
85 1 59
86 60 88
83 43 22
7 84 62
62 12 72
29 85 73
48 30 49
78 49 95
9 21 70
54 49 63
98 39 96
38 25 47
16 61 25
74 20 5
20 3 24
52 4 95
70 0 66
52 52 8
58 87 55
43 46 95
88 22 99
21 40 51
75 13 75
5 11 94
29 3 92
97 68 37
66 61 23
25 75 27
79 13 75
83 83 34
48 59 8
8 38 9
59 45 36
96 43 71
76 99 40
69 74 99
81 59 88
63 76 21
0 8 11
6 18 40
35 86 17
77 64 28
2 57 20
59 27 0
27 45 85
29 78 57
59 52 40
60 84 55
4 2 21
93 17 84
12 13 92
85 21 68
12 69 33
74 45 36
23 99 32
43 51 12
10 82 34
27 12 64
45 92 41
16 24 31
26 46 5
3 61 24
57 59 40
97 56 66
19 91 70
61 15 7
36 49 31
65 37 80
85 21 32
63 87 64
24 33 26
59 76 56
88 19 68
59 19 35
76 92 74
87 84 72
73 53 90
7 51 96
31 74 78
81 27 34
44 73 12
66 35 0
58 83 37
50 40 10
87 59 44
62 4 26
25 97 45
18 69 87
40 58 14
99 87 20
83 5 83
43 90 94
79 95 35
33 30 50
83 44 99
77 32 46
74 48 14
42 50 98
63 98 91
18 76 27
11 68 72
60 91 68
19 93 26
44 65 88
16 65 39
93 16 24
19 43 22
37 61 31
62 92 23
32 8 35
62 46 2
83 57 53
2 18 48
94 32 69
89 51 22
2 92 17
36 4 90
73 51 77
15 59 68
87 50 37
64 18 88
25 96 78
2 32 75
26 48 92
13 65 12
7 40 40
74 50 40
95 10 72
92 4 81
75 97 32
34 16 47
24 92 60
15 74 60
92 76 58
89 96 21
59 0 67
11 82 50
32 41 13
14 64 46
33 78 20
62 12 14
91 16 90
40 42 95
13 68 81
74 72 99
49 59 47
55 63 89
25 31 56
15 47 85
82 92 97
9 39 8
81 23 95
32 96 16
68 72 81
56 22 78
29 47 81
55 59 38
35 56 39
19 95 38
90 67 91
17 28 51
97 37 72
59 22 4
16 90 87
19 75 27
91 2 80
96 49 57
88 25 20
96 81 15
75 1 17
84 26 25
62 70 63
78 14 41
52 39 76
63 61 16
65 88 11
77 51 72
66 56 5
85 3 53
82 23 41
91 5 97
66 56 90
8 86 47
47 42 46
6 40 85
82 22 46
85 71 57
89 8 57
38 73 19
87 19 33
34 80 47
50 12 2
64 30 27
35 63 0
22 85 36
59 82 37
41 49 36
57 66 58
94 12 66
42 22 86
25 50 66
56 48 20
64 16 49
5 68 19
84 78 24
1 74 78
70 84 29
60 52 41
32 32 77
38 93 67
85 36 28
69 14 57
95 4 33
39 80 38
16 64 51
88 35 88
52 66 78
24 30 48
18 79 71
75 77 74
23 4 91
14 92 82
63 89 32
41 31 18
67 65 0
37 80 86
77 38 54
50 13 34
13 9 19
50 51 58
2 26 68
14 38 83
52 22 76
83 76 79
89 50 21
11 25 91
60 21 85
28 65 82
34 30 92
87 84 12
81 84 84
92 83 73
23 64 53
74 83 38
1 97 22
28 99 2
83 51 49
33 78 64
58 11 38
47 52 68
7 91 63
58 95 43
69 9 27
26 97 75
70 70 31
65 69 41
29 25 70
19 68 9
95 39 81
43 74 13
26 73 41
95 21 65
37 87 16
50 19 2
57 59 94
66 30 87
4 93 72
96 35 11
40 92 88
18 65 16
5 69 20
57 2 68
0 34 41
13 81 47
19 86 17
50 96 40
20 66 48
62 26 68
33 31 98
0 32 54
47 5 14
17 90 28
28 76 38
71 53 23
19 83 56
71 86 97
54 84 93
71 11 79
71 26 9
69 7 86
34 94 84
43 82 13
54 10 75
97 72 97
88 83 71
11 19 66
16 72 83
63 75 10
67 26 62
47 28 23
31 21 53
5 24 46
81 19 41
8 26 33
82 34 43
44 92 94
36 92 58
8 35 19
9 18 36
21 15 8
65 20 37
68 21 3
71 66 99
84 83 44
57 67 57
52 49 52
12 92 22
61 38 75
66 14 76
75 20 30
48 24 37
50 68 75
30 68 68
72 30 48
20 5 54
13 46 58
53 62 31
80 0 23
28 77 91
73 22 16
88 28 83
85 33 81
20 74 84
5 94 58
15 83 11
25 89 42
25 92 62
37 41 17
31 97 9
86 34 62
39 92 9
53 63 2
22 88 47
5 1 67
55 8 49
25 10 19
68 86 52
20 82 55
95 72 22
91 3 80
33 9 5
84 95 16
36 61 26
13 19 67
86 57 45
28 21 58
79 15 35
90 99 94
40 33 95
69 64 73
70 96 68
2 43 20
4 17 55
77 48 70
77 6 81
19 5 47
31 90 9
21 77 49
10 33 37
49 71 73
5 73 3
24 77 58
62 56 35
24 90 94
89 72 22
68 91 0
52 92 34
77 69 95
3 44 24
36 63 48
53 29 56
80 29 43
20 60 5
98 1 44
61 95 83
16 25 28
93 92 96
36 46 67
73 15 49
79 23 8
42 64 43
50 81 49
81 81 71
42 70 72
93 62 96
27 78 50
29 99 34
35 15 88
47 18 54
35 47 2
77 38 75
62 68 6
54 6 89
64 45 7
23 23 19
87 21 77
25 4 56
22 26 94
43 22 68
25 85 95
31 95 39
80 82 35
45 74 91
0 55 20
99 30 79
39 5 58
34 23 4
75 59 38
45 36 41
88 99 8
39 66 13
56 98 93
13 20 68
66 29 88
62 39 93
61 86 33
65 60 23
23 42 31
71 11 61
37 53 25
6 78 35
11 37 36
78 72 5
84 32 47
3 15 4
63 44 11
82 41 88
40 38 43
95 37 25
4 36 71
26 16 57
83 84 78
14 41 7
4 72 54
33 14 8
21 28 49
84 65 0
12 79 75
69 10 46
14 95 14
81 70 42
67 65 96
69 63 91
57 95 97
52 99 25
32 17 78
43 44 28
46 35 87
72 12 1
62 84 59
69 33 39
35 48 1
48 69 91
53 98 72
98 68 99
87 56 20
17 21 7
27 73 95
73 1 43
72 63 47
74 61 46
52 41 44
50 39 66
17 36 28
60 86 88
86 32 83
22 75 13
28 59 98
17 50 53
38 61 61
64 90 62
47 96 67
14 42 25
99 22 12
53 56 30
92 21 96
13 58 99
44 72 17
4 50 37
0 72 72
90 14 14
73 3 31
29 42 25
88 94 86
50 87 99
58 88 85
69 47 27
41 5 37
71 12 68
80 10 59
14 24 70
5 72 55
74 95 80
68 65 72
94 31 70
43 53 82
28 44 44
47 34 99
73 52 16
74 76 38
54 63 1
55 61 39
46 70 32
73 87 13
74 69 51
94 10 41
24 63 22
13 37 19
73 19 0
91 71 90
90 75 66
95 29 19
34 29 5
74 9 37
4 25 46
39 15 89
6 15 2
73 83 96
60 96 19
41 60 63
14 82 44
49 8 40
94 59 70
72 12 95
46 77 82
37 72 20
62 89 76
75 4 52
58 92 20
5 65 61
24 46 12
14 1 35
6 68 20
2 2 40
2 87 88
51 36 90
42 72 11
72 66 99
53 75 61
24 36 55
56 9 37
19 78 82
51 98 72
70 45 64
18 3 84
23 46 16
32 72 6
72 92 85
80 95 36
62 54 72
85 68 84
16 63 82
15 4 2
64 15 14
3 19 76
99 14 43
24 55 71
68 77 55
46 52 54
74 50 88
79 73 21
46 44 59
10 10 83
90 98 92
80 68 97
38 35 62
97 43 88
78 59 68
15 64 40
95 10 20
50 69 39
19 63 4
17 61 29
27 7 86
48 92 62
79 31 44
5 46 85
35 7 53
16 12 4
97 55 50
55 96 94
35 18 66
78 11 71
47 39 24
99 94 86
87 37 35
21 74 12
68 35 17
90 34 64
26 96 39
56 7 61
14 42 60
24 64 85
62 4 7
66 98 41
65 38 68
14 67 23
25 47 96
45 54 90
67 15 57
31 47 55
83 21 41
33 52 94
39 72 3
48 31 43
46 98 74
59 33 78
1 2 83
90 17 41
71 44 5
25 19 27
19 38 41
51 73 34
75 75 39
86 86 79
93 5 98
69 53 98
48 70 75
72 46 50
10 87 92
95 5 15
71 3 15
30 66 21
5 37 29
1 30 31
48 40 37
58 69 73
19 46 6
28 81 40
9 24 23
40 61 64
33 32 55
41 58 32
26 6 79
50 94 92
26 12 65
10 20 68
0 39 85
84 32 26
90 89 26
11 92 5
67 69 44
41 58 31
43 11 2
61 45 1
18 65 85
20 66 25
72 90 60
90 10 63
50 41 38
35 41 15
61 61 79
75 31 65
15 47 12
87 86 78
3 80 78
84 22 52
11 72 42
81 48 40
61 41 80
30 79 56
71 34 51
95 57 37
33 33 37
82 23 35
36 73 19
62 40 0
65 52 98
94 9 71
96 71 5
80 52 22
33 75 77
11 23 48
14 8 92
48 73 42
31 74 98
15 27 16
71 9 3
86 35 91
64 41 19
14 93 72
29 40 50
51 41 62
90 40 52
87 99 3
44 6 53
69 76 96
82 80 25
79 51 41
47 52 91
57 79 4
3 37 96
96 55 80
82 78 12
47 32 43
3 81 79
10 52 56
14 40 63
54 57 16
60 38 90
46 94 50
83 31 22
35 98 11
88 78 96
27 43 64
7 57 76
58 44 11
75 90 47
16 84 63
78 45 94
9 91 11
7 58 4
42 77 43
32 69 92
67 77 83
22 78 95
86 37 25
96 67 37
94 86 82
69 86 50
41 58 97
83 84 45
79 66 98
25 82 31
99 12 92
51 67 50
18 1 29
78 27 42
37 86 33
53 95 51
46 33 98
29 11 28
44 37 55
27 97 96
5 50 27
53 15 43
65 41 97
56 15 12
70 91 49
26 0 27
10 2 14
35 55 88
37 46 11
1 22 84
62 22 20
96 58 1
97 33 46
87 85 57
38 35 89
39 31 3
20 96 87
96 91 39
57 92 27
46 90 47
49 68 9
29 0 22
26 38 59
49 73 12
12 18 29
95 78 73
90 91 88
66 22 46
34 55 68
11 72 41
79 32 43
79 85 29
25 50 91
26 47 26
69 94 37
3 42 9
93 77 0
33 24 25
51 14 93
54 72 64
70 6 85
90 31 17
39 2 5
9 19 1
55 56 89
92 32 18
18 46 32
88 36 58
56 2 69
86 21 78
93 31 9
13 7 76
73 48 56
79 48 81
89 8 15
71 33 6
73 71 47
39 67 76
43 27 26
5 21 4
92 57 13
25 93 38
89 91 45
3 79 53
57 35 85
72 85 54
80 72 47
31 65 74
54 71 10
53 24 87
31 91 74
37 84 95
2 96 73
45 20 1
85 24 93
47 84 82
75 68 50
56 16 67
20 32 30
93 94 81
82 21 40
84 41 85
15 8 23
16 46 13
79 10 10
64 76 10
97 52 41
14 36 85
67 99 40
29 70 27
96 27 82
94 16 70
49 96 10
57 3 86
46 18 61
40 78 97
30 17 30
12 29 64
76 28 64
7 54 50
74 34 60
73 7 46
54 45 85
49 52 4
73 68 74
22 46 31
45 16 11
22 24 18
93 67 17
44 53 21
13 79 7
78 55 80
14 43 59
19 25 74
0 97 42
67 31 27
14 98 23
47 45 2
6 12 75
53 1 80
26 93 54
6 75 20
18 48 55
35 4 90
33 33 54
51 2 69
23 30 31
17 15 30
78 75 47
91 14 15
50 73 2
0 63 13
22 40 92
12 58 26
71 30 87
98 2 29
84 21 66
49 15 98
49 97 24
26 84 50
33 97 97
6 3 49
79 53 26
58 90 6
57 2 35
9 66 33
73 59 26
56 77 64
63 12 62
33 23 24
34 89 63
80 14 35
51 44 75
36 89 85
4 72 82
51 31 60
44 81 54
62 80 48
89 36 87
88 62 6
38 29 67
40 81 79
51 38 35
68 24 33
13 14 92
39 69 47
80 58 6
13 11 34
46 66 15
86 10 87
17 35 69
5 40 66
20 68 54
20 16 43
79 49 0
32 94 59
73 19 25
38 20 37
23 94 13
29 45 5
4 52 36
18 1 31
61 39 74
30 80 51
36 64 50
17 74 34
48 16 42
94 62 97
48 41 5
10 16 15
45 64 95
16 45 70
8 39 74
61 3 72
30 50 67
23 20 99
74 81 30
63 1 24
8 90 49
91 60 31
7 30 34
33 78 82
32 74 77
6 70 89
17 84 80
93 19 90
32 54 14
24 78 73
17 66 30
59 10 88
66 37 40
87 58 33
76 14 8
86 85 11
62 66 63
71 0 71
14 82 47
67 56 5
1 99 87
9 74 30
11 76 38
89 79 65
2 88 65
45 8 83
34 44 81
7 21 53
91 84 54
65 45 20
36 36 30
15 59 49
30 25 81
21 15 33
42 45 7
44 18 87
11 46 99
50 77 91
64 91 84
84 60 9
5 59 57
28 11 93
44 54 22
15 20 43
38 57 53
41 39 63
91 64 49
54 48 38
56 9 77
43 62 12
54 13 38
85 33 48
48 72 74
13 39 15
61 19 57
16 6 39
45 14 21
31 12 73
36 85 86
12 70 32
58 84 36
21 47 25
61 92 93
54 38 78
79 12 42
53 23 36
65 35 10
30 95 40
68 33 16
64 54 71
26 61 13
50 35 22
5 74 62
85 56 46
31 45 49
11 91 23
1 5 41
77 34 61
19 82 36
15 56 53
64 91 62
54 13 45
6 12 94
40 62 11
53 90 92
62 23 0
67 60 47
43 11 3
66 8 78
77 48 39
25 3 73
8 28 21
9 40 66
76 16 63
34 93 44
49 64 21
50 35 28
40 7 77
47 58 84
99 50 55
2 45 25
15 56 11
3 50 80
29 9 4
79 66 63
5 99 25
76 22 17
81 91 96
3 51 37
68 19 94
6 46 62
37 86 17
32 78 81
77 79 20
20 49 51
15 70 57
61 70 64
79 74 8
54 78 53
31 1 80
34 25 24
21 24 17
56 12 16
3 24 15
1 23 84
35 23 85
95 81 91
1 65 99
82 12 73
33 13 7
0 18 63
83 76 24
86 3 52
78 21 29
79 29 42
57 34 39
63 86 58
1 16 85
4 7 40
47 11 71
11 94 40
26 33 46
23 21 71
32 47 31
9 73 3
12 9 20
22 16 79
65 38 49
27 26 14
94 91 22
77 81 87
55 75 76
75 94 7
80 92 87
21 75 86
27 17 18
34 84 68
80 24 8
6 54 68
36 47 67
6 14 94
30 87 68
31 67 46
18 24 81
83 39 83
43 6 11
79 51 38
43 69 63
3 18 56
2 0 29
86 52 55
22 83 16
94 39 81
16 15 83
67 85 44
22 73 12
39 28 29
21 12 50
1 67 60
83 75 23
6 73 82
82 69 33
18 33 83
50 98 87
63 64 14
0 65 29
32 57 23
84 0 67
13 5 62
94 34 98
87 18 1
56 33 62
93 1 31
17 35 54
35 81 47
53 91 29
75 19 41
86 23 66
16 54 89
79 45 15
85 18 78
90 70 84
18 66 0
23 33 25
11 88 86
87 28 91
67 62 16
2 75 38
81 98 38
72 34 11
14 33 11
53 78 66
55 67 21
78 69 77
45 71 25
12 27 37
9 10 73
82 59 79
64 46 19
19 9 55
2 32 54
13 62 45
94 97 18
47 31 49
98 94 88
80 52 7
80 7 37
64 43 90
75 19 32
35 65 49
36 64 99
16 47 66
66 41 63
43 55 22
5 72 81
76 52 69
12 68 9
61 36 59
45 64 69
22 92 40
56 25 29
68 67 77
6 42 19
59 50 35
39 45 59
56 76 0
94 55 56
66 84 84
54 44 83
11 44 83
25 41 37
37 22 28
34 76 77
50 22 48
45 63 70
15 6 62
78 83 77
52 11 23
22 49 13
31 69 69
27 35 69
31 45 5
47 97 87
20 4 71
31 22 5
40 68 90
71 68 7
48 87 34
99 80 24
52 81 7
22 33 28
70 68 87
11 46 9
62 87 65
29 69 69
24 51 75
3 77 88
32 5 88
8 75 21
4 1 55
91 69 97
34 57 35
49 87 89
45 10 3
73 70 27
61 92 95
9 68 48
13 16 77
95 82 68
93 84 30
40 59 70
33 29 57
63 12 31
65 31 78
74 20 6
90 92 42
91 43 73
19 5 28
41 40 94
70 88 62
7 6 40
84 99 13
76 54 47
9 90 26
25 56 70
78 67 97
98 9 45
1 97 76
47 42 73
58 4 86
15 98 42
63 69 87
42 98 41
18 78 91
93 80 47
83 10 64
89 71 66
63 43 22
12 11 36
84 8 34
40 18 26
96 85 56
85 62 4
97 20 71
51 43 99
41 52 37
72 70 71
22 69 90
7 99 27
93 69 14
90 83 61
22 10 88
54 95 95
14 83 68
88 18 78
32 74 98
26 94 85
69 62 72
19 24 79
99 36 58
15 96 86
69 71 44
46 64 74
52 72 22
96 55 23
56 72 42
66 13 7
2 82 30
86 43 4
41 41 83
73 35 14
41 11 89
77 76 46
49 22 31
30 22 37
95 95 96
38 34 31
59 85 54
54 44 26
18 71 58
46 71 57
62 45 75
36 17 80
8 78 44
16 4 98
72 62 75
72 33 68
62 38 92
78 80 21
2 88 80
99 17 19
13 23 40
67 33 47
2 0 75
81 29 62
54 25 26
83 70 34
40 2 96
88 94 23
10 39 93
44 10 4
35 65 84
51 70 81
93 15 23
11 36 16
73 81 23
95 70 12
79 39 53
72 36 14
89 19 36
79 13 41
54 39 41
86 98 53
24 49 61
38 46 43
11 2 54
70 70 48
66 38 6
73 35 13
95 91 49
70 76 18
21 31 7
64 38 8
74 7 91
5 64 61
86 91 52
68 66 99
33 7 84
77 90 39
12 61 90
93 11 69
59 87 71
51 11 2
23 60 31
88 83 30
60 96 84
46 73 64
3 51 31
18 65 58
98 53 8
4 29 82
53 45 80
28 6 86
41 26 22
13 65 47
47 1 44
85 42 60
67 11 6
77 78 42
59 68 31
2 33 99
45 93 42
34 59 15
85 59 2
25 63 21
9 59 97
25 32 79
72 66 32
53 89 27
23 54 34
87 88 11
55 83 27
7 13 55
10 42 75
23 57 78
54 61 58
82 7 58
39 70 1
53 37 79
17 20 42
57 10 5
27 46 22
68 39 98
38 51 29
92 88 34
35 17 41
18 94 94
16 6 62
34 95 69
50 7 52
33 62 20
37 12 33
6 14 38
7 5 56
41 31 96
35 48 70
48 34 99
99 71 65
68 61 66
41 82 90
21 8 38
17 17 44
42 7 49
6 98 26
96 74 32
60 54 38
40 71 1
60 24 47
51 64 45
79 57 99
70 46 97
54 45 74
93 57 33
1 91 74
97 91 73
23 13 18
64 76 20
80 94 12
16 46 45
94 86 87
81 34 50
53 60 71
63 75 22
16 93 96
56 79 88
83 62 42
0 43 41
34 96 96
95 11 40
96 76 52
68 81 14
92 97 72
74 28 21
59 15 23
75 88 13
50 85 40
16 74 76
76 76 38
93 59 67
79 99 56
40 49 6
2 9 3
40 19 75
84 42 83
36 55 99
28 33 99
43 79 76
68 39 71
37 29 11
70 86 53
27 28 86
32 44 99
79 51 42
12 90 74
81 69 88
84 54 65
75 22 15
39 44 31
81 57 60
63 55 54
85 33 47
93 65 86
90 4 78
59 54 49
28 29 86
63 33 12
83 94 58
4 51 71
96 48 58
42 2 10
38 91 77
51 39 63
77 22 16
4 96 73
7 66 19
10 30 52
45 93 51
37 77 66
68 55 80
55 77 24
57 41 1
18 22 88
75 64 15
37 59 60
62 16 65
69 46 65
97 56 54
62 98 70
51 34 13
46 2 45
96 0 93
86 28 41
34 34 5
21 76 29
70 86 0
74 40 55
98 81 43
81 41 87
55 7 62
12 8 3
42 23 91
12 52 95
36 30 12
13 6 76
33 79 30
95 39 55
19 82 25
1 1 75
1 17 97
77 97 86
45 11 73
43 78 71
21 97 42
28 65 34
30 3 14
50 61 23
51 66 49
65 86 75
49 5 8
97 52 18
53 10 98
62 93 92
70 7 16
64 50 66
65 48 22
65 46 93
53 77 53
95 62 37
98 95 98
33 33 15
32 94 91
18 92 39
56 7 10
15 52 40
45 18 74
4 19 20
87 66 67
51 22 44
51 67 54
90 13 56
76 69 19
77 57 26
76 26 49
0 43 91
66 36 32
82 57 94
48 13 10
38 73 4
42 16 27
23 17 79
66 44 61
20 81 62
56 5 33
59 11 75
96 41 67
65 27 88
58 61 13
5 66 54
77 47 72
50 43 33
32 0 81
23 44 14
29 64 78
87 56 80
1 97 64
79 11 60
12 76 5
49 41 38
75 20 42
96 44 34
83 22 48
5 57 8
13 0 1
83 3 28
77 27 1
21 91 87
57 63 76
95 70 71
43 6 55
22 96 82
83 11 63
23 88 46
93 7 46
3 96 68
76 31 79
77 45 65
62 16 13
59 98 57
7 39 9
76 45 73
15 12 29
73 40 23
58 84 8
86 42 33
51 57 27
26 46 27
6 23 56
95 32 69
18 97 95
34 4 74
39 28 53
79 10 70
17 25 23
58 2 87
51 88 99
7 10 42
1 92 83
59 41 83
8 83 83
60 31 69
34 77 39
89 79 20
21 84 27
71 24 8
99 92 94
17 93 95
29 26 71
50 12 64
51 91 26
31 41 28
85 12 67
84 84 44
22 49 84
98 23 66
52 74 63
61 72 95
58 89 57
38 52 19
36 65 49
74 85 47
87 40 19
11 25 23
22 10 7
87 35 29
56 24 24
74 39 24
64 76 8
16 70 25
19 67 24
66 35 25
82 29 0
12 24 41
22 27 35
77 10 71
27 2 82
54 44 80
59 97 18
12 24 47
81 39 81
58 76 57
34 96 70
65 69 71
48 23 36
60 14 95
83 51 15
36 73 21
80 15 7
97 18 21
68 94 30
90 75 25
7 94 6
5 71 4
99 92 13
28 18 32
99 31 81
29 44 86
16 18 7
21 39 22
37 56 77
56 9 90
28 36 70
37 35 49
74 32 39
48 43 29
86 4 41
61 64 33
86 58 43
83 88 40
89 80 70
18 25 73
40 63 43
23 2 49
75 3 70
89 58 87
53 15 21
17 26 13
91 8 85
29 75 13
17 40 83
98 21 13
21 80 31
32 80 30
85 20 31
31 77 80
85 38 65
60 10 85
16 81 20
54 90 14
3 40 8
67 36 41
37 50 5
65 7 52
56 56 34
7 75 29
36 4 88
16 28 82
25 74 24
76 92 61
55 21 19
14 84 11
61 87 55
66 26 55
52 40 8
77 37 88
2 35 57
4 21 79
39 42 6
79 55 8
11 50 32
37 51 20
78 51 73
87 85 71
72 69 57
39 74 19
79 74 46
37 38 75
89 11 82
46 32 64
17 4 99
13 59 39
14 42 6
60 53 57
60 37 56
52 52 65
85 6 64
7 96 42
33 99 13
72 4 14
58 71 26
72 93 45
81 57 62
58 24 85
19 66 15
63 53 71
84 42 39
57 7 9
34 2 22
29 93 1
90 83 22
16 96 60
60 40 56
69 95 80
46 13 96
69 53 97
67 37 6
64 45 84
84 59 8
70 42 94
45 49 57
57 56 85
20 71 96
59 18 34
13 68 71
93 61 55
88 58 53
95 27 62
4 50 32
2 70 82
92 78 1
8 75 28
73 91 62
54 11 99
25 77 32
40 98 40
18 33 97
40 73 89
96 45 33
25 55 86
21 60 57
44 9 84
81 17 71
10 84 33
35 88 13
98 8 53
44 47 56
60 91 91
64 49 67
82 32 45
77 65 41
13 2 34
47 38 73
62 53 32
75 56 82
96 97 33
83 19 58
87 67 60
17 0 51
76 84 67
29 17 36
13 9 69
53 66 80
9 54 29
36 8 42
61 22 85
54 49 45
86 26 61
36 39 17
30 10 29
6 98 32
9 89 19
5 67 70
60 2 5
46 67 29
90 23 58
52 7 3
41 58 95
32 25 72
79 61 75
44 90 66
8 89 20
2 80 78
79 49 64
70 10 94
2 90 25
74 96 97
64 93 84
22 60 62
36 90 27
74 71 58
89 77 29
23 77 77
60 8 23
33 6 74
44 30 92
48 93 78
26 38 25
89 73 45
54 28 9
58 11 5
97 83 37
49 22 58
49 65 32
17 56 88
0 0 9
42 48 58
68 95 71
93 83 9
52 37 35
35 80 46
51 60 24
30 46 30
52 37 75
39 33 72
5 85 66
49 24 14
65 42 62
89 56 62
59 11 1
78 20 12
12 37 20
78 3 47
51 65 81
89 91 95
58 81 17
25 56 69
48 44 58
17 83 10
71 18 70
61 22 75
1 78 97
14 98 7
93 45 43
9 27 64
43 87 28
92 70 77
95 19 12
40 29 2
13 60 29
18 39 68
38 92 73
61 80 63
76 64 76
53 92 80
28 6 45
48 15 43
85 17 79
78 20 99
27 79 97
56 58 39
98 44 61
66 45 47
33 30 98
21 24 23
98 45 47
1 27 71
43 17 26
10 32 20
40 45 60
66 43 22
91 25 22
19 47 0
75 39 7
60 23 48
34 24 26
15 85 44
51 42 97
86 88 57
74 12 28
46 28 46
93 68 2
55 54 26
13 21 40
62 91 94
31 45 4
62 16 52
69 45 71
31 26 44
79 60 24
83 7 6
68 64 71
36 50 17
3 85 65
82 82 42
82 0 16
17 12 18
95 11 69
68 10 28
48 26 34
69 85 51
17 0 89
91 50 55
76 52 0
21 21 73
13 14 98
27 82 48
40 55 6
13 51 69
71 70 56
5 80 34
83 40 80
79 59 21
96 28 5
49 23 41
77 88 19
51 81 81
69 60 65
58 32 77
50 72 42
20 88 23
61 80 57
69 29 44
74 11 94
73 85 69
11 22 57
80 55 53
90 50 56
38 47 89
65 97 55
22 24 96
6 29 74
0 3 83
29 83 30
30 61 28
69 87 61
3 98 22
25 47 12
2 72 81
74 36 90
97 40 97
17 52 95
36 97 13
29 69 82
9 72 16
51 52 40
5 6 88
83 61 26
50 55 63
20 73 78
53 18 59
98 93 3
63 5 87
83 51 29
63 77 80
67 34 17
65 71 37
39 54 82
50 31 54
42 33 39
20 12 47
14 79 6
52 24 22
44 43 99
47 60 15
64 52 79
65 89 48
81 36 27
62 66 99
50 85 97
17 94 97
37 90 34
55 69 77
75 16 1
42 38 62
45 97 53
17 93 4
18 36 59
63 39 9
58 62 46
51 11 63
83 76 55
74 9 42
43 97 54
35 0 33
37 54 93
23 5 63
26 14 53
16 15 30
80 85 10
24 23 13
50 65 25
97 35 33
77 81 99
55 58 97
36 28 82
94 68 43
67 76 84
51 60 65
52 81 89
29 73 5
79 39 61
64 82 33
43 53 20
85 19 64
13 13 74
87 27 60
66 62 22
26 28 78
25 83 59
79 99 67
80 29 89
25 73 97
66 8 1
5 22 9
79 32 22
40 23 82
82 16 28
3 95 74
33 65 24
87 1 6
97 98 23
86 72 32
89 27 10
82 78 38
3 47 9
17 94 96
71 4 45
59 95 77
90 90 35
51 86 98
93 69 19
35 41 34
81 51 88
55 52 74
58 64 78
7 13 95
77 7 27
55 58 98
76 29 71
69 91 50
78 55 26
68 53 37
83 77 56
23 11 79
76 0 30
67 75 61
83 41 16
67 55 79
73 35 12
54 24 66
13 98 9
21 92 12
50 67 9
66 79 48
56 95 97
2 34 56
82 40 43
72 14 89
47 85 13
25 59 12
25 99 66
93 20 90
38 59 4
93 83 52
99 53 56
6 1 13
19 17 22
41 29 80
0 79 24
83 41 81
12 58 4
40 68 89
83 17 84
42 19 25
63 64 19
17 8 60
10 68 61
37 45 3
0 89 26
55 48 12
56 14 18
0 82 31
94 5 68
91 54 23
58 83 58
43 22 73
74 18 32
66 55 90
58 37 52
94 52 88
40 13 67
14 32 74
74 56 63
33 3 22
34 10 91
52 88 94
60 92 57
10 61 28
37 13 30
83 66 1
61 47 30
21 85 24
11 54 50
69 71 43
18 82 99
79 75 9
88 68 60
54 89 22
51 52 7
81 69 44
51 71 6
13 95 63
26 63 30
8 18 42
74 57 78
36 29 7
14 7 15
25 10 91
68 48 26
25 2 12
41 54 7
4 55 5
23 97 83
39 15 58
44 63 10
14 77 92
30 48 62
33 81 56
84 23 74
18 44 0
67 32 66
22 34 21
71 69 8
84 20 65
47 36 87
49 11 81
97 73 5
28 87 70
44 68 38
62 70 86
69 44 71
4 62 23
45 27 45
9 0 49
79 59 18
58 55 59
50 28 94
80 81 83
34 42 87
55 10 39
81 51 30
85 68 82
97 22 28
55 1 83
71 96 94
81 15 27
82 44 21
35 30 12
6 83 83
32 42 28
4 45 64
21 9 25
72 9 4
49 20 1
46 61 2
55 57 47
64 31 23
86 72 89
8 75 77
64 76 46
9 93 37
79 79 37
14 5 63
54 94 55
59 2 87
87 60 43
75 32 1
45 78 82
68 94 37
82 50 31
40 12 39
75 70 18
13 88 54
85 93 91
73 30 87
8 48 98
50 10 40
36 94 22
89 65 90
37 31 73
28 74 45
57 90 5
69 62 47
33 8 51
55 82 61
65 45 31
38 85 11
22 11 7
70 13 95
96 49 33
37 69 87
38 76 60
82 43 21
12 4 7
36 65 48
65 2 60
16 26 62
57 44 65
92 66 77
4 39 98
71 10 93
46 62 71
33 75 99
74 85 48
86 19 32
30 31 2
11 78 68
72 31 25
27 25 29
88 92 71
22 84 84
76 71 7
47 12 9
7 11 74
16 48 86
73 33 63
1 4 75
71 14 36
85 60 64
14 79 37
28 5 43
15 76 74
35 80 35
78 30 54
49 21 36
16 25 22
27 54 1
99 95 87
48 4 29
12 91 5
39 97 38
61 21 19
42 12 41
73 94 46
14 7 22
33 88 42
62 36 85
30 16 68
23 41 31
93 79 8
47 45 74
55 7 39
84 84 51
23 67 39
70 1 9
52 49 88
35 68 86
93 2 33
25 41 23
19 0 17
80 55 7
94 32 19
65 98 8
1 16 62
36 4 89
12 97 8
14 62 84
5 13 28
95 21 4
18 18 76
55 48 37
92 5 80
72 80 23
10 25 92
88 36 34
11 99 65
47 44 75
81 21 78
66 74 70
27 36 63
39 0 16
73 19 74
69 74 3
40 42 88
84 50 14
52 12 62
47 7 38
16 27 99
48 2 2
8 37 8
83 81 41
28 97 84
90 24 58
93 1 32
92 50 27
11 95 41
35 31 11
92 68 18
20 5 71
26 52 62
42 20 3
78 67 64
93 7 93
39 84 4
96 31 70
54 11 92
82 6 84
99 22 19
94 37 42
82 91 42
77 70 29
32 9 14
13 52 18
64 19 87
1 64 46
78 15 13
30 12 1
5 75 62
75 93 73
24 15 94
77 90 38
92 54 51
5 37 28
45 14 95
64 25 23
55 96 57
82 61 38
61 4 72
79 91 0
7 38 74
94 77 75
4 42 82
90 95 22
52 15 94
54 1 24
81 28 88
86 50 32
61 12 14
76 53 24
16 94 63
5 31 98
93 70 14
6 91 44
83 70 36
47 76 83
13 94 93
68 71 45
43 52 52
65 67 35
20 50 23
30 72 6
85 99 94
51 32 23
5 68 7
72 91 86
5 74 28
55 13 18
40 49 17
79 86 45
70 77 95
31 55 4
50 23 28
57 32 44
56 7 9
68 54 79
97 43 77
77 38 76
44 89 24
56 29 67
88 25 77
72 4 21
71 6 7
7 23 56
87 81 59
62 92 64
13 92 83
73 95 77
66 30 25
18 63 78
74 41 55
28 53 82
23 27 24
26 83 49
85 18 47
96 44 76
62 34 39
0 22 83
40 93 46
84 11 30
15 61 30
30 54 43
59 40 84
94 36 26
55 79 87
51 49 78
57 46 43
69 31 9
83 45 6
34 23 85
48 6 43
47 78 31
30 68 2
54 55 26
90 53 90
2 51 38
48 78 31
13 19 28
44 13 44
41 93 10
36 32 40
49 47 78
64 67 66
68 87 70
64 45 22
23 91 75
68 84 27
98 89 97
69 57 96
36 92 42
29 97 85
33 94 97
64 90 84
61 72 24
51 1 72
94 3 34
28 93 2
94 55 19
3 48 50
34 18 23
60 11 87
16 39 32
54 16 40
34 89 94
62 87 64
75 94 69
76 80 87
39 94 32
49 15 43
96 84 55
45 28 77
27 48 42
13 96 53
83 67 41
69 93 12
53 20 21
27 58 19
6 95 57
61 68 91
32 6 44
41 45 60
94 40 36
71 12 80
21 48 63
97 70 6
9 55 87
72 64 87
81 6 30
89 9 27
58 21 3
53 88 22
23 51 48
15 92 28
94 27 19
72 70 48
89 76 55
5 8 41
27 87 19
19 76 97
21 56 12
42 10 59
13 23 13
65 98 65
69 69 88
97 20 27
14 69 70
9 79 43
64 71 72
20 34 99
79 16 61
30 78 76
17 78 72
2 74 87
37 40 17
12 13 36
97 46 2
83 80 30
99 88 91
10 24 24
20 49 35
56 68 21
47 13 30
68 44 53
78 10 54
53 63 99
34 10 82
84 6 57
49 39 51
49 65 71
36 60 69
66 32 77
39 56 92
84 10 68
4 74 62
69 1 29
77 80 89
36 43 28
49 90 43
11 99 23
27 98 6
4 85 66
77 16 14
50 60 44
74 48 83
79 93 13
34 58 3
59 62 93
74 22 16
9 71 2
28 10 4
1 36 2
9 65 32
35 79 45
79 55 59
12 95 63
21 76 48
80 65 62
69 13 66
3 40 66
9 90 4
89 45 51
95 3 87
62 70 96
32 42 6
71 43 66
95 2 87
62 23 93
69 46 28
46 82 4
67 71 95
36 30 34
47 88 42
68 57 97
85 44 24
7 28 20
42 72 64
56 85 73
42 94 23
84 89 39
15 9 24
87 55 36
74 60 26
54 26 83
43 79 97
65 38 37
40 90 9
73 69 49
96 71 98
46 2 72
56 20 14
94 54 6
56 61 38
91 2 85
1 97 23
99 21 20
29 57 68
65 62 24
38 4 89
20 56 93
19 32 15
6 16 57
26 3 39
30 84 74
31 23 12
61 86 54
21 9 40
28 26 26
42 28 57
67 63 64
12 11 29
91 22 40
87 96 12
25 54 68
45 48 86
72 5 8
67 18 80
21 70 91
78 17 15
14 74 16
54 60 24
32 87 17
25 11 15
48 46 2
92 73 55
29 12 82
89 73 90
65 81 94
32 14 6
56 58 45
43 97 13
92 69 25
93 60 68
54 20 20
49 59 48
28 21 98
65 25 94
95 78 74
67 8 6
99 21 19
80 30 44
51 1 70
10 89 87
23 15 78
37 10 88
92 47 6
46 62 3
3 48 8
31 91 50
59 26 1
97 75 68
63 2 77
58 30 22
51 62 24
34 26 76
93 26 18
75 80 31
25 47 4
4 81 11
80 98 55
38 36 50
28 84 31
27 25 83
62 54 33
93 14 9
77 51 0
43 56 37
38 43 32
6 14 54
35 79 38
14 53 10
60 12 20
82 49 41
65 75 14
41 63 42
10 60 24
31 90 34
9 89 63
67 8 1
92 45 50
24 20 98
95 57 66
12 0 64
86 26 68
45 24 10
60 96 29
57 89 19
28 18 36
12 20 90
5 42 10
2 87 2
91 65 25
6 64 45
62 34 12
57 1 25
30 1 79
67 71 89
18 6 80
10 46 12
8 39 52
54 11 16
33 72 65
7 23 96
94 82 69
73 75 89
54 40 32
73 70 58
49 44 58
98 73 26
70 11 72
64 46 22
26 23 53
97 86 49
70 84 52
25 32 56
21 22 5
97 61 3
90 88 97
52 91 69
45 2 95
21 75 74
86 20 63
84 33 26
58 80 41
99 12 95
54 60 57
20 1 18
75 95 68
19 22 47
22 65 52
42 53 45
47 44 33
96 90 73
83 17 29
48 96 38
58 17 80
35 98 12
39 14 22
16 48 54
21 91 11
37 98 14
78 52 1
64 77 36
2 88 44
82 18 2
95 39 62
69 57 19
4 42 74
88 48 97
56 13 82
20 37 7
94 17 43
39 8 61
47 95 8
67 72 27
17 4 62
9 3 53
29 49 66
23 44 13
25 22 88
77 81 77
62 82 26
44 79 72
13 47 5
3 54 29
52 17 60
82 50 88
74 34 13
40 25 34
35 65 58
65 30 24
71 45 70
66 57 6
43 61 55
84 47 64
87 0 7
45 74 15
63 46 19
80 16 72
90 13 59
66 34 47
4 23 66
22 90 9
80 62 86
64 62 14
77 9 88
43 47 83
22 73 11
60 82 91
30 44 4
69 2 37
84 93 99
4 48 86
39 92 79
18 37 60
2 22 12
70 2 30
82 39 81
95 52 79
98 80 42
46 55 1
52 71 46
54 55 29
60 19 73
38 89 26
5 58 33
38 43 86
5 13 37
65 11 34
23 18 59
54 87 50
73 0 25
58 95 16
42 72 65
81 74 96
36 72 69
15 45 44
44 0 40
35 66 48
48 10 80
7 32 71
35 84 62
3 97 46
48 35 26
26 7 81
81 96 51
18 75 98
8 29 96
86 9 70
72 11 20
20 16 79
30 75 36
57 42 39
63 66 10
36 37 75
88 25 59
79 65 97
45 96 26
95 20 32
38 50 18
39 45 31
56 85 41
14 30 41
58 91 4
83 29 23
61 18 73
3 43 83
78 72 22
61 42 0
24 28 29
70 84 80
95 56 24
52 27 53
12 26 51
21 91 40
42 42 21
60 3 20
98 69 7
36 83 96
67 72 64
5 61 90
43 72 64
33 57 7
32 50 41
81 10 60
37 17 76
35 58 97
49 93 1
77 62 99
29 16 59
80 86 5
18 90 89
34 38 45
32 92 49
63 31 25
17 5 63
72 76 4
48 78 87
3 40 31
19 67 23
90 96 20
95 56 16
82 75 67
69 87 20
91 56 0
92 73 54
11 18 6
77 71 43
73 94 43
48 0 86
3 95 96
11 49 32
72 38 96
94 11 41
73 76 1
55 13 17
3 22 84
14 97 85
95 65 94
51 73 41
80 57 98
78 7 23
62 63 82
23 51 54
34 95 90
88 52 71
25 90 18
18 57 72
46 41 47
71 29 88
24 77 33
5 1 14
29 6 98
2 60 68
12 45 69
52 46 28
78 20 30
86 37 93
68 47 35
55 16 84
52 11 21
98 36 47
23 17 81
11 42 42
57 14 10
7 0 54
65 31 80
16 8 27
52 46 79
14 33 12
42 98 68
84 1 30
96 85 91
7 32 82
87 75 84
46 71 31
85 96 39
29 71 98
4 41 9
62 37 50
20 31 45
2 62 23
36 91 70
76 45 47
93 30 69
17 80 91
65 99 40
11 51 95
78 53 26
11 82 64
85 42 39
12 28 3
86 12 96
52 65 80
43 75 37
69 48 27
81 23 8
30 47 61
67 54 38
80 33 37
4 57 7
82 29 24
84 25 78
80 91 85
22 22 72
58 7 9
29 68 95
8 13 55
7 89 36
64 8 60
86 60 32
41 99 93
55 44 82
26 12 9
17 1 66
23 26 15
69 53 79
5 1 18
77 30 96
18 42 46
21 83 88
48 45 15
72 95 24
58 30 37
34 65 58
32 64 69
12 83 45
66 34 30
32 14 69
80 92 86
81 25 9
22 60 99
41 32 93
33 55 49
68 85 84
13 59 94
48 42 65
73 43 34
97 43 30
44 29 95
40 98 1
16 85 77
87 72 93
58 67 30
19 7 56
59 94 17
88 61 85
37 26 48
49 6 44
93 69 30
3 58 59
53 55 28
3 40 18
72 92 61
46 18 13
31 52 58
64 76 9
37 64 47
62 78 36
76 18 93
2 86 82
48 3 27
23 52 20
39 91 78
52 30 10
18 52 96
25 48 26
23 71 30
6 29 54
84 39 87
41 83 89
11 59 5
27 7 80
7 82 91
97 62 77
91 46 43
88 18 0
9 60 29
40 28 54
76 40 94
42 30 23
33 94 91
28 93 62
16 62 30
68 32 38
86 27 86
88 77 23
86 84 93
26 35 85
28 85 57
41 53 67
11 98 77
96 82 37
93 82 2
28 69 70
0 28 3
89 36 33
47 82 89
61 88 65
35 64 58
51 78 91
91 99 69
56 90 20
88 9 57
5 47 61
14 77 96
54 63 87
50 77 30
33 93 80
15 78 92
93 4 25
19 25 80
39 46 24
91 24 89
68 9 66
23 44 44
74 53 43
78 33 20
72 22 83
32 55 13
93 24 16
40 34 1
1 9 10
80 5 86
5 82 92
14 67 70
92 65 32
41 85 83
65 23 45
85 58 7
12 5 10
36 63 42
30 7 42
76 62 28
64 55 36
82 60 8
76 10 1
98 9 48
62 57 35
40 65 99
34 89 42
35 78 55
56 71 53
61 22 1
48 34 21
71 85 11
67 28 16
8 35 20
96 76 12
69 62 4
92 91 34
42 90 38
35 12 89
47 93 61
58 82 18
13 17 90
0 51 1
11 80 76
17 90 27
96 56 66
29 26 92
22 54 6
24 95 32
39 46 42
94 0 48
96 73 20
24 44 70
13 36 60
96 17 95
33 15 48
95 26 9
25 20 4
58 64 76
18 36 69
39 72 2
92 41 16
90 12 58
54 86 28
94 28 51
51 26 99
50 27 95
17 4 0
67 71 1
85 28 19
10 14 50
24 52 54
99 1 9
28 92 1
30 55 83
66 53 55
20 73 66
17 91 88
90 30 32
82 33 44
1 54 19
66 97 7
65 64 15
75 26 48
92 25 23
94 87 3
8 44 29
86 19 63
8 63 69
0 71 66
40 35 91
34 91 54
74 87 24
17 49 54
18 54 51
6 16 49
99 93 94
3 80 11
26 63 13
50 53 33
59 51 35
4 5 26
33 70 75
75 16 10
89 45 83
98 87 62
78 92 13
73 31 90
80 63 23
23 33 12
95 49 69
73 32 65
62 76 37
44 49 14
22 76 74
47 4 28
0 29 71
7 68 35
42 27 56
40 26 33
57 72 60
46 92 49
83 86 69
46 63 94
30 67 3
74 3 91
50 18 25
40 11 86
65 98 64
68 70 96
63 46 59
32 23 18
14 59 99
77 4 61
64 24 93
71 17 91
80 68 6
32 0 42
77 89 20
77 64 56
13 29 4
85 69 83
64 31 79
3 27 96
43 7 53
2 81 13
95 23 87
65 99 35
51 37 49
65 77 45
85 59 1
17 75 45
89 83 40
35 88 95
51 46 78
95 77 30
28 41 37
32 59 15
2 36 57
52 80 7
66 65 49
95 48 57
62 28 50
25 66 20
15 82 13
93 91 17
98 56 67
13 8 22
96 41 98
21 34 95
62 57 83
5 60 22
34 88 47
37 88 75
34 79 18
75 2 68
82 47 86
37 9 43
38 79 79
56 32 61
77 50 53
33 58 8
8 1 53
14 75 73
0 13 42
98 94 96
47 93 49
80 49 29
32 37 65
84 44 23
36 17 62
51 87 0
33 72 90
74 4 37
73 42 90
85 31 26
37 10 79
22 34 95
16 38 45
64 15 28
86 56 35
52 11 98
52 7 97
63 15 15
48 76 57
71 2 4
86 9 87
1 76 47
5 60 31
82 30 62
5 82 64
47 93 15
67 23 32
13 71 23
68 57 5
63 98 92
98 31 87
40 84 23
38 30 66
14 52 35
85 42 98
37 35 31
13 21 48
99 66 54
48 17 10
14 9 25
60 3 68
68 86 71
53 56 27
31 35 32
50 46 77
69 61 46
86 21 82
39 25 18
63 55 34
97 92 72
69 42 93
29 77 72
7 54 55
92 14 79
84 75 19
91 22 4
1 86 72
3 84 33
49 85 22
64 92 90
92 0 81
44 24 18
30 68 4
96 36 32
42 87 5
88 96 22
30 74 74
57 81 81
75 69 17
44 54 81
9 2 54
54 99 61
9 15 45
22 44 45
50 64 46
37 41 37
33 0 64
13 60 92
48 52 91
3 1 17
62 69 82
25 16 95
76 94 7
42 96 9
73 93 85
44 34 68
3 88 79
87 43 13
55 43 83
50 79 15
52 38 94
44 52 81
1 64 77
97 12 97
49 1 72
21 59 0
29 37 81
84 69 83
56 73 49
81 88 91
11 36 15
11 8 75
88 27 96
57 14 13
47 65 54
32 41 27
5 5 26
52 31 26
64 41 42
84 42 75
52 45 74
40 89 26
76 63 29
14 36 15
70 52 16
68 10 96
9 24 35
16 82 12
62 85 81
92 92 95
70 97 6
8 18 35
73 68 9
3 17 5
66 27 62
1 0 50
97 95 23
18 65 68
41 72 75
36 24 99
76 86 15
50 0 20
80 32 45
19 33 29
57 63 77
99 22 46
19 84 52
17 80 92
3 39 17
38 9 79
58 6 75
29 85 83
79 65 70
73 71 50
18 77 81
99 91 17
87 94 37
45 29 76
29 21 58
3 33 30
45 12 95
88 34 88
80 12 60
75 92 39
33 23 27
95 33 56
34 87 68
36 11 89
81 43 71
23 88 25
74 52 90
30 11 38
54 5 75
15 22 70
22 93 13
79 97 56
27 94 63
98 15 42
92 17 24
85 12 97
93 61 24
44 32 39
12 89 53
55 50 14
69 56 87
94 70 76
98 28 91
15 93 27
67 31 77
84 43 61
24 12 81
72 50 92
5 66 71
91 24 64
89 99 93
6 86 13
22 26 34
56 36 29
89 56 54
51 72 84
4 65 49
98 35 47
66 35 24
11 10 24
13 83 18
44 42 91
4 52 70
17 40 79
55 35 5
5 81 34
62 11 85
68 85 2
86 49 36
29 22 48
77 29 71
8 82 23
38 1 6
20 76 8
79 60 94
25 11 8
80 51 40
65 41 8
77 74 33
40 55 83
68 6 52
86 70 84
31 41 15
86 19 0
18 3 91
59 44 12
38 86 39
8 50 97
21 75 85
96 33 90
9 0 52
29 12 39
49 60 58
52 63 51
84 22 73
78 15 50
55 61 77
31 26 63
64 63 14
61 49 70
4 83 12
86 63 53
3 18 24
7 46 43
26 16 17
40 14 88
76 94 46
81 82 36
36 82 49
22 48 14
13 58 39
35 8 40
25 65 55
32 58 25
75 11 29
10 61 40
55 43 81
36 18 60
87 43 14
63 13 32
88 6 46
58 5 58
68 19 28
72 43 9
42 10 3
48 42 47
31 1 60
46 55 41
83 92 25
10 25 38
99 32 54
79 48 34
31 95 92
82 56 61
37 48 68
74 20 31
50 89 42
33 30 66
23 75 12
60 73 94
86 57 9
67 35 4
50 32 81
7 75 20
68 89 71
40 20 13
81 33 46
21 14 28
4 72 56
33 61 11
44 7 28
12 92 67
96 77 72
8 23 55
24 48 92
54 42 93
94 25 17
36 40 38
13 39 69
24 69 12
29 31 3
8 90 63
88 84 79
56 53 70
29 46 80
25 90 19
68 17 57
42 96 83
34 9 39
23 44 37
70 55 56
67 85 28
39 59 15
18 43 21
19 39 35
19 91 30
69 48 61
11 26 48
57 73 46
28 70 83
57 40 44
58 1 23
98 51 17
85 58 9
72 28 93
25 16 51
43 33 40
38 28 28
26 0 63
91 15 19
85 12 21
37 55 99
79 49 99
69 3 45
22 96 8
13 8 89
56 21 78
58 34 67
53 89 93
14 94 32
83 82 90
24 60 30
92 60 55
39 49 10
31 79 57
91 35 83
2 72 73
22 84 89
39 60 4
58 96 77
55 93 15
35 25 58
43 54 23
53 5 84
56 9 58
22 74 14
47 20 78
87 90 99
38 9 62
71 37 14
17 46 65
70 65 7
16 97 26
22 20 69
19 2 20
22 83 6
18 40 84
77 59 71
12 37 59
70 1 48
48 29 24
41 88 53
22 73 15
34 30 65
87 15 72
91 96 72
77 80 88
20 85 3
81 99 55
46 19 53
6 59 56
70 80 76
45 66 93
94 83 65
5 50 21
25 23 63
49 81 48
55 39 97
63 11 62
54 40 77
3 96 74
20 58 6
23 45 30
44 27 47
48 5 78
47 9 16
86 85 54
39 91 9
97 37 48
82 25 35
11 28 63
13 23 48
18 21 64
20 96 76
93 37 58
75 4 90
68 77 49
96 28 4
19 96 94
12 75 15
89 12 56
13 45 42
48 90 2
57 37 53
49 58 87
14 20 28
72 11 80
62 26 72
45 1 13
4 48 60
40 43 94
79 4 85
29 99 53
31 40 23
60 9 88
86 86 56
5 23 31
8 59 71
54 30 57
41 35 0
13 83 67
33 25 27
82 70 44
31 56 97
25 49 92
24 13 53
30 63 79
28 35 64
83 26 26
6 74 28
0 75 73
86 97 96
28 37 63
12 53 50
46 89 33
35 93 43
20 95 18
10 4 24
91 69 60
71 75 4
36 6 53
43 45 25
60 32 97
6 73 29
39 24 64
37 13 2
52 69 81
14 78 60
35 42 56
18 52 1
28 19 12
93 45 79
58 67 49
54 6 39
31 72 56
48 52 5
95 58 66
60 46 96
63 29 17
73 62 48
38 44 15
29 23 36
38 95 33
43 48 92
51 34 8
43 46 94
3 83 31
10 3 55
65 47 23
38 34 63
36 52 65
40 83 4
76 16 26
88 99 27
76 34 68
5 94 6
67 30 70
34 80 93
70 12 11
61 92 49
98 54 65
86 31 54
62 23 84
84 48 74
62 41 79
49 50 57
75 61 27
42 55 57
49 42 30
9 86 47
5 0 66
91 42 26
0 75 72
3 41 32
1 23 57
98 56 76
7 61 6
61 28 89
0 21 56
32 88 18
15 98 30
8 36 42
50 41 11
77 65 18
55 23 77
84 95 57
72 68 82
22 40 75
13 94 44
17 26 62
66 84 27
26 25 61
4 64 22
77 30 12
21 5 31
73 14 57
16 84 76
2 61 67
32 1 51
47 9 71
70 46 70
82 49 40
39 32 33
27 63 47
33 79 55
20 8 57
43 27 14
53 46 27
25 39 24
24 52 76
64 96 56
2 74 77
3 44 68
25 24 31
37 19 56
20 74 26
29 0 79
0 87 19
77 21 31
26 93 63
31 65 68
1 42 19
30 38 63
34 79 54
77 94 15
55 81 19
20 71 53
15 98 29
67 9 77
14 55 93
36 89 2
2 27 58
18 43 64
66 47 92
68 78 82
72 77 62
14 94 15
58 62 15
96 82 58
54 7 38
40 73 88
6 60 57
2 27 88
16 65 69
36 13 97
31 50 77
16 80 55
37 1 2
85 48 65
18 47 31
38 2 89
77 55 79
76 84 90
51 50 2
93 21 46
10 28 63
35 3 23
69 85 27
33 89 63
68 48 82
79 38 60
62 96 82
54 44 86
55 11 17
51 78 90
35 9 43
4 61 22
8 11 74
89 11 63
77 60 50
27 59 97
71 66 33
65 52 47
88 45 99
2 20 38
54 9 7
60 14 98
30 21 63
26 5 12
53 32 49
46 76 79
16 75 44
77 98 86
80 61 46
85 54 54
70 5 30
43 42 22
26 83 32
23 85 90
92 63 15
72 87 12
12 44 83
39 94 74
77 73 5
80 75 82
25 3 39
25 50 18
60 86 53
1 15 85
4 48 36
83 40 82
10 0 22
27 41 67
37 2 90
94 0 59
15 20 12
98 89 29
55 96 26
94 15 55
68 67 25
44 26 10
94 55 1
54 44 74
9 87 1
65 28 13
26 1 17
88 84 12
90 68 96
16 39 97
46 26 14
26 48 12
87 10 43
88 60 45
39 94 34
17 63 50
10 1 53
49 33 93
48 15 97
59 92 5
40 8 3
82 46 87
30 24 81
61 35 76
46 92 54
71 0 54
13 20 66
71 85 52
95 17 44
9 92 12
75 30 86
31 93 75
62 29 50
48 7 61
57 3 88
24 35 6
14 74 83
80 8 63
19 47 87
41 13 67
74 90 22
98 27 62
24 11 80
86 95 30
90 1 9
32 6 84
59 66 16
80 35 26
89 67 60
14 76 39
45 65 73
93 83 3
70 75 95
49 38 50
38 1 7
67 46 91
73 90 88
34 74 94
5 47 55
79 13 42
77 56 27
56 15 90
49 49 58
68 91 2
24 31 26
71 25 28
9 47 99
20 85 28
89 52 76
36 73 28
88 86 77
87 86 54
12 24 24
38 45 25
2 97 23
17 32 6
30 55 20
58 1 35
14 30 97
91 92 76
96 52 65
2 67 13
48 87 35
9 96 73
73 70 92
78 28 43
97 51 48
6 12 78
17 21 38
52 11 71
41 81 35
17 60 36
36 39 53
76 18 7
86 63 17
68 3 23
65 95 59
55 25 2
84 0 78
43 80 55
31 86 74
55 95 57
38 37 90
88 93 23
21 49 12
19 87 16
82 87 82
25 32 60
47 21 77
60 68 81
95 49 34
14 16 21
94 67 50
31 23 5
97 11 94
13 85 81
65 18 3
71 94 5
61 85 52
51 47 37
13 38 99
79 72 46
45 35 86
83 25 95
76 91 38
34 58 56
16 22 0
47 85 8
37 7 72
82 87 55
4 94 95
30 50 65
2 77 39
63 62 83
96 9 24
16 0 0
59 43 82
27 18 50
76 76 94
41 94 89
82 76 42
18 4 47
80 69 88
65 14 94
13 95 14
58 53 68
12 2 68
18 2 21
57 8 78
96 49 68
56 29 30
17 93 67
42 79 46
54 48 64
51 41 59
91 37 83
51 1 14
34 99 13
46 61 72
42 7 53
1 33 40
18 97 96
23 23 86
76 87 13
32 48 86
58 13 14
26 17 92
7 78 0
24 40 6
41 23 85
34 7 50
18 20 51
11 17 77
56 74 76
24 42 37
4 3 86
85 1 79
17 49 87
44 65 73
88 85 70
87 61 87
30 43 30
47 6 44
77 97 32
35 38 82
45 68 37
30 21 38
37 2 64
20 8 39
95 30 35
9 31 20
37 72 19
12 20 65
77 21 13
48 73 75
20 2 19
56 43 38
62 62 66
95 27 93
3 26 68
72 81 37
29 10 37
2 40 9
90 65 49
10 43 31
95 1 48
62 44 63
18 53 56
17 21 9
14 81 47
97 99 98
58 13 90
90 33 72
14 59 38
47 54 53
58 13 16
32 66 19
85 73 34
87 2 73
80 68 44
70 85 98
31 45 91
69 56 88
81 53 21
98 96 87
86 47 65
33 67 12
50 47 93
52 41 65
3 82 12
63 90 85
51 82 7
72 31 86
69 31 49
6 94 8
18 93 5
82 24 66
94 92 23
22 86 23
27 74 94
1 83 30
42 31 92
5 73 54
1 22 57
84 74 66
15 68 58
83 68 82
72 94 44
95 54 61
62 44 12
37 91 25
49 73 74
62 44 62
48 25 83
69 32 57
29 97 27
57 34 90
94 16 42
70 14 95
25 91 61
37 70 46
0 73 91
46 10 72
86 42 92
82 51 29
74 31 85
37 56 54
10 10 72
37 2 7
28 53 81
87 75 69
48 99 72
90 95 21
89 98 99
56 55 90
41 67 18
75 19 5
1 89 0
67 59 48
86 55 58
85 85 56
99 52 33
54 57 97
55 3 70
82 83 35
74 73 22
71 7 75
5 87 5
8 76 76
61 53 72
15 61 1
90 50 83
67 4 22
11 68 61
33 73 50
71 46 69
59 20 43
87 57 69
58 27 4
22 20 0
71 91 34
63 77 36
92 36 84
26 12 7
78 24 73
15 41 25
34 42 71
84 9 33
57 26 55
56 69 20
56 99 77
65 6 63
84 59 77
93 40 88
40 58 3
94 35 99
57 10 4
14 27 27
53 32 3
68 36 5
79 34 26
84 63 95
17 70 7
30 59 50
68 60 46
59 95 29
14 31 63
9 34 1
59 62 14
23 66 31
29 91 1
49 35 27
33 69 46
78 53 74
4 95 43
63 41 1
40 18 70
3 42 21
10 82 68
94 90 50
1 29 78
62 63 20
78 73 34
66 34 61
55 36 5
12 27 88
48 25 82
84 30 22
49 24 88
44 10 21
33 14 56
7 27 80
20 67 54
31 58 95
88 84 80
53 87 84
60 86 35
92 81 2
41 74 90
63 37 71
79 53 92
46 3 66
45 50 57
53 15 20
95 53 79
9 75 20
16 78 91
87 78 31
38 65 87
12 97 52
4 79 45
86 87 55
61 74 84
36 43 85
0 4 88
54 72 80
29 66 32
94 55 60
6 40 40
98 47 54
47 79 69
21 14 53
76 10 28
70 32 7
38 13 10
80 87 43
40 4 75
29 56 21
77 21 49
81 28 46
17 32 23
51 87 46
23 92 39
92 4 2
73 36 15
9 54 81
43 58 77
21 31 60
52 99 72
97 5 40
12 48 93
52 72 5
85 92 3
85 86 56
58 44 54
83 80 15
44 75 14
39 49 18
82 85 79
78 62 98
4 19 56
8 55 51
1 24 41
37 57 53
3 9 81
27 13 6
9 73 97
22 36 4
37 90 26
42 87 54
60 74 67
15 92 96
34 12 7
74 95 70
97 43 89
35 39 54
65 37 92
38 12 95
15 51 32
95 45 24
31 64 98
31 93 91
43 30 87
97 21 70
72 92 60
57 60 39
20 82 41
53 10 22
37 83 50
79 24 68
35 29 34
97 85 57
37 33 40
30 26 80
39 80 80
13 63 46
87 47 95
6 67 15
7 3 4
77 1 85
8 59 17
84 10 31
95 3 19
70 74 47
83 77 25
54 1 3
44 82 8
17 56 72
55 90 14
30 43 5
46 31 4
46 72 35
98 30 80
87 25 20
32 78 54
22 97 68
10 65 8
58 71 60
88 20 33
38 59 29
5 34 74
33 80 53
19 0 11
2 73 64
49 53 91
45 2 73
78 39 74
5 41 67
63 67 26
11 29 52
7 73 29
39 90 26
3 40 88
84 7 64
72 25 8
10 28 85
44 84 9
32 17 21
36 46 2
95 38 60
40 32 19
51 82 69
66 55 89
24 4 64
53 28 50
90 84 41
3 87 50
7 78 71
54 0 53
20 4 46
56 33 21
83 75 66
3 75 92
71 94 46
53 0 25
30 77 71
98 12 93
46 9 18
11 42 85
10 46 98
16 81 71
50 0 71
84 60 55
11 60 28
38 42 60
78 1 67
96 4 99
39 89 26
64 24 82
41 90 27
58 95 2
75 63 77
84 80 30
44 91 95
93 26 23
7 18 97
48 21 17
4 85 83
97 52 7
56 68 92
81 29 87
49 9 40
35 52 65
40 57 89
8 74 30
68 81 78
88 74 44
21 55 78
99 65 29
72 67 9
29 65 33
41 43 75
83 12 58
62 16 14
4 0 18
13 3 8
82 13 83
37 52 89
43 58 97
69 82 14
27 70 16
49 86 41
27 84 31
59 73 6
15 79 37
4 68 8
3 43 24
73 57 64
87 11 86
89 69 59
35 57 57
16 15 45
37 55 92
48 72 36
51 11 65
12 65 82
63 64 72
91 49 6
5 22 66
81 89 89
0 46 97
75 56 81
84 28 23
85 43 93
69 18 40
40 93 89
6 77 86
11 12 93
16 34 91
50 76 6
71 44 8
96 96 47
67 36 26
48 55 2
58 86 17
8 22 69
88 72 57
7 0 52
60 72 81
89 13 98
36 75 11
51 8 14
78 31 96
59 31 23
92 84 51
1 39 86
35 34 87
40 50 37
99 15 6
62 2 79
29 6 42
52 56 26
93 64 31
63 38 49
46 7 61
65 47 93
60 51 36
86 39 10
78 26 16
69 88 70
17 12 27
96 79 75
88 92 94
53 44 75
97 59 62
48 22 35
67 71 80
28 72 94
78 60 67
13 23 46
56 69 95
68 58 41
16 17 7
64 98 9
98 47 21
40 58 40
44 1 74
71 4 13
27 83 48
6 32 42
67 12 6
81 52 25
92 83 53
61 32 69
50 83 0
10 37 36
35 89 26
72 99 57
31 61 4
3 50 29
82 70 43
17 66 68
39 36 91
20 47 62
97 91 83
3 19 74
9 33 19
15 73 16
66 71 95
34 39 71
13 44 42
2 39 87
78 49 60
46 66 14
98 12 95
82 42 86
87 18 32
86 48 64
81 97 38
46 85 82
33 8 36
48 14 42
9 20 95
29 68 10
84 94 50
47 26 33
43 47 82
74 19 5
19 87 18
65 67 83
49 90 74
61 94 35
21 10 92
15 76 18
70 42 75
86 71 89
20 23 7
18 20 43
57 92 52
62 26 73
5 83 6
77 68 26
28 63 77
61 66 57
86 0 55
98 7 60
80 37 75
69 61 45
12 19 5
72 10 19
63 62 67
2 18 28
30 85 75
61 53 39
23 29 98
17 51 85
65 70 29
29 22 31
5 4 87
45 63 19
71 91 62
20 23 23
75 45 8
15 70 50
79 15 73
95 33 8
97 94 97
73 9 36
48 97 51
42 53 37
27 52 80
82 76 65
27 95 49
21 51 26
34 95 96
74 75 62
3 25 2
57 95 67
95 44 8
53 96 80
33 68 35
44 28 46
78 50 54
22 30 52
49 97 39
21 42 71
90 14 26
38 63 47
36 67 47
49 30 36
52 3 63
14 62 46
59 80 24
21 88 48
9 27 85
50 14 5
86 46 38
35 55 89
4 51 33
61 41 0
25 52 18
47 98 71
92 46 34
1 72 73
24 73 6
93 9 66
24 9 52
54 5 48
3 71 53
17 80 70
96 14 9
16 61 40
81 37 31
95 27 92
74 11 30
36 4 72
4 60 90
52 79 44
32 68 45
54 22 76
75 86 14
8 98 28
50 33 59
76 90 27
19 59 5
3 71 81
38 3 43
12 16 76
87 18 4
6 21 8
7 20 53
9 33 0
75 38 24
66 10 19
37 77 61
33 24 39
74 43 91
53 12 64
77 54 25
53 41 10
94 36 42
56 81 62
15 54 92
95 50 4
12 22 14
13 35 84
48 23 40
83 42 82
72 31 26
54 71 82
96 28 73
43 65 27
10 81 33
11 70 68
47 1 71
32 44 94
10 59 6
12 12 35
20 12 50
46 8 58
6 93 7
93 22 97
53 97 12
64 63 25
4 41 89
16 49 19
96 52 18
44 99 94
28 87 79
97 13 50
38 30 11
13 9 21
23 53 41
31 18 35
4 55 30
69 39 44
56 40 0
23 86 46
42 78 76
8 58 75
62 35 94
56 52 70
1 1 8
84 48 86
77 44 74
47 59 4
71 17 62
42 48 91
65 48 24
0 12 91
28 42 66
40 15 87
49 93 91
67 85 14
31 65 96
76 96 31
38 18 43
51 37 86
77 37 28
96 38 63
9 95 72
94 49 52
35 16 36
49 21 59
72 79 69
99 29 55
16 20 39
99 43 1
56 60 77
82 86 70
80 71 39
24 52 48
60 56 12
83 77 80
94 9 73
40 24 86
72 1 90
44 73 36
80 70 43
64 7 45
34 39 44
94 9 67
53 92 68
42 79 70
11 59 3
21 3 71
11 45 21
38 57 77
46 65 94
10 65 91
58 67 65
86 77 28
2 59 27
1 98 35
37 46 51
45 13 94
40 51 39
51 23 44
5 93 28
53 93 52
30 16 31
38 85 50
1 25 67
20 16 23
3 65 38
15 55 53
90 44 82
73 66 37
39 97 39
78 80 76
27 96 90
61 66 98
81 64 31
90 82 22
5 53 69
15 75 84
92 8 92
3 87 81
44 95 37
86 32 82
66 52 73
70 10 62
20 27 53
58 21 2
70 57 97
74 70 50
29 22 35
61 91 91
43 23 67
14 77 73
0 65 54
10 29 86
34 62 10
34 65 13
2 73 77
57 17 66
90 5 10
98 94 95
21 58 30
45 44 48
97 98 88
13 65 83
29 15 31
88 60 88
16 83 11
98 78 82
77 43 58
26 16 91
66 25 55
53 21 75
77 63 98
45 88 81
9 85 34
76 16 49
51 12 66
95 9 85
23 32 27
54 76 77
15 75 19
73 51 91
61 72 43
58 21 67
16 75 75
73 49 84
88 75 84
36 67 85
19 20 82
17 82 53
96 94 95
78 33 45
16 39 16
59 93 4
80 40 54
30 15 6
54 23 77
92 10 79
29 15 78
89 33 26
66 71 28
36 56 93
95 3 68
19 70 52
3 50 34
27 30 74
35 57 98
72 67 75
1 66 34
91 19 42
39 44 48
51 49 87
13 78 45
66 64 17
96 52 13
94 21 31
23 97 7
99 26 24
82 25 96
4 66 10
30 17 68
14 37 14
45 65 96
19 6 58
41 19 26
98 13 95
44 13 40
47 99 87
2 64 51
22 92 56
80 70 54
32 27 43
98 92 70
53 39 77
79 70 39
83 51 81
16 23 99
23 31 48
33 66 13
13 12 71
56 33 39
29 37 62
8 67 44
43 88 58
59 91 61
80 99 12
57 95 42
48 72 54
2 18 75
84 67 13
61 12 86
5 84 84
76 99 87
42 41 22
10 11 98
37 79 27
74 43 23
73 58 9
45 27 8
46 75 28
52 91 80
91 48 65
5 65 72
76 48 71
31 71 6
72 96 78
85 27 24
37 74 14
98 35 57
14 35 84
11 59 25
27 60 52
32 15 49
2 10 32
3 83 32
27 96 49
53 61 10
87 32 53
58 37 87
80 37 59
21 69 38
87 72 97
61 72 47
81 71 65
24 42 45
52 30 71
23 29 82
91 89 33
19 52 28
43 7 54
95 81 36
19 72 96
97 82 51
24 92 61
67 19 63
6 59 32
68 99 85
5 54 4
75 72 26
26 8 80
7 2 13
25 76 27
17 87 10
45 32 3
10 72 16
31 58 50
57 71 45
84 48 84
4 42 32
41 25 23
62 85 59
12 96 50
94 32 10
38 3 47
56 39 96
48 75 11
38 60 30
74 74 63
34 37 23
71 85 99
2 91 17
37 20 65
38 37 76
34 64 64
1 17 62
75 62 43
75 29 20
84 72 67
82 59 69
29 45 20
66 14 25
6 61 91
13 0 91
47 32 13
49 24 29
4 98 46
99 77 82
27 39 94
80 73 59
30 45 59
12 83 49
20 46 87
88 82 37
58 5 51
51 47 76
16 92 97
19 14 62
50 5 80
1 87 2
79 53 22
26 5 10
79 72 53
48 47 40
57 26 30
85 93 4
36 96 59
70 11 93
3 85 63
74 29 8
76 93 8
29 13 0
91 90 34
96 77 35
98 53 4
49 6 86
78 94 76
75 31 79
4 64 73
73 55 3
73 18 42
81 75 97
51 8 52
45 1 30
19 1 30
87 75 16
26 65 54
68 43 94
56 72 52
73 22 84
99 80 43
67 98 7
19 51 37
62 7 85
47 64 95
64 93 89
14 40 71
96 53 81
60 11 75
43 99 39
98 88 19
40 24 34
35 79 94
30 6 75
9 11 47
47 34 25
49 74 11
52 99 28
68 32 67
94 26 70
19 10 12
54 46 8
60 55 21
96 42 20
25 18 9
24 52 41
14 9 11
36 14 96
50 7 82
19 31 31
56 16 66
15 81 56
30 27 45
3 19 44
53 11 24
19 43 90
35 5 87
43 91 8
61 71 96
79 44 14
20 30 6
1 30 71
23 76 33
92 46 42
71 69 83
34 93 81
21 18 5
60 33 97
56 14 26
24 92 39
33 94 83
61 57 82
61 92 91
43 72 11
66 38 45
72 68 9
81 85 69
83 38 54
63 67 72
57 29 22
52 91 81
42 88 53
0 67 53
46 65 60
41 64 23
22 85 35
39 4 43
35 81 48
19 41 7
75 11 95
46 51 67
40 46 23
34 42 16
73 60 85
91 20 97
59 36 61
78 49 94
46 3 96
81 33 44
37 92 62
48 46 51
78 98 7
27 10 28
19 33 82
78 78 19
22 89 11
82 49 30
41 17 27
21 84 89
90 49 82
48 95 9
99 70 15
29 20 98
79 5 80
33 67 32
46 79 9
18 64 28
24 53 65
48 56 98
3 66 48
41 29 34
5 11 20
10 11 23
48 70 74
20 48 99
36 3 76
29 99 21
68 70 89
91 65 52
49 8 93
38 14 11
11 58 78
63 24 94
3 47 8
58 33 29
30 49 64
27 96 95
56 93 51
18 18 78
38 25 54
78 88 33
56 78 28
53 29 50
89 13 57
55 93 72
29 23 48
11 47 49
74 80 24
32 9 15
0 2 75
15 63 83
72 53 52
29 63 80
27 42 65
22 90 10
89 48 48
49 16 17
42 77 50
1 50 93
13 22 41
1 37 71
21 41 72
31 40 99
38 42 38
56 58 46
10 81 63
13 65 95
81 62 87
32 43 43
24 31 82
81 67 13
42 5 79
45 52 53
84 44 10
89 24 21
93 45 94
64 28 18
8 57 44
5 33 43
52 66 79
84 40 86
65 28 62
47 70 33
40 94 10
98 17 20
78 42 97
4 5 87
26 62 29
62 8 19
33 79 20
60 75 57
10 91 5
79 41 13
86 84 56
66 88 12
32 85 28
32 2 61
35 41 0
93 11 22
47 67 40
85 99 26
31 17 29
19 81 50
52 11 65
46 63 69
81 48 29
90 84 21
78 33 44
71 22 87
69 21 48
3 73 63
91 98 53
38 55 93
49 0 40
83 37 40
34 66 77
57 29 95
88 99 85
37 41 77
5 70 67
11 1 39
78 4 10
23 60 63
35 22 84
29 10 92
55 20 19
68 90 1
92 42 17
19 77 9
38 45 50
67 75 59
48 0 71
19 58 7
20 94 78
46 19 2
94 64 87
45 26 9
76 33 30
28 26 91
80 29 73
72 27 54
53 18 54
94 38 61
82 59 68
63 13 71
55 8 38
43 99 37
53 10 64
85 29 41
18 5 61
89 57 67
13 64 97
3 54 14
3 64 50
10 55 29
57 12 15
7 5 74
99 77 92
33 97 96
18 73 60
63 13 79
35 48 68
21 87 67
53 76 53
8 37 32
91 88 79
71 91 60
35 76 43
77 16 49
48 58 1
40 59 62
33 57 24
26 76 3
98 0 8
52 97 11
25 24 43
14 17 13
25 4 11
20 58 99
80 3 84
10 23 22
43 12 41
12 59 93
22 44 46
12 99 91
43 31 93
85 10 69
17 56 65
12 99 90
45 98 8
6 85 38
99 86 63
19 36 0
73 91 4
19 51 49
63 44 75
42 26 25
52 43 98
70 2 14
51 97 63
49 91 79
54 53 75
52 28 57
86 27 19
36 18 81
46 74 63
83 78 38
30 92 2
35 85 61
49 34 22
70 93 50
85 75 90
56 64 69
89 21 0
14 89 33
42 22 46
66 63 16
80 13 36
79 87 44
34 52 34
56 53 98
26 59 98
90 13 60
33 54 2
96 84 70
21 90 42
43 51 82
2 49 94
14 52 41
35 25 26
52 55 94
8 33 1
30 16 59
19 67 22
26 74 28
49 4 79
25 72 0
54 71 38
34 22 24
14 74 82
9 42 76
71 53 6
74 73 73
49 87 56
82 98 37
29 48 4
85 26 6
25 33 59
47 70 90
88 65 76
43 77 42
79 76 8
87 11 96
28 4 48
22 51 27
50 87 26
30 7 50
11 69 33
29 8 62
54 3 69
67 46 48
23 53 11
22 51 21
76 20 32
22 16 2
82 45 22
78 27 17
42 67 17
81 7 76
22 64 34
61 56 44
29 87 49
91 38 78
6 76 63
52 35 12
17 12 92
51 73 85
48 37 72
58 59 39
41 65 26
18 81 77
49 16 71
90 25 22
22 92 76
82 97 37
21 96 75
33 44 74
35 3 24
41 53 85
5 68 1
98 84 7
35 88 69
18 4 61
16 20 41
40 16 59
35 56 37
68 94 64
37 4 89
9 12 47
64 68 71
67 77 48
78 58 12
92 63 97
31 93 11
47 43 58
69 86 19
24 12 19
38 20 55
18 68 2
38 92 67
15 85 11
30 87 24
27 40 66
72 36 12
99 10 48
73 50 76
2 4 78
53 51 86
66 53 48
90 65 52
93 10 70
1 30 0
96 53 18
66 65 62
31 73 57
94 10 68
25 5 9
94 32 8
64 17 15
11 60 27
21 46 26
38 52 24
35 43 86
0 59 54
36 86 17
68 26 63
41 68 24
63 56 36
33 59 24
53 32 97
67 62 86
79 75 7
62 3 78
12 24 91
75 56 8
0 72 64
36 55 36
20 8 45
96 48 27
14 9 69
79 32 21
30 14 78
28 90 0
26 74 96
31 14 5
39 57 90
61 23 61
48 89 41
47 22 80
20 4 45
67 7 77
62 5 73
34 4 48
98 79 82
31 57 96
7 73 27
55 56 2
79 94 71
38 87 40
32 92 92
63 62 26
4 49 35
18 64 27
76 33 7
21 52 97
50 76 49
28 23 47
31 85 33
13 39 70
92 4 98
38 56 91
49 13 59
67 45 76
85 22 67
12 20 39
7 51 46
77 46 0
48 69 8
17 53 0
87 30 54
83 61 9
92 20 43
82 41 24
66 24 42
86 95 49
37 60 32
80 16 87
95 99 49
60 8 87
57 35 16
92 66 52
39 60 65
20 9 64
34 39 39
28 84 49
15 7 61
12 12 47
69 44 40
7 93 1
73 94 42
45 30 3
80 15 72
60 17 13
77 9 2
77 52 73
22 83 96
20 4 48
55 25 25
61 2 19
14 40 25
62 30 17
52 29 77
91 8 0
10 35 52
25 17 15
51 79 45
71 0 67
51 91 20
51 45 76
77 71 28
60 98 12
50 30 53
99 63 50
58 93 45
25 0 15
72 66 56
91 48 6
70 44 64
51 46 92
66 43 61
21 17 33
52 71 35
57 91 21
39 74 30
17 79 90
36 18 61
45 55 73
60 35 60
90 14 48
31 92 43
93 54 61
2 23 83
78 7 17
15 27 68
59 81 46
48 18 94
87 88 56
56 3 35
38 0 3
68 79 1
22 99 35
94 10 71
77 58 3
26 96 91
28 60 96
74 27 22
16 79 93
62 19 64
20 10 24
93 70 77
5 53 67
42 65 25
64 44 21
86 20 78
36 31 80
58 86 54
63 33 83
82 88 90
67 35 33
34 31 67
87 8 88
37 99 24
18 6 77
71 69 48
59 39 3
70 81 63
7 99 97
42 59 96
63 30 24
40 37 20
8 30 49
81 30 44
78 38 94
50 45 75
54 74 0
70 27 27
19 68 77
47 68 7
41 98 41
63 26 74
63 74 33
19 67 55
74 32 64
55 31 61
34 38 83
77 3 17
75 43 25
18 48 87
59 36 34
58 6 10
36 48 22
68 63 72
71 91 61
64 99 52
41 12 66
61 58 59
44 5 96
46 95 68
0 82 70
62 66 56
97 85 44
43 55 41
1 33 55
38 29 68
62 0 25
89 64 77
58 1 22
90 65 26
50 6 80
52 83 70
0 88 1
47 73 55
64 16 16
11 19 67
95 52 12
17 23 1
82 18 5
54 90 92
18 65 29
84 26 5
16 67 31
14 0 35
68 24 84
76 2 17
4 11 65
39 39 43
54 65 85
18 32 44
84 83 25
36 15 89
52 15 44
14 9 24
97 67 9
39 3 89
39 73 31
37 60 61
82 25 10
29 82 8
26 54 67
76 23 16
36 19 65
93 36 92
64 0 36
22 30 99
20 42 23
44 91 65
67 71 16
69 10 45
94 38 43
33 17 1
44 35 61
24 45 70
55 26 35
16 7 61
24 30 64
49 89 6
86 57 46
54 63 0
70 19 34
34 17 99
67 95 29
87 63 25
17 96 25
18 28 19
15 24 71
70 47 60
1 41 74
73 73 75
45 4 97
27 18 85
26 63 77
84 81 14
85 64 1
14 82 93
89 8 21
92 41 18
71 44 65
55 25 92
2 26 97
25 4 55
99 6 50
92 37 55
83 78 56
58 8 73
58 94 68
1 16 51
18 48 88
43 45 84
59 80 18
34 5 51
62 60 17
27 75 97
61 93 48
51 21 48
28 44 85
50 19 82
86 63 30
78 66 90
5 96 11
31 36 71
29 71 99
5 31 87
19 3 91
56 32 85
50 39 20
36 46 3
53 42 65
69 8 26
48 89 43
13 30 64
18 34 42
47 79 30
55 21 39
70 22 40
77 8 62
97 45 62
12 10 21
32 73 90
28 65 47
23 51 26
3 43 10
87 6 52
0 97 54
23 18 80
21 74 66
9 83 24
81 43 30
81 18 6
77 74 88
6 51 28
76 31 96
58 96 96
84 76 60
44 51 51
69 92 49
24 33 59
64 15 46
24 89 17
21 96 96
27 87 78
82 84 28
93 64 86
4 73 54
77 51 38
16 5 0
73 49 89
16 21 40
65 78 25
50 78 44
82 69 35
62 57 79
36 35 9
88 93 87
28 13 82
