75 84 80
50 27 0
42 43 84
66 16 17
37 40 80
34 69 80
84 8 54
30 60 61
75 18 95
39 28 99
73 21 16
62 86 27
48 55 3
12 61 30
18 59 56
74 83 37
61 80 66
53 46 88
69 20 91
53 85 56
47 51 65
27 24 40
22 68 69
12 51 31
75 99 50
75 53 34
16 77 57
20 28 68
89 16 2
17 91 99
84 64 37
20 65 78
71 57 52
64 48 91
89 91 69
64 33 46
16 40 44
17 99 3
95 45 22
26 31 62
10 56 78
26 34 16
9 57 78
11 12 1
48 4 58
47 97 25
62 24 73
84 42 36
45 34 88
10 59 17
85 4 97
67 79 44
96 28 65
71 28 28
86 43 86
48 2 40
65 11 21
91 44 32
74 29 26
95 22 69
15 69 9
96 64 71
3 95 6
10 62 30
16 26 40
55 30 78
25 89 40
96 67 41
10 17 24
67 80 43
2 32 94
22 42 56
18 30 10
58 0 56
66 58 73
87 91 48
65 46 70
1 68 48
63 89 41
32 14 80
35 44 16
46 5 56
34 24 77
22 90 62
86 85 54
0 45 6
91 85 29
59 37 93
65 55 16
51 7 18
15 9 70
5 93 82
98 18 62
26 16 88
34 64 36
29 43 53
95 15 74
66 71 48
7 22 19
58 37 93
8 99 67
1 61 82
73 13 61
44 19 68
37 17 35
87 10 59
37 3 64
17 59 57
68 56 61
42 55 49
87 95 57
83 97 77
70 52 52
76 40 23
95 97 16
60 68 91
85 53 64
87 32 4
66 53 14
37 89 7
44 68 25
29 67 78
83 82 1
92 19 64
71 18 93
19 77 21
44 52 66
75 6 68
20 55 70
85 44 41
42 26 14
63 57 48
80 50 78
38 23 62
41 34 65
16 3 59
37 37 86
16 93 2
93 11 59
21 18 4
29 16 10
38 46 14
27 49 0
97 97 15
60 19 44
97 72 33
58 83 70
47 28 95
86 48 43
7 24 49
21 2 9
84 11 56
33 6 18
87 16 48
96 85 74
11 58 81
17 79 11
38 51 73
48 0 42
89 36 65
99 86 18
54 2 13
92 86 28
20 10 50
17 79 83
27 87 97
30 32 62
58 66 83
84 86 9
34 13 23
57 78 71
16 44 98
72 53 88
73 32 28
90 78 0
29 38 92
26 85 68
81 51 33
57 38 94
90 43 29
6 4 0
74 84 60
0 85 10
3 63 81
8 32 5
39 5 65
6 43 41
33 25 77
60 52 13
86 47 43
0 86 11
37 14 12
60 84 73
52 87 58
66 95 82
1 64 14
3 67 56
65 21 89
20 61 43
68 79 61
21 19 3
42 49 50
22 65 76
66 67 0
3 16 59
57 0 57
85 1 28
89 95 59
84 63 87
73 37 28
9 80 58
70 9 68
27 84 68
54 28 43
81 43 99
98 18 64
51 49 68
1 33 94
32 20 51
17 60 24
71 24 14
27 9 27
50 98 90
73 5 66
50 47 11
57 83 67
41 47 94
93 28 89
21 31 52
72 6 67
4 4 99
31 3 98
98 69 42
71 65 24
29 72 23
80 14 74
69 87 29
47 54 12
96 40 10
56 43 36
93 44 69
78 0 36
58 80 8
76 71 85
59 72 23
99 12 16
10 18 44
41 81 18
78 64 21
8 60 25
59 21 2
18 50 74
25 79 53
56 52 36
59 80 67
5 98 17
99 17 78
7 3 97
93 18 68
9 63 30
79 56 21
22 97 35
43 45 14
13 92 42
18 6 69
45 97 40
9 28 28
29 51 1
0 69 35
66 52 38
89 50 62
22 89 64
59 18 11
31 41 19
66 41 74
73 26 26
59 83 68
18 29 22
53 80 52
80 14 72
55 27 40
82 96 76
86 83 69
73 57 95
15 55 95
30 63 80
71 30 28
50 71 20
58 36 94
63 84 29
55 41 17
85 65 44
60 96 16
24 89 42
14 69 96
42 49 12
1 84 18
81 2 77
42 90 97
85 92 48
30 24 38
81 41 98
74 30 44
78 39 23
50 53 2
65 0 89
15 81 16
14 71 75
62 87 72
17 0 23
38 63 82
19 60 42
92 19 23
25 40 19
31 69 31
60 92 29
30 6 34
63 42 98
82 55 62
3 25 47
93 24 67
80 43 26
99 95 25
30 10 82
73 54 80
17 66 71
84 50 34
67 23 88
25 89 74
6 32 86
31 50 98
14 62 18
7 44 40
68 62 42
96 14 79
98 7 86
78 98 30
34 18 39
19 86 62
19 64 60
90 79 59
95 99 15
56 7 75
17 76 54
33 42 14
13 75 45
32 75 22
57 15 12
95 14 92
41 45 96
8 68 86
71 77 90
46 55 54
64 67 79
27 36 56
11 37 82
78 92 99
97 41 9
86 17 0
34 98 15
66 67 81
53 20 76
37 40 86
64 52 36
36 54 38
17 98 35
93 66 84
13 20 55
94 26 67
59 18 10
17 79 82
16 80 16
97 5 85
95 56 50
98 31 15
92 93 25
70 0 18
77 30 25
56 63 64
81 8 36
58 31 75
65 54 17
62 85 16
77 47 79
56 50 12
92 9 53
72 20 38
85 4 95
58 66 86
9 86 55
45 50 45
9 31 92
80 30 44
85 72 57
93 9 55
38 74 21
75 24 27
35 84 57
46 7 8
67 32 28
30 52 1
22 79 36
64 83 29
38 49 36
53 59 59
95 16 73
43 17 85
24 48 69
61 47 18
63 18 47
12 71 26
87 77 19
1 67 81
68 81 26
57 52 37
32 33 77
34 90 64
77 35 27
73 15 62
93 5 39
39 84 38
11 72 47
0 40 83
40 65 79
25 27 34
14 79 61
74 83 81
22 2 83
16 84 86
71 81 37
38 33 11
73 59 1
34 73 91
80 25 46
46 10 35
14 11 14
55 41 60
95 23 63
14 36 81
49 20 74
82 76 77
80 42 25
18 27 88
64 23 88
30 69 82
33 30 98
87 79 5
86 82 82
89 86 69
23 64 59
67 87 32
8 4 18
29 1 98
88 52 45
30 75 56
60 18 45
46 52 66
6 92 64
62 90 41
76 2 30
28 94 78
71 74 27
62 67 48
24 30 68
19 68 12
86 31 83
49 72 21
29 71 36
93 17 62
43 82 17
50 18 6
59 67 91
61 37 86
3 95 73
96 36 13
40 89 89
18 66 15
12 72 27
63 92 74
4 44 40
17 77 52
9 88 28
50 99 45
15 74 42
60 22 64
31 35 8
0 30 58
53 3 14
14 97 36
27 78 40
76 40 24
18 78 57
71 88 93
55 86 91
67 18 80
71 26 14
67 97 78
40 0 85
39 86 8
58 16 83
3 67 98
87 82 68
0 16 60
9 69 87
59 73 14
64 36 57
51 36 27
27 25 55
4 27 46
83 8 37
8 27 42
79 32 41
43 92 97
40 94 59
2 28 16
13 27 41
20 17 8
68 21 37
75 17 96
65 65 0
90 84 38
53 60 58
49 46 52
16 0 20
67 42 81
66 14 72
76 6 32
58 23 46
46 70 72
31 72 74
74 22 52
19 9 49
3 33 63
55 53 33
78 1 10
24 79 89
70 25 21
3 38 84
81 32 90
23 70 87
9 87 54
20 84 11
26 89 38
20 86 64
34 44 17
32 2 11
89 23 64
35 89 8
48 58 1
25 88 41
9 98 66
43 16 53
32 5 19
65 83 60
19 77 56
98 74 30
97 6 85
34 11 9
79 0 6
32 67 28
2 16 61
85 64 44
21 29 67
75 18 23
91 95 1
35 31 95
69 61 78
78 93 68
5 36 17
3 11 54
77 46 79
78 99 76
21 9 48
35 90 10
14 76 44
8 45 40
46 72 72
15 72 5
21 79 59
67 50 36
26 87 93
90 79 31
75 83 99
54 92 40
85 80 0
3 33 25
32 69 55
48 31 59
77 27 41
19 68 11
97 9 49
70 84 80
10 28 26
93 93 99
39 46 74
81 11 56
75 24 17
45 59 46
55 84 58
74 85 77
45 73 71
99 64 94
34 71 43
21 98 33
42 22 95
35 20 52
37 38 0
75 41 81
66 66 3
51 9 89
73 40 6
20 22 16
88 14 81
36 9 66
23 20 3
45 20 69
14 87 95
39 89 36
66 86 30
49 73 0
95 49 22
5 30 87
43 94 57
36 30 99
84 65 41
53 30 41
93 93 6
48 62 14
68 98 81
2 17 62
61 36 87
65 48 93
66 86 27
70 64 24
27 38 35
60 2 56
31 43 19
9 82 38
22 26 34
84 79 0
94 30 45
98 13 14
69 36 13
86 35 97
37 32 35
97 37 35
99 38 71
22 17 46
74 86 78
22 35 14
3 68 50
33 14 11
16 26 41
86 77 2
8 73 84
75 3 35
10 96 11
94 67 38
57 69 93
72 56 97
68 98 90
58 5 28
31 15 76
39 42 30
56 27 92
76 15 97
62 81 65
65 39 32
37 39 99
49 65 89
59 88 73
2 65 99
94 55 25
19 32 8
31 68 0
77 0 36
66 70 49
81 62 48
45 50 47
51 44 72
17 29 27
55 96 83
82 31 92
16 72 11
34 54 95
6 51 52
36 58 61
63 88 71
41 98 71
4 31 24
5 22 10
55 53 32
93 26 93
14 62 98
50 71 23
4 55 45
9 71 74
99 26 12
80 99 30
41 47 25
99 84 83
46 80 3
54 83 85
68 46 32
39 0 41
72 9 66
88 12 60
2 17 63
4 68 51
83 99 77
68 62 77
93 23 68
41 44 86
30 46 40
51 35 0
77 40 22
74 81 29
49 58 0
64 54 37
45 69 26
72 94 14
73 69 53
86 7 41
30 66 25
3 29 23
76 16 96
90 71 90
83 74 61
2 31 16
30 35 8
84 0 33
3 28 46
43 21 95
99 14 14
72 86 94
57 0 15
34 70 57
18 76 51
55 14 45
85 56 67
72 17 92
47 80 87
37 73 22
59 84 72
73 4 52
57 91 26
3 69 58
26 34 13
20 5 33
13 71 27
1 8 35
1 82 86
58 29 93
48 70 19
66 65 0
58 67 64
22 30 51
59 17 43
12 71 89
57 88 73
67 42 68
13 1 83
26 35 17
30 69 7
67 93 73
86 92 49
50 59 74
89 61 88
22 64 78
4 10 7
69 15 17
12 17 73
1 13 34
20 66 71
67 78 60
40 54 48
74 55 94
75 77 28
45 43 52
15 3 83
91 94 99
86 80 0
41 40 65
97 53 84
82 59 66
18 59 43
2 19 14
37 63 36
18 67 10
15 62 30
25 0 87
47 98 63
76 29 42
9 43 89
38 4 62
21 6 6
96 61 56
66 99 91
23 27 68
72 8 69
45 43 23
0 90 91
95 38 38
15 71 10
71 34 14
90 36 64
16 97 37
51 6 52
2 31 63
29 70 82
60 97 12
77 1 35
64 41 69
8 64 21
28 50 99
53 42 94
72 14 61
33 51 56
85 9 37
31 52 98
44 72 6
60 29 47
41 97 73
62 30 78
5 2 74
86 17 49
79 36 5
25 26 28
22 35 44
54 76 38
75 80 30
87 90 69
87 4 96
72 56 1
45 71 74
74 43 56
8 85 1
97 4 14
65 9 12
35 69 21
4 34 20
99 37 39
53 38 39
60 69 71
15 50 6
25 85 46
4 28 25
33 71 58
29 30 61
41 62 40
26 15 76
61 91 1
17 6 70
99 17 62
7 30 92
77 34 24
83 85 28
13 96 7
67 72 49
41 62 39
44 12 99
62 41 97
23 71 93
19 77 15
67 84 62
96 11 59
55 39 40
33 41 15
55 65 87
72 37 60
17 47 12
88 90 68
14 82 85
82 12 56
10 83 39
86 45 41
59 48 78
26 80 52
79 32 49
0 49 37
39 28 31
72 27 27
36 74 21
61 39 95
71 56 2
95 13 78
93 73 3
75 62 20
32 64 79
4 25 48
17 7 95
35 63 37
30 70 99
17 36 15
77 14 98
82 40 98
68 34 17
9 90 66
23 41 45
52 45 70
92 36 54
91 94 3
41 4 60
69 76 89
73 76 21
84 46 41
54 42 95
54 78 8
99 31 96
2 62 82
82 69 6
59 30 47
14 83 86
6 52 53
17 35 61
50 54 13
68 44 83
41 91 57
76 35 22
30 1 9
91 79 0
37 46 71
9 56 77
72 41 7
83 86 40
10 89 67
80 42 96
9 96 9
11 61 2
46 76 41
25 70 95
68 81 79
23 77 94
77 36 26
97 68 42
91 89 68
66 83 58
32 61 89
89 85 39
85 80 2
20 80 31
90 16 98
47 57 57
21 3 31
75 25 40
41 86 37
54 95 49
50 34 99
31 9 24
36 39 58
33 99 89
13 52 30
62 20 43
74 40 5
53 18 10
69 0 49
21 13 34
7 8 16
36 59 80
42 45 12
6 24 87
66 27 24
0 56 98
97 28 46
89 85 56
40 30 90
33 30 97
23 89 86
2 89 44
58 92 28
43 89 56
41 71 11
29 97 28
30 42 52
41 73 11
6 25 28
89 73 70
94 87 92
64 19 47
38 51 76
10 83 38
76 30 41
88 82 33
30 52 97
30 41 20
71 90 34
97 44 8
92 76 97
34 16 25
52 16 89
56 78 71
68 96 77
96 34 14
36 2 9
99 17 2
59 57 79
3 32 15
13 52 28
80 36 63
62 92 75
87 14 82
95 34 13
16 8 70
68 57 61
74 42 83
90 10 8
78 37 6
72 71 49
36 66 78
50 27 24
6 26 11
90 59 15
21 98 34
94 99 42
1 81 49
67 43 82
68 81 61
85 71 56
32 68 77
43 71 10
64 22 88
27 87 73
38 95 89
2 95 74
47 20 5
96 15 91
46 92 84
74 68 52
57 14 66
16 28 26
0 83 85
84 9 36
85 35 95
16 10 18
18 46 13
77 2 9
60 74 14
4 57 43
15 35 82
78 2 34
30 70 37
7 30 89
0 21 68
56 1 13
66 97 80
44 17 62
39 92 92
32 15 26
17 31 64
76 26 65
6 55 53
70 40 57
83 9 56
58 43 93
52 54 2
74 62 75
14 51 27
45 14 14
19 23 15
92 75 17
50 56 28
6 84 3
84 54 91
2 32 62
16 26 72
7 0 37
71 32 28
16 2 21
49 48 6
5 3 78
55 5 74
19 88 54
6 78 14
7 49 54
29 10 82
29 31 60
53 13 65
24 37 19
13 19 26
70 73 52
0 26 13
45 76 4
7 65 3
21 41 90
11 59 28
62 35 85
93 4 28
92 18 66
56 17 99
48 98 17
32 74 46
41 95 93
8 97 57
79 57 20
55 99 13
54 2 40
7 64 37
74 59 19
62 74 60
58 10 74
34 15 24
33 87 62
76 17 23
56 42 84
32 85 84
5 70 89
49 32 61
46 83 53
60 82 43
1 41 82
83 68 6
27 30 64
37 70 80
51 47 30
69 23 37
8 4 97
34 68 45
77 60 9
20 5 29
46 71 14
82 4 77
18 50 73
98 29 67
21 65 58
20 14 33
75 54 2
35 0 62
70 22 22
35 20 39
17 96 8
28 34 13
4 57 44
21 3 33
67 43 80
35 71 44
32 70 57
16 80 17
41 13 45
0 64 95
49 41 9
5 22 15
38 68 92
17 49 75
15 47 75
64 3 71
37 50 75
21 19 5
77 87 19
67 13 20
8 85 55
94 61 32
7 33 35
34 67 81
31 63 79
4 67 89
21 80 75
96 24 90
31 50 18
21 73 74
18 78 20
63 17 91
65 34 37
93 60 32
81 20 6
86 80 4
56 62 64
71 2 73
18 78 52
57 50 12
4 99 90
18 81 25
5 69 31
84 74 61
6 86 53
48 8 87
29 53 87
4 14 56
96 80 50
68 36 16
34 29 18
10 73 46
32 32 80
19 15 32
43 46 11
51 15 90
20 52 99
48 78 91
68 95 76
81 59 12
3 66 57
28 15 98
50 57 29
14 29 45
42 56 48
40 45 62
94 63 54
52 54 45
56 9 75
51 62 17
58 18 46
95 31 46
45 73 73
16 35 6
67 17 63
18 5 33
47 12 22
28 5 76
32 84 83
9 64 29
63 85 28
13 52 26
69 97 90
60 30 77
82 6 37
58 21 43
68 35 12
38 89 37
71 32 13
52 59 73
20 66 15
46 40 22
2 77 61
84 63 45
28 43 52
15 99 21
97 96 48
71 39 61
23 80 34
7 54 54
63 89 71
62 19 45
5 5 99
50 62 16
62 90 0
54 28 0
64 67 48
44 12 0
68 96 73
83 47 40
24 1 76
1 27 17
98 33 62
86 13 62
36 94 48
51 57 28
48 42 26
43 2 80
40 64 83
96 56 49
2 34 26
5 55 14
7 57 77
30 12 9
73 75 69
9 6 19
73 25 22
77 91 98
3 56 45
70 20 93
1 32 63
43 81 18
33 67 80
89 82 25
20 57 51
19 66 57
55 63 65
84 76 8
59 81 63
24 99 80
35 17 24
18 23 14
53 15 14
1 25 14
6 25 87
30 13 83
0 82 86
0 63 99
81 13 73
33 13 10
95 21 65
86 75 19
93 9 52
79 7 31
76 27 40
54 37 34
63 83 64
6 13 84
98 8 49
33 12 73
16 99 36
22 40 46
19 28 69
31 55 29
6 84 2
13 11 15
19 10 83
60 39 56
20 22 7
97 94 24
81 80 94
50 77 72
76 1 3
71 90 92
24 71 89
28 18 10
29 82 67
76 25 17
2 57 66
39 47 74
5 7 99
27 85 67
31 69 42
15 29 74
85 32 94
38 13 23
76 53 33
33 73 58
2 12 55
94 5 28
83 60 50
33 79 18
85 31 83
25 18 87
68 79 44
16 70 10
35 23 31
27 14 51
93 74 61
86 74 18
7 71 89
88 66 26
17 31 73
41 88 89
64 56 15
2 71 35
29 66 29
91 14 77
11 0 62
88 33 5
80 17 93
62 32 66
91 2 37
21 31 57
36 85 57
53 93 39
80 8 34
94 20 66
21 55 94
78 35 21
86 13 80
90 63 85
13 63 99
17 29 21
16 78 84
92 35 93
68 54 17
0 71 35
84 97 32
68 31 9
98 40 10
52 77 61
45 66 23
77 72 78
32 68 33
13 32 42
8 1 76
79 50 79
67 37 15
24 14 53
2 30 58
12 73 44
3 96 14
53 29 43
99 90 93
78 51 6
86 7 36
64 47 90
76 5 34
31 71 56
31 53 0
24 51 60
67 39 67
49 58 29
6 70 88
78 49 78
16 73 7
61 40 59
49 62 69
18 97 36
54 33 33
72 62 76
6 37 16
56 51 34
42 48 62
48 78 2
94 52 61
66 93 78
59 42 92
10 36 82
25 44 38
31 18 34
33 65 79
42 19 51
49 61 70
13 1 62
85 81 81
50 15 18
22 63 17
32 73 75
24 29 62
30 34 13
50 93 84
23 1 75
35 18 10
36 59 85
70 65 4
43 86 36
97 76 29
56 81 8
16 29 24
70 65 83
18 43 15
58 83 69
30 73 75
21 49 78
1 81 85
28 12 79
8 78 15
6 7 58
90 68 92
36 47 29
47 91 84
46 11 0
74 76 27
69 97 92
10 72 49
19 12 84
89 85 67
90 83 31
44 53 67
37 34 57
60 16 46
60 36 84
71 24 15
94 99 41
91 41 73
28 10 26
42 38 94
65 85 64
97 96 47
80 1 5
69 64 44
13 4 21
21 67 70
84 81 1
95 10 51
4 99 75
47 46 72
67 98 80
20 94 45
61 71 87
47 0 41
17 75 83
97 78 47
92 8 62
84 60 69
66 34 18
19 5 31
83 98 32
45 23 24
90 87 54
86 75 4
98 18 67
54 39 98
41 45 36
62 72 67
25 69 93
11 6 21
92 75 16
88 83 55
19 12 87
65 98 92
12 81 59
95 16 75
31 70 99
26 97 81
69 59 77
16 29 72
98 31 50
20 98 87
69 71 48
39 64 78
46 69 23
96 53 25
63 67 44
62 10 2
3 84 33
93 44 6
39 41 81
69 32 12
45 3 87
69 74 51
56 24 42
27 25 36
99 92 95
36 27 19
58 81 66
44 48 23
17 75 61
57 67 64
60 47 76
41 15 82
11 82 42
4 8 7
70 59 76
77 34 74
65 47 92
90 83 26
11 85 84
3 17 15
13 31 43
66 31 45
5 0 75
75 28 65
59 28 23
89 67 27
44 2 86
94 97 17
7 38 94
45 11 1
35 59 82
40 67 82
92 18 22
17 34 7
91 85 27
98 65 11
81 24 47
68 33 12
85 18 48
82 7 36
58 41 37
87 93 55
25 47 68
37 49 38
13 99 60
69 70 50
76 40 6
69 32 11
89 94 52
62 74 15
21 21 8
75 41 7
80 12 86
3 68 58
90 86 52
74 60 0
29 13 78
68 88 29
7 72 90
94 15 76
64 88 70
47 6 8
28 67 25
91 81 31
69 85 81
53 76 61
11 53 32
19 67 56
99 47 5
2 28 79
58 43 89
26 99 87
49 26 21
12 76 46
45 6 55
90 45 59
63 8 1
70 76 51
62 65 37
8 34 6
45 98 41
33 55 6
78 59 10
31 66 24
15 56 96
25 32 84
65 68 44
48 82 37
24 47 29
81 80 11
61 85 28
5 10 54
16 48 76
27 59 82
48 58 57
91 10 61
44 70 4
59 29 78
15 26 46
56 15 10
29 40 18
63 39 97
41 46 35
93 90 35
36 21 40
18 98 1
14 1 62
38 1 70
48 5 51
30 63 33
33 11 40
19 15 37
7 4 58
35 30 96
38 49 76
52 35 0
0 73 65
65 60 73
41 79 89
30 8 38
14 25 46
38 9 48
10 5 20
96 72 32
67 49 37
45 71 4
62 21 47
48 56 52
81 47 4
70 53 1
59 43 83
92 61 37
4 92 76
3 92 77
31 8 18
60 72 22
79 0 4
18 43 47
5 73 82
94 27 46
54 62 67
59 71 24
16 97 3
53 79 80
84 67 44
97 48 39
42 94 92
87 8 40
88 80 52
62 77 7
92 13 78
73 31 25
58 12 23
73 95 14
44 88 44
10 69 88
76 81 29
86 52 63
85 94 57
45 46 9
2 11 8
44 24 76
86 35 94
45 58 2
24 33 99
35 67 79
59 46 75
37 15 11
67 83 61
30 33 79
22 46 96
84 46 42
11 90 75
87 74 88
80 55 66
72 25 20
37 38 30
81 56 65
56 41 59
95 31 45
90 62 86
99 7 87
60 60 52
31 34 79
61 23 10
85 90 58
0 54 69
95 55 51
47 6 5
38 92 75
52 44 71
74 25 21
4 95 74
13 70 26
2 28 57
40 90 58
31 74 57
59 65 82
53 88 25
57 40 97
10 17 92
64 72 11
35 56 60
68 16 64
66 43 69
96 62 57
69 6 61
48 29 4
44 7 56
98 94 93
85 31 33
40 34 0
17 81 16
70 88 96
80 27 46
4 85 37
85 35 96
50 6 53
3 10 8
44 15 84
18 56 95
36 16 12
16 7 70
38 73 29
0 45 51
18 79 29
4 1 75
95 26 92
73 1 90
31 12 75
46 75 72
23 90 41
28 65 35
24 4 11
51 56 29
47 56 56
64 87 71
53 2 12
95 47 21
52 17 6
70 98 89
65 11 12
65 46 69
68 39 18
66 48 91
58 80 63
3 58 43
1 91 98
28 32 14
37 98 87
13 93 31
55 14 12
16 54 33
45 24 76
1 18 15
83 65 59
44 16 50
59 66 63
94 12 55
73 64 24
77 61 20
78 22 48
0 42 82
67 35 27
86 63 0
50 13 16
43 73 7
47 21 25
20 11 83
67 42 65
17 78 56
55 3 39
62 95 77
95 27 66
68 22 89
55 61 14
2 67 58
77 45 81
51 52 29
25 98 81
26 33 15
31 69 79
81 56 81
0 99 65
87 13 61
7 66 3
54 39 40
80 9 35
92 43 35
81 29 45
5 58 0
8 6 7
81 97 30
70 30 12
26 96 80
55 63 87
89 71 72
40 4 62
12 99 75
92 9 61
26 88 40
93 10 42
96 87 73
65 35 82
83 51 59
67 16 16
64 95 61
95 41 10
73 41 69
9 14 26
75 39 24
55 81 17
78 45 39
53 54 29
30 40 21
3 15 58
94 24 67
17 99 4
37 3 72
44 31 47
73 7 68
20 23 18
67 96 81
47 81 3
10 3 47
0 90 90
50 44 75
15 82 87
63 32 75
29 78 41
92 78 20
20 79 29
71 24 13
2 88 94
17 97 2
24 31 69
47 6 54
53 90 27
37 40 30
81 12 73
90 85 38
23 44 90
97 20 65
55 79 70
56 81 5
56 87 48
40 49 14
32 71 56
80 89 56
91 43 30
6 29 25
8 11 10
77 34 27
61 27 21
76 38 25
60 74 12
18 77 16
18 78 14
73 34 27
82 40 99
12 32 44
18 29 38
71 7 69
25 16 79
59 42 89
56 1 14
5 26 47
83 32 92
52 80 53
38 2 71
63 72 70
58 22 45
56 11 5
79 42 24
36 74 23
73 24 14
1 18 17
66 10 23
89 80 31
11 96 6
15 71 6
2 92 16
26 19 28
5 31 89
20 49 75
21 19 9
19 29 21
34 55 85
65 98 79
25 30 63
39 31 57
74 25 39
49 50 28
85 97 39
56 58 33
84 64 43
92 88 35
86 83 66
15 26 71
43 58 46
23 8 50
76 98 68
86 62 86
51 16 18
17 33 12
90 1 90
32 76 10
16 36 82
4 21 11
22 81 33
37 74 29
73 25 25
32 66 79
94 42 71
64 18 88
16 80 10
52 89 26
97 42 7
66 33 38
44 46 8
71 4 51
64 52 35
16 82 24
30 10 80
15 30 82
21 86 16
80 98 74
57 13 24
19 85 11
60 83 67
61 27 53
55 40 15
81 36 75
2 33 61
4 24 77
39 35 2
84 54 3
12 52 27
39 48 15
78 47 80
86 84 68
66 81 69
39 75 21
71 72 51
39 43 79
88 2 85
42 30 66
5 8 8
12 60 33
22 36 13
70 44 55
60 41 59
50 49 70
93 9 60
7 99 36
28 2 11
66 10 11
47 67 24
84 91 52
81 56 67
63 24 88
19 67 14
51 58 73
93 45 35
56 14 11
34 7 25
27 91 98
93 80 21
10 90 62
62 39 58
69 95 78
54 16 97
72 56 0
77 39 6
63 46 89
81 58 11
73 51 0
48 45 53
58 58 78
23 78 93
55 26 39
14 72 75
93 53 60
87 52 56
94 23 61
12 52 33
3 68 89
91 77 98
17 82 23
68 85 64
53 18 7
17 80 18
45 0 40
16 26 2
39 76 94
92 44 34
25 68 93
17 58 56
47 9 88
74 11 69
13 91 28
42 87 13
88 15 57
47 44 52
68 96 88
65 45 70
79 30 43
83 65 38
19 6 32
48 45 73
67 47 33
79 62 88
1 3 35
84 20 58
80 58 68
10 98 49
75 85 61
35 19 38
13 5 70
41 65 81
12 54 33
32 15 40
65 24 88
51 54 44
87 21 66
33 42 17
32 8 25
6 99 35
11 94 11
11 69 67
58 16 9
44 69 25
88 19 65
48 5 4
32 61 87
26 29 66
79 52 79
31 81 70
10 94 12
13 82 85
82 52 60
70 18 91
1 86 19
77 1 94
68 95 78
30 58 59
44 94 27
68 83 70
89 78 32
18 71 74
59 97 15
42 11 84
44 16 85
46 90 85
24 38 18
86 74 43
50 19 11
57 16 10
1 83 48
47 31 60
55 56 35
21 56 93
1 1 10
46 44 52
69 93 70
1 84 11
52 46 30
36 84 56
52 55 30
30 55 28
57 33 76
38 41 80
3 89 61
51 20 10
66 40 66
92 61 64
56 10 6
74 23 18
2 29 24
83 8 55
39 64 82
88 78 0
61 74 15
21 67 69
47 43 51
22 84 10
71 9 71
54 19 75
94 81 99
16 93 1
84 40 38
14 29 64
45 80 22
3 72 81
92 20 21
36 36 14
11 61 30
18 51 74
40 92 76
60 80 67
72 60 76
54 85 84
31 16 43
41 12 46
86 12 81
84 19 92
25 79 90
65 51 37
0 55 64
72 42 54
31 34 8
22 24 19
1 55 47
97 21 66
48 22 24
3 27 15
43 48 63
69 38 18
1 31 17
21 42 90
79 37 7
62 20 48
35 16 26
20 85 39
54 38 96
88 88 56
77 2 29
49 39 44
0 64 99
57 51 28
13 29 43
70 96 91
30 34 12
44 17 52
66 45 70
28 24 38
73 62 21
77 3 10
68 61 76
39 47 14
1 89 60
88 84 38
77 1 8
15 9 18
96 15 76
75 3 31
57 23 44
66 82 59
17 4 95
91 51 59
72 55 1
17 28 71
12 12 2
33 72 44
50 60 16
6 55 62
65 82 68
7 85 36
85 33 91
76 66 19
97 26 99
45 25 50
74 96 15
54 78 79
66 59 72
61 29 77
36 62 38
18 82 26
63 74 60
73 24 40
73 18 91
68 85 72
6 15 58
84 61 53
90 51 60
39 42 82
67 0 48
22 19 2
1 32 64
4 3 74
24 81 30
28 66 32
64 84 63
10 5 18
27 35 13
3 70 88
61 37 88
0 34 95
20 54 96
31 0 11
30 70 79
9 76 14
53 53 45
7 2 96
81 49 30
46 52 64
24 70 86
47 19 63
2 90 99
65 1 91
90 44 31
69 83 79
70 33 14
67 72 46
36 57 84
46 41 50
51 29 41
24 6 46
7 84 2
64 17 23
40 35 1
52 70 20
78 52 76
63 84 51
76 36 26
69 71 4
46 78 1
17 98 4
32 93 37
63 70 77
79 18 94
41 44 61
41 92 57
16 92 0
26 36 55
74 42 8
60 62 50
48 5 53
86 79 53
81 5 37
40 92 58
38 99 41
34 50 98
16 99 67
24 17 48
12 19 26
85 76 10
24 25 17
48 66 25
98 36 38
70 78 89
58 68 92
33 37 86
96 66 41
68 80 80
54 62 66
61 90 88
27 70 6
79 25 50
64 84 27
49 56 27
93 16 64
11 13 79
88 22 65
71 66 23
18 28 72
26 81 52
72 1 71
71 20 89
29 68 2
64 8 99
4 27 13
75 28 25
42 17 84
73 21 24
3 94 75
29 68 29
92 95 4
97 99 17
90 66 25
98 27 11
89 81 35
99 44 7
17 98 3
68 97 51
64 90 73
91 92 36
47 79 2
92 77 19
37 36 31
75 41 84
48 57 76
56 64 89
6 6 0
79 96 29
58 68 93
87 38 71
68 0 50
78 59 20
71 48 36
86 80 54
25 16 86
79 99 30
61 71 66
85 45 16
58 65 81
69 32 10
48 31 62
15 93 3
15 94 7
42 70 11
66 73 49
67 98 90
2 32 60
83 39 38
72 18 85
54 88 26
20 64 15
22 90 61
96 25 90
44 59 3
98 79 48
1 66 59
5 7 16
23 24 18
33 31 79
98 75 29
85 34 92
14 61 1
36 59 84
81 14 84
47 24 23
62 67 32
15 3 60
12 67 67
39 36 1
0 86 19
67 46 21
53 17 16
1 84 34
93 13 76
94 53 19
59 78 58
33 23 77
75 4 34
58 65 86
60 40 57
81 56 80
32 14 74
15 28 72
83 53 59
33 8 25
41 19 94
61 88 2
67 98 50
8 62 29
33 9 25
85 78 3
66 47 32
17 80 28
12 53 47
69 71 47
9 85 3
84 77 9
81 59 68
50 92 20
49 47 10
94 66 40
44 72 10
10 89 63
29 69 25
14 26 41
72 58 78
31 36 9
5 99 16
20 13 88
67 47 31
22 3 10
51 59 17
2 55 12
13 0 76
32 20 57
49 61 15
13 74 84
32 54 57
27 78 55
81 16 84
17 43 99
64 37 59
31 35 14
70 66 5
92 17 65
57 28 92
59 17 87
93 74 2
25 85 69
44 63 40
60 72 86
66 44 70
1 70 34
48 38 43
99 98 49
75 65 18
55 42 60
47 27 96
87 74 91
28 51 88
59 17 45
88 44 32
89 61 86
92 21 22
65 96 78
76 92 99
72 20 23
72 38 27
35 16 12
14 80 86
38 41 30
97 32 63
11 16 24
78 14 99
49 19 5
47 70 11
60 60 50
68 33 25
93 65 85
6 73 84
57 74 43
12 93 31
80 83 36
12 0 63
43 90 56
68 96 81
85 66 43
68 28 96
46 81 87
70 90 34
89 43 33
37 10 47
72 65 23
25 83 50
90 92 92
64 35 85
17 54 98
56 16 45
42 94 25
85 69 92
36 39 81
34 70 42
54 99 12
66 69 48
37 5 61
44 82 63
67 47 35
31 96 21
8 12 10
70 18 92
2 50 36
37 71 90
30 74 54
72 37 27
6 9 8
32 71 55
64 4 61
17 29 62
58 46 68
92 66 82
0 32 97
71 18 90
50 60 71
32 71 0
80 89 57
74 24 26
24 32 0
9 79 58
73 33 23
26 26 29
81 99 74
17 75 79
84 79 1
49 12 15
6 2 77
12 38 83
70 39 58
97 13 80
75 7 34
83 56 65
20 78 37
30 16 42
9 71 86
39 85 37
78 33 51
59 20 45
19 23 17
29 52 1
0 91 92
53 6 20
14 95 7
44 99 38
65 26 23
38 11 48
85 92 53
15 9 17
32 92 39
58 37 84
35 10 67
27 37 35
94 82 7
49 47 73
58 15 45
87 90 47
27 64 35
69 2 18
57 43 95
35 72 92
91 3 39
23 40 16
16 97 9
85 54 2
4 32 16
68 1 14
96 19 64
30 10 81
14 92 2
20 63 80
1 23 35
94 22 0
13 21 85
53 54 44
98 8 85
90 84 27
17 27 89
96 37 37
10 98 65
49 46 74
80 18 84
61 73 70
28 37 55
32 2 12
74 11 78
68 74 5
38 40 84
80 41 23
49 6 52
53 4 33
17 22 99
56 2 0
96 39 9
89 83 37
37 0 82
88 20 65
91 2 38
92 45 33
16 0 37
35 17 11
91 76 18
23 2 75
31 54 58
39 15 12
72 76 70
95 12 93
35 86 0
95 23 68
53 18 5
80 3 78
7 23 20
96 33 47
90 88 36
74 77 32
33 2 12
18 50 22
67 24 87
5 60 51
75 21 18
28 11 5
2 78 61
81 97 75
18 21 99
68 88 28
84 61 49
4 34 19
53 17 96
67 24 35
61 93 52
85 65 42
64 4 71
76 82 99
14 46 75
88 72 72
9 37 81
96 98 16
53 17 90
60 7 27
72 19 88
89 52 31
56 15 12
76 57 18
11 89 63
0 20 1
92 76 16
7 97 38
89 67 29
48 79 88
12 92 91
68 71 49
43 54 49
65 70 45
27 42 18
28 69 7
91 93 94
46 38 23
5 66 3
67 92 74
14 81 23
52 16 16
42 46 13
90 86 38
70 77 88
31 50 0
56 24 40
56 42 47
55 14 11
59 64 81
96 53 83
75 41 82
43 85 38
62 29 65
88 30 77
79 8 17
68 2 16
4 15 58
87 82 55
62 90 72
15 84 87
72 94 70
70 32 27
17 65 86
80 28 46
30 59 84
30 24 29
32 73 45
79 22 48
95 54 82
64 33 44
5 24 86
38 90 47
84 1 29
13 62 31
29 47 41
50 43 76
96 36 36
52 79 79
57 57 77
65 43 49
62 23 9
84 34 6
29 13 83
53 13 45
47 80 39
17 74 0
56 52 28
89 44 89
2 56 46
48 80 39
7 26 27
42 14 52
36 89 9
37 33 34
54 45 87
60 70 68
59 81 70
67 36 18
25 87 74
67 82 25
93 81 99
73 57 98
38 93 46
38 0 83
41 92 93
68 94 76
58 70 24
53 12 68
92 4 40
26 91 99
95 46 23
3 48 54
35 12 25
64 18 90
17 48 33
62 21 42
39 95 90
58 83 68
73 1 73
80 79 94
41 88 34
42 12 46
90 86 53
41 28 74
15 49 42
1 96 50
94 64 39
72 1 14
55 12 26
27 62 9
10 88 53
60 72 88
32 18 42
44 48 63
91 42 35
67 19 81
25 50 71
94 72 4
11 52 80
70 64 83
82 98 31
91 16 21
58 17 9
49 91 20
19 58 50
16 99 23
0 31 15
71 70 50
90 75 62
99 9 50
30 86 16
22 75 97
19 60 21
40 7 65
16 32 11
68 99 72
69 66 84
93 18 21
15 73 74
12 83 41
62 72 71
19 39 92
81 12 67
31 67 78
13 78 62
1 79 83
34 43 17
19 7 31
15 56 97
87 81 31
99 88 90
5 28 26
22 39 31
46 67 23
35 10 26
73 42 57
87 11 59
48 58 98
31 11 81
93 10 54
47 41 49
50 63 70
27 61 79
61 37 83
36 52 97
80 11 74
1 77 61
78 99 31
81 79 96
39 39 28
41 91 47
15 3 21
26 92 0
2 89 61
74 22 19
46 55 53
78 61 88
78 99 5
31 51 1
50 58 92
71 25 21
13 64 99
29 13 9
99 20 2
7 63 36
36 83 55
80 57 67
9 89 63
14 75 43
74 74 68
73 8 65
97 29 66
11 94 6
90 46 54
88 1 86
57 79 6
29 31 12
68 40 70
88 0 86
66 20 90
68 45 33
45 79 3
69 73 4
36 41 31
39 89 46
72 57 99
75 38 30
0 27 16
32 74 56
50 90 71
45 96 25
93 89 34
16 11 19
91 62 36
75 60 19
55 29 77
31 78 3
69 44 36
36 87 8
72 69 51
2 66 99
48 13 68
57 24 18
97 55 2
65 54 36
90 2 91
8 4 19
7 22 21
28 60 78
70 66 25
32 10 81
19 69 91
18 36 14
3 11 55
28 7 39
28 83 69
34 16 13
60 82 66
30 9 40
33 18 28
42 19 53
62 62 52
9 15 25
88 17 48
78 88 15
27 51 73
40 41 85
69 1 17
68 22 87
24 70 94
75 23 20
12 66 16
45 67 24
40 81 17
28 12 10
50 49 6
87 81 53
29 15 77
97 83 89
57 81 7
32 14 9
61 61 48
41 97 14
96 71 31
86 53 64
56 12 25
46 55 55
41 21 96
69 22 91
89 73 71
64 7 0
7 22 20
77 28 42
53 12 66
15 79 85
20 9 82
43 19 93
92 43 7
47 71 12
99 45 6
25 90 44
59 20 3
98 75 64
65 94 77
67 33 23
52 57 30
33 32 78
99 30 14
78 86 20
28 52 0
8 75 11
86 93 56
40 32 58
23 82 31
29 32 78
67 48 34
0 27 11
73 54 1
39 60 37
36 37 31
4 11 53
29 79 41
12 55 13
52 15 18
87 46 42
67 66 3
44 58 45
9 61 26
21 97 33
8 90 64
65 8 99
6 55 47
22 19 4
87 51 62
11 99 64
91 23 66
43 25 14
59 93 30
56 88 25
34 20 38
14 20 84
99 44 9
99 86 99
93 61 30
10 74 45
60 24 10
61 6 28
23 99 79
67 68 85
14 2 83
18 43 16
18 45 63
51 14 14
25 76 54
5 18 96
88 85 68
77 72 88
51 48 29
67 82 70
48 43 51
98 71 33
73 7 66
67 37 18
28 23 40
2 85 49
67 81 60
27 37 56
21 17 10
99 56 8
81 86 3
59 99 65
44 1 87
16 70 73
94 17 63
77 35 24
57 76 42
90 16 1
48 57 56
17 98 10
73 2 72
23 19 45
22 65 58
42 57 47
50 51 29
2 91 77
74 22 25
48 99 43
53 18 77
30 1 10
36 11 26
5 49 53
15 93 6
32 1 12
74 55 2
68 78 43
2 81 49
80 20 5
92 44 69
74 64 19
8 47 73
95 47 94
59 15 83
24 35 16
86 20 50
40 5 63
54 0 11
75 83 35
15 99 62
11 0 59
36 49 74
26 33 14
24 23 91
75 84 82
64 81 24
47 76 73
20 53 0
96 52 26
46 18 64
76 40 84
70 31 11
37 26 34
35 60 60
69 32 26
68 45 69
56 51 13
38 51 56
87 48 72
92 94 5
51 72 23
66 37 15
73 10 70
94 12 58
65 32 45
95 21 62
16 92 4
76 72 83
65 54 15
81 12 85
37 56 85
16 70 9
62 76 92
29 33 12
78 1 33
79 93 0
8 44 89
39 93 77
26 37 56
6 25 13
79 0 32
84 32 92
1 59 81
4 84 36
47 54 2
53 70 43
56 52 31
53 18 72
46 93 26
12 56 34
38 41 83
18 14 36
68 99 36
23 17 63
55 85 59
78 9 18
57 99 15
32 74 57
88 73 90
30 69 67
17 42 46
47 1 41
31 72 55
58 16 86
8 28 72
31 87 61
2 86 50
46 42 24
26 16 78
85 94 52
21 74 98
17 29 88
82 10 76
76 11 17
18 10 82
28 77 40
57 42 36
58 61 9
38 42 79
87 21 64
85 79 1
45 1 20
93 18 25
40 47 14
37 39 30
61 84 40
20 25 35
55 0 11
76 33 23
54 17 72
8 38 82
74 76 29
60 41 95
25 27 29
74 84 83
95 54 26
57 26 57
12 19 56
17 96 36
40 39 28
59 97 14
95 71 5
37 94 90
60 71 67
98 59 91
33 74 56
34 54 4
30 47 38
89 12 61
28 14 77
36 55 94
54 92 2
67 65 0
30 21 57
85 85 9
19 79 84
35 33 37
26 91 43
67 33 27
15 0 63
70 75 4
49 79 89
97 39 34
18 78 13
96 99 14
95 50 23
79 60 70
73 77 19
95 63 1
87 81 52
6 23 14
73 70 48
85 92 50
50 98 88
9 92 90
12 51 27
60 38 92
86 8 41
69 77 89
52 16 15
8 24 87
19 99 86
99 63 98
37 63 37
82 47 3
80 7 17
57 63 90
24 41 58
39 99 86
90 50 73
22 88 16
19 66 70
44 49 46
62 34 86
16 80 19
4 7 17
31 2 99
7 71 75
17 50 74
43 49 24
79 6 32
85 32 98
68 45 36
59 14 84
50 15 16
97 30 47
20 11 85
17 41 45
53 16 10
9 97 60
60 36 86
26 8 26
57 44 88
98 40 11
49 10 66
91 11 31
99 82 85
6 31 88
91 63 84
45 70 25
86 95 32
22 76 95
98 43 8
58 37 57
24 26 35
99 70 34
28 86 69
76 47 45
92 22 67
16 77 83
76 2 34
17 55 95
78 57 20
8 79 59
94 45 35
8 26 0
77 17 93
40 64 81
31 65 34
68 47 32
77 24 17
32 53 56
70 49 37
85 32 32
4 58 99
75 33 24
88 32 73
71 89 90
18 29 70
57 14 11
33 67 98
6 10 54
5 98 36
57 8 74
82 50 34
40 92 90
60 42 91
29 14 11
15 4 70
26 25 16
60 63 81
10 7 17
68 29 95
26 45 39
17 75 80
54 43 19
69 97 30
54 35 35
34 60 60
32 58 62
18 71 38
72 33 28
35 9 68
71 90 91
77 26 18
23 66 89
41 18 86
21 62 44
68 81 77
8 70 93
42 35 64
78 55 20
97 41 34
38 29 97
34 5 98
17 86 70
89 72 90
61 64 36
16 0 59
58 98 16
90 62 83
31 21 52
54 13 46
92 62 38
96 62 58
55 52 30
5 34 18
67 86 63
45 15 15
33 55 57
60 74 13
33 70 54
66 79 43
72 11 88
11 83 86
53 5 18
21 60 20
39 92 76
49 20 11
21 54 97
29 42 20
28 71 35
3 31 60
85 33 97
41 80 88
13 62 2
27 16 77
11 85 95
93 65 83
82 41 38
81 17 92
7 61 30
45 31 48
71 54 0
36 28 19
38 98 87
23 87 64
14 63 31
64 38 31
95 16 91
86 76 21
89 77 99
22 40 89
26 85 54
43 53 65
9 0 76
0 82 48
92 79 99
29 73 76
6 33 7
97 37 36
48 80 88
57 84 69
35 59 60
49 79 91
93 13 77
55 89 26
92 10 55
0 33 62
10 80 1
63 68 79
54 77 38
36 98 82
14 75 84
90 97 23
16 30 73
38 49 17
95 26 91
72 7 64
28 46 39
68 63 43
74 29 23
70 19 85
31 51 17
99 28 12
34 31 97
0 13 15
78 2 79
13 78 86
15 71 74
96 73 35
33 86 85
63 20 46
82 57 10
6 9 10
28 71 39
32 18 41
77 62 21
69 49 37
79 59 11
75 17 92
89 13 45
67 51 36
44 72 3
33 93 39
28 76 54
62 70 48
53 27 1
44 39 21
72 93 14
72 27 14
2 28 17
5 78 13
70 56 3
93 93 35
43 88 37
41 21 94
46 99 62
61 75 16
10 18 91
16 55 98
7 74 85
14 97 35
88 50 62
34 33 80
28 62 8
20 99 34
38 49 37
95 8 50
98 73 30
36 45 74
5 29 61
94 26 93
33 17 40
2 27 10
22 19 8
56 64 87
19 51 73
44 72 5
94 41 11
94 11 57
62 86 29
98 26 50
46 30 2
47 26 97
5 8 9
71 73 6
95 33 15
13 18 55
25 42 58
0 2 10
26 90 98
31 58 85
69 53 53
23 74 53
18 80 83
95 36 37
79 31 42
96 48 21
69 0 13
66 56 16
77 22 47
2 31 18
0 84 9
3 30 25
94 16 63
8 70 74
1 73 66
40 30 91
42 95 50
67 87 27
6 50 53
16 55 53
11 15 49
2 89 94
7 74 11
20 67 15
40 59 36
56 52 34
11 4 31
32 69 78
74 21 17
82 53 81
4 86 52
77 98 5
63 37 84
72 67 23
33 21 8
90 43 64
70 38 60
66 77 44
48 47 11
17 71 73
52 6 19
96 22 67
6 65 38
42 18 52
37 27 33
53 60 60
41 89 56
80 80 69
39 67 91
17 73 1
76 98 91
54 12 26
31 14 79
68 99 71
70 72 5
67 43 65
34 14 22
15 63 98
75 5 66
68 21 90
73 22 97
85 79 3
33 96 34
74 97 16
71 58 51
9 27 1
89 62 87
59 36 85
1 19 1
40 5 60
6 75 13
4 25 86
61 96 29
58 34 53
58 75 42
78 59 9
17 79 37
93 97 41
40 94 91
56 44 87
97 73 31
26 43 38
35 68 22
2 34 61
56 80 8
63 68 49
94 55 50
60 26 51
34 67 22
20 83 13
96 98 13
90 50 63
14 10 17
99 35 96
20 40 91
60 58 80
2 68 33
36 86 54
35 87 76
33 77 22
76 98 67
87 38 93
33 16 41
35 68 80
62 31 65
71 53 60
34 55 5
10 98 59
8 70 85
2 12 33
1 90 96
42 90 56
87 42 31
37 42 74
74 38 29
34 22 61
47 80 4
33 66 97
78 1 37
64 38 84
78 33 24
31 13 80
21 40 91
15 41 43
66 24 36
90 63 35
51 18 6
45 4 92
68 15 18
58 67 62
71 2 13
82 3 77
2 69 49
12 58 32
76 29 65
6 78 58
42 96 15
68 22 36
14 72 28
58 51 12
65 0 90
6 31 92
33 93 38
27 31 63
15 54 32
91 37 94
35 28 19
6 23 48
1 69 59
53 4 11
15 11 20
55 7 76
59 80 71
55 53 29
35 39 30
55 44 86
66 68 47
81 17 85
48 24 22
68 49 35
3 93 76
72 51 99
27 81 69
6 48 52
99 16 77
82 60 8
95 23 0
4 91 76
4 86 36
53 81 25
71 98 88
1 98 87
37 20 13
17 74 2
97 37 37
38 86 7
94 99 16
28 80 70
49 76 75
72 64 22
42 45 85
11 99 60
51 97 63
12 18 54
27 46 40
47 56 53
37 36 32
38 1 64
8 71 91
55 42 95
8 7 16
64 69 77
19 22 0
77 1 3
36 90 8
68 94 73
42 33 66
12 85 83
93 40 18
60 41 92
47 79 15
57 36 93
42 43 85
10 58 78
88 16 3
51 12 68
22 65 90
23 41 88
88 62 87
52 79 51
72 88 95
17 34 6
14 9 69
93 27 88
54 17 11
45 68 51
38 40 29
12 4 31
53 33 20
67 46 37
84 52 77
57 43 83
48 93 26
77 63 22
18 33 7
70 52 2
69 17 93
2 23 34
21 83 12
61 84 73
92 93 98
67 90 7
12 27 40
72 65 6
96 13 2
63 37 57
98 97 49
96 98 18
23 66 76
45 74 72
36 30 97
74 93 16
57 3 21
77 30 43
15 29 25
55 63 88
4 13 42
16 84 61
16 77 84
5 33 17
32 12 80
58 5 67
32 81 90
79 58 67
72 71 52
11 70 88
98 93 25
91 93 37
41 29 73
22 29 67
97 38 34
53 15 96
0 39 83
88 14 61
66 90 29
34 15 27
98 32 61
29 82 68
42 20 94
75 40 71
19 83 26
74 56 95
32 8 35
49 6 87
4 16 65
16 95 8
85 92 57
22 88 65
0 14 33
91 20 23
76 17 94
94 56 24
53 28 41
24 84 49
53 52 27
72 55 94
5 72 80
6 26 87
16 0 22
62 36 83
89 46 60
26 17 88
72 54 97
11 68 68
90 24 65
90 95 0
3 92 16
18 28 37
49 41 27
87 51 56
39 67 83
7 59 46
97 29 47
73 34 26
11 7 22
8 79 16
42 45 94
0 55 68
14 37 80
53 37 1
7 86 36
66 18 88
66 80 9
83 49 33
30 22 40
88 38 71
7 88 26
35 1 10
15 71 8
87 64 0
28 13 10
85 46 40
76 37 3
73 83 28
37 58 85
72 5 52
90 63 88
32 43 13
79 18 92
16 5 94
73 41 8
34 93 37
16 54 96
24 71 88
2 31 93
11 97 58
31 9 36
51 64 51
59 65 62
81 15 83
84 9 58
53 63 88
29 32 59
65 55 15
64 43 71
8 77 12
93 67 41
3 6 22
13 51 37
27 17 9
44 20 94
86 93 53
67 86 31
37 86 59
22 62 18
12 59 33
41 0 43
24 75 52
29 67 31
78 1 30
11 57 32
60 41 90
34 23 59
93 40 19
60 17 47
87 6 41
51 5 52
69 24 22
77 42 10
43 11 0
46 50 46
36 1 63
40 61 38
82 81 30
11 32 43
99 30 58
82 45 29
36 99 88
82 55 66
40 48 75
75 6 33
42 90 46
28 32 62
17 72 10
55 82 4
83 56 12
77 37 4
57 32 76
7 78 14
59 83 71
44 15 16
78 31 44
10 18 25
3 68 52
29 61 7
42 7 33
9 89 65
90 72 69
5 15 57
29 50 98
44 42 78
0 29 13
36 35 33
13 44 78
21 65 16
23 32 1
7 91 64
3 73 81
48 59 75
37 39 85
22 88 17
73 16 61
36 99 83
40 1 42
16 44 42
69 52 51
66 83 26
41 50 13
24 40 18
22 34 44
15 96 37
67 45 67
14 27 43
56 73 45
29 71 80
64 42 49
61 6 27
96 46 20
82 57 12
72 29 91
23 18 47
52 29 42
34 23 30
34 99 63
87 18 17
88 17 18
46 58 2
75 54 1
71 4 49
7 6 9
17 6 94
53 19 76
68 42 78
62 89 1
18 99 34
87 79 94
29 67 24
92 52 60
44 47 10
27 80 53
2 38 82
11 71 75
18 76 81
45 60 3
63 91 73
53 93 6
34 24 58
49 57 30
66 96 79
49 4 51
16 71 12
46 23 78
81 87 3
39 6 64
67 34 12
25 50 59
70 64 5
17 1 22
19 28 67
16 99 12
19 85 6
17 36 83
78 57 67
4 30 60
68 2 48
52 37 28
38 89 58
16 70 13
29 32 61
82 14 73
91 12 78
81 79 95
9 86 2
87 94 56
34 21 51
4 66 56
60 76 74
38 70 90
3 81 70
16 55 29
24 15 56
54 84 57
57 38 95
58 9 74
60 32 76
3 95 75
19 66 12
15 50 26
47 38 45
49 8 86
52 4 16
88 85 53
35 88 8
96 31 48
72 29 27
16 30 63
6 25 48
19 30 63
15 1 83
95 35 61
77 99 90
69 76 53
97 26 98
18 98 3
9 77 13
93 11 55
15 43 43
55 82 7
59 40 58
53 47 87
8 27 27
68 18 81
66 18 82
52 3 12
99 34 61
41 46 95
77 1 78
30 99 60
31 40 19
64 16 91
88 86 55
98 27 37
15 66 71
49 32 60
35 32 96
11 81 58
34 17 27
95 67 40
35 54 97
30 51 98
26 15 52
32 68 80
29 36 56
76 30 26
15 81 23
12 72 74
90 94 2
29 38 55
13 52 47
42 87 37
37 94 47
17 97 10
13 5 30
83 59 68
69 74 4
39 3 62
42 40 29
49 26 98
15 80 24
45 19 67
34 17 9
41 66 82
16 78 56
30 51 59
23 62 91
28 16 10
83 51 79
62 69 48
57 14 45
28 74 56
51 54 3
87 52 62
59 39 94
63 27 22
67 69 50
34 44 15
26 26 35
40 89 35
41 48 93
57 40 16
41 47 93
4 85 34
12 0 61
68 38 19
41 39 66
36 47 70
36 85 0
71 21 23
90 1 36
77 29 64
9 96 6
75 27 66
38 93 90
72 10 8
62 92 52
8 57 72
93 28 47
66 25 87
79 48 79
60 48 77
54 40 59
76 61 20
39 50 57
50 49 29
10 86 55
9 97 65
92 43 31
12 72 73
97 40 35
2 15 58
2 60 80
2 56 13
70 22 90
1 13 57
40 82 18
6 99 29
9 35 44
55 42 18
72 63 21
52 21 75
86 91 57
67 64 80
25 39 84
9 85 54
18 29 62
65 82 25
28 33 60
11 70 27
77 26 2
21 13 35
73 16 60
17 85 69
7 72 74
36 1 60
33 10 73
67 46 69
87 46 41
40 30 41
18 65 45
26 77 54
17 1 60
42 26 15
44 49 23
23 39 17
21 50 79
66 99 49
2 67 80
97 30 67
25 25 31
33 22 58
17 79 15
22 98 79
2 84 17
78 7 33
21 87 65
31 59 61
4 35 16
31 39 55
27 77 53
77 99 6
50 90 21
20 66 57
6 99 28
69 97 72
19 55 96
38 93 93
0 36 57
25 49 58
67 49 90
69 82 78
68 84 71
10 95 12
55 62 16
92 80 65
57 15 44
39 76 93
4 67 57
8 27 92
21 66 77
42 18 96
28 58 81
22 89 48
35 2 7
88 49 73
13 53 27
32 8 81
83 54 90
80 81 95
50 54 2
88 19 51
15 30 63
35 8 26
68 83 25
32 87 62
71 53 88
79 24 49
71 85 79
58 42 94
52 14 15
49 79 90
31 16 41
1 69 33
7 2 77
95 12 59
80 64 56
33 54 94
64 68 45
61 60 51
98 42 86
2 14 33
57 14 9
57 11 7
23 29 68
23 5 10
55 28 55
49 83 84
16 79 36
73 2 90
84 61 50
83 54 63
77 0 30
41 39 29
21 81 32
19 77 82
94 66 6
71 94 13
11 36 82
40 93 76
83 80 0
74 82 81
27 7 39
22 59 19
59 82 65
6 12 84
12 50 37
85 33 93
14 4 20
37 44 74
31 8 82
88 96 58
17 31 11
2 98 31
57 92 27
91 15 46
71 67 26
42 27 14
96 62 1
59 42 83
2 79 99
71 28 15
28 98 15
88 79 5
89 67 91
16 42 98
49 19 11
28 36 13
91 16 40
86 66 45
41 88 36
12 71 46
12 98 59
57 38 84
55 17 98
56 1 12
36 7 2
87 37 94
32 31 80
59 33 77
40 87 60
64 94 60
2 17 60
68 82 60
87 20 51
9 97 10
65 35 84
26 88 73
60 27 51
49 5 59
66 97 82
25 34 15
8 70 88
89 10 61
15 37 84
33 14 74
68 86 27
1 30 61
26 16 87
71 90 33
79 1 4
28 12 78
73 66 22
75 35 25
82 58 68
11 84 40
38 65 77
92 80 0
70 75 88
47 40 48
35 1 11
68 48 89
70 91 92
34 73 92
4 49 53
82 7 37
77 60 21
63 19 90
54 39 60
75 83 1
18 27 22
74 32 28
18 53 99
19 80 30
87 49 74
29 71 38
89 90 67
89 86 53
7 28 26
37 48 18
9 4 19
19 33 5
34 54 19
55 1 40
9 25 99
90 89 66
0 57 65
5 67 5
43 86 37
11 92 75
70 74 87
75 26 41
5 56 46
6 4 79
15 27 42
58 17 82
39 83 37
14 60 32
25 35 53
73 22 15
92 62 19
68 14 20
64 95 62
52 28 2
80 0 75
45 82 54
29 85 69
61 92 52
38 32 90
94 96 17
21 63 16
9 89 27
88 85 89
28 37 58
46 24 77
65 69 76
1 50 37
11 19 25
97 63 54
35 19 10
88 15 0
16 87 69
67 27 95
76 91 0
60 81 64
51 54 38
7 41 98
84 71 55
55 27 91
88 18 0
67 89 28
33 56 59
16 24 4
42 87 7
39 1 65
78 80 53
10 91 89
37 50 73
6 84 36
58 62 91
90 15 28
5 7 8
49 45 74
23 18 46
71 74 89
41 91 90
89 82 36
20 8 48
86 74 88
69 19 90
9 96 11
60 58 71
16 99 69
15 99 13
57 8 76
91 43 63
53 32 33
22 89 63
40 64 37
51 48 69
48 32 58
2 40 82
50 12 16
29 2 11
50 59 72
39 5 60
5 43 39
17 99 5
24 23 85
74 94 14
29 53 86
55 16 12
20 23 99
4 85 2
28 30 11
42 18 84
38 4 60
29 21 56
17 13 84
51 76 72
24 45 38
6 99 94
81 1 76
13 39 84
37 65 77
87 84 67
85 64 86
35 42 30
52 13 46
80 98 30
37 38 86
45 63 39
27 24 37
32 98 70
29 8 39
95 29 39
2 26 15
37 73 21
1 17 59
73 24 19
45 74 74
17 99 11
56 43 35
59 69 69
3 30 94
96 23 63
72 84 29
31 7 34
96 42 8
93 64 54
3 30 26
96 9 50
65 42 71
32 52 55
19 31 9
18 77 52
92 5 4
63 18 91
93 25 68
13 60 32
42 65 57
55 16 14
29 64 33
89 65 26
75 99 69
93 65 40
70 87 94
27 50 87
72 55 95
76 63 19
99 92 92
89 48 73
39 70 8
52 40 97
52 45 71
7 76 12
67 94 77
55 82 8
63 36 84
74 22 53
10 96 8
17 92 1
93 20 65
97 95 25
18 81 27
31 69 99
2 85 33
42 17 85
4 69 50
2 14 58
81 59 69
9 65 59
87 61 86
84 92 51
93 51 62
68 36 14
45 95 25
46 74 73
65 42 70
44 26 78
62 28 64
33 97 27
66 29 96
86 19 49
70 19 92
20 85 63
36 71 43
2 70 87
32 11 74
0 41 84
89 44 31
64 36 83
41 55 49
9 1 75
34 2 11
30 59 83
82 57 71
50 10 68
96 98 15
93 93 4
60 56 80
50 69 20
72 23 14
98 88 97
64 66 49
84 60 51
87 85 55
96 52 28
57 67 92
61 93 76
68 87 30
73 76 29
70 94 71
9 94 7
6 74 83
49 58 74
16 62 98
82 55 81
67 15 19
13 67 67
36 73 46
68 46 68
61 22 41
84 55 66
58 20 4
20 19 6
65 90 30
67 78 43
3 39 83
29 14 9
83 28 78
5 30 24
33 39 78
83 99 31
60 26 52
46 68 22
61 88 72
56 99 56
80 51 78
94 39 83
47 57 2
88 34 6
56 15 9
9 29 27
53 36 0
78 38 5
74 34 25
88 65 99
16 72 7
19 64 44
65 67 47
58 92 30
19 33 63
10 36 6
56 62 15
20 77 21
27 89 98
47 42 25
33 71 42
78 49 81
6 98 37
62 40 96
31 15 75
6 35 18
10 80 57
88 93 53
5 31 86
61 66 33
74 82 29
65 31 67
53 38 1
16 28 89
44 26 77
77 34 22
48 25 96
34 9 25
37 4 63
15 16 85
21 64 58
35 56 95
3 73 82
48 77 74
65 85 28
91 78 99
40 77 95
67 43 79
75 55 96
46 12 68
48 46 53
51 16 17
1 60 81
9 78 14
15 75 83
88 82 34
31 74 83
0 97 49
0 69 47
88 87 54
63 73 88
30 52 86
0 4 92
55 72 74
29 66 33
92 52 61
6 44 40
7 55 47
44 75 71
25 15 52
79 0 29
77 36 7
36 10 15
91 87 36
46 13 70
33 55 20
85 21 49
79 32 50
16 37 15
51 80 51
19 97 35
97 7 14
69 33 13
8 56 78
48 59 84
21 24 54
58 89 73
95 10 30
8 45 88
45 73 9
92 94 6
87 86 55
53 40 58
83 61 8
50 73 22
41 46 14
73 87 79
68 65 99
3 13 55
7 56 54
0 19 41
41 56 48
3 6 85
30 15 8
5 84 2
24 34 14
45 94 26
39 88 59
56 80 71
15 96 3
34 12 10
72 2 74
97 53 85
24 35 54
65 46 91
33 16 8
14 54 27
93 44 31
32 66 97
36 97 87
46 35 88
98 19 66
67 86 62
66 53 37
23 79 37
51 14 17
38 87 60
78 28 63
35 40 31
91 87 55
38 34 34
32 33 79
36 69 81
12 74 45
0 43 85
4 66 6
5 4 1
77 0 79
4 67 33
84 0 30
96 4 19
69 75 52
86 76 20
55 3 99
40 86 7
18 65 70
53 89 26
29 32 13
38 28 99
33 64 35
4 30 88
97 31 15
25 76 53
22 91 63
15 74 7
54 59 60
76 25 27
32 67 29
13 45 74
26 78 52
11 98 5
99 76 63
56 43 95
47 13 69
76 42 80
98 30 68
62 68 32
3 27 57
16 80 24
47 94 26
10 31 95
92 10 60
72 25 13
9 30 90
41 87 8
35 12 24
38 37 0
92 43 67
37 34 12
57 78 69
58 65 85
17 98 68
55 26 55
94 98 42
3 86 51
2 80 63
60 94 51
22 8 47
56 38 23
80 60 69
99 82 87
83 92 53
59 6 28
28 81 68
89 16 99
52 5 17
11 36 83
19 52 98
12 81 61
52 11 67
83 56 63
9 61 29
38 37 64
72 0 71
88 14 1
47 93 26
66 26 86
49 94 27
62 88 3
71 59 77
88 81 31
43 91 98
3 32 18
5 8 0
56 25 18
12 82 86
98 46 4
60 75 84
72 20 87
55 15 45
35 47 70
37 53 94
17 81 25
59 76 75
85 75 42
21 51 86
1 71 35
71 64 6
29 65 34
40 47 73
90 11 60
67 16 17
9 6 17
7 8 9
86 11 82
28 52 86
34 61 89
63 78 7
34 69 22
43 89 45
22 82 31
58 62 8
21 78 37
4 66 4
3 32 25
82 54 60
83 5 76
82 60 67
34 55 60
23 6 45
34 51 97
35 64 36
48 5 55
18 66 78
58 63 89
91 45 7
96 20 62
72 89 93
5 49 99
79 62 87
77 32 23
99 42 85
69 20 37
40 90 90
2 80 84
6 2 98
22 31 98
44 73 8
76 43 9
3 88 44
74 35 28
49 54 3
54 81 18
97 19 63
85 69 45
9 97 58
64 70 76
88 8 3
36 77 16
53 4 15
69 30 95
68 34 24
97 80 47
8 30 93
30 38 93
37 50 37
99 15 13
64 94 79
31 17 41
54 53 28
97 72 34
59 38 56
47 5 59
66 49 91
57 52 35
79 35 20
74 27 21
60 82 70
9 16 25
90 74 72
87 79 99
58 42 84
97 61 57
58 21 44
65 66 80
32 67 99
82 60 65
6 25 46
46 74 96
68 61 41
21 18 9
67 1 15
96 46 22
43 58 44
46 12 70
65 10 10
33 73 44
10 33 44
63 9 1
77 56 19
97 79 49
64 33 75
46 78 3
21 26 34
43 93 26
74 4 65
33 55 3
11 52 32
95 67 39
22 67 76
39 31 91
24 49 70
99 89 89
12 17 71
2 28 14
13 65 16
68 73 4
30 36 78
15 42 43
9 30 94
82 53 59
46 71 13
89 16 1
86 36 95
75 23 26
89 49 72
84 96 32
45 93 84
31 6 35
41 11 45
5 9 99
27 68 7
87 92 54
56 23 43
37 56 84
71 23 14
9 89 29
59 66 87
50 87 77
51 90 32
19 12 89
15 79 11
60 47 78
93 64 85
20 29 10
16 26 47
54 92 50
66 18 83
2 80 0
75 77 30
30 68 78
64 66 51
86 94 55
97 8 54
84 31 84
66 68 46
7 24 13
76 10 16
60 69 70
3 15 27
28 84 70
68 48 38
23 32 99
24 45 91
73 81 37
26 25 30
7 0 95
52 61 17
66 85 64
21 23 19
77 42 8
10 73 48
72 9 71
97 36 12
0 90 97
83 0 32
42 93 56
42 46 36
29 58 82
79 61 68
27 87 42
26 41 19
42 93 92
69 83 70
4 23 10
62 88 68
93 42 8
60 88 73
30 70 38
47 39 44
72 53 61
22 30 58
49 0 44
26 39 82
91 17 21
34 69 54
32 73 54
59 24 47
53 4 62
13 73 45
55 87 25
24 88 42
8 29 90
46 8 8
84 42 35
36 59 81
12 53 34
60 40 95
22 61 19
49 9 67
95 45 34
10 71 75
22 78 96
94 13 73
32 1 56
55 13 47
2 67 49
13 80 60
1 26 11
14 61 32
76 36 28
3 30 93
77 1 31
27 4 77
97 58 91
49 78 42
32 70 41
51 20 74
73 93 15
12 5 22
59 39 61
81 80 32
18 67 11
4 69 88
36 7 47
18 12 83
79 17 94
5 26 12
4 13 56
10 35 5
77 37 25
77 9 17
29 75 55
33 21 38
65 39 85
50 6 54
77 58 19
56 41 16
96 32 47
45 81 64
20 54 95
91 45 6
15 31 12
14 34 81
44 25 49
85 35 93
73 33 24
60 68 90
0 24 72
43 66 26
13 91 41
13 72 75
49 12 67
22 41 90
12 62 3
19 6 30
26 14 51
47 5 57
10 95 7
94 27 94
55 99 14
69 67 26
11 32 96
17 50 19
94 47 21
41 93 89
29 86 73
90 14 46
38 16 11
14 11 16
16 49 43
31 8 26
97 53 27
71 43 55
56 39 96
26 87 41
34 66 79
10 57 76
63 39 96
48 58 75
2 2 9
86 40 94
74 40 70
49 60 14
78 24 60
40 48 92
68 39 20
91 16 97
38 45 73
44 21 93
60 90 0
64 84 18
31 67 96
79 97 29
33 20 51
57 35 93
75 37 28
93 43 70
11 91 74
93 55 50
30 10 36
47 30 61
67 83 72
0 31 60
14 26 43
1 33 96
54 62 88
79 80 70
76 77 33
20 59 50
55 50 11
82 77 78
95 13 80
41 19 85
77 98 90
32 64 35
93 67 39
70 3 50
35 34 36
95 13 74
60 0 64
45 76 71
13 62 0
24 0 75
9 46 17
35 56 85
39 69 91
11 59 81
55 62 64
85 77 22
3 67 33
4 89 44
41 51 52
53 16 95
40 44 37
44 17 50
11 4 23
53 94 50
32 14 27
37 83 54
94 22 62
24 23 19
6 72 42
7 53 54
83 52 80
65 69 46
44 99 39
76 83 81
35 98 86
68 71 3
82 51 32
93 79 21
1 56 67
9 71 89
94 13 92
12 84 85
44 98 39
82 31 91
53 58 74
59 1 57
20 24 50
58 17 8
74 57 99
73 70 52
26 25 34
69 96 88
45 21 68
8 72 85
2 68 59
9 31 91
30 62 6
40 68 9
2 66 80
58 15 65
93 5 13
1 90 95
20 55 34
48 45 45
98 93 93
19 66 79
31 13 27
86 63 87
21 84 11
7 78 83
81 26 47
20 22 98
61 26 53
50 19 73
67 66 99
34 86 85
12 92 29
82 10 57
48 6 56
0 5 91
17 28 23
49 78 73
15 78 12
73 55 96
66 71 47
66 18 64
10 70 87
77 62 89
92 63 84
36 71 91
19 11 85
23 90 47
0 91 94
75 31 43
10 36 31
56 2 11
82 25 48
30 15 9
51 21 75
95 15 80
29 17 77
2 33 19
74 82 36
33 52 98
94 12 75
19 65 56
11 52 35
35 25 75
36 54 95
73 61 76
99 68 41
85 20 50
43 49 49
56 43 94
11 83 43
67 56 18
95 55 5
92 19 24
8 7 8
97 30 29
87 18 1
6 66 4
35 11 67
18 34 6
38 69 93
16 2 60
46 24 24
89 17 1
40 12 47
49 97 89
5 58 48
26 84 51
81 58 67
29 25 37
96 88 72
59 31 76
75 76 33
79 49 81
16 25 3
24 28 34
39 69 9
10 13 80
53 36 34
30 38 54
11 75 44
38 83 53
54 93 54
78 0 7
61 90 40
42 71 46
11 16 72
82 60 6
65 19 89
13 81 87
72 3 91
40 38 29
7 3 99
36 82 36
68 37 19
59 51 12
43 28 12
48 75 41
53 84 84
81 54 66
11 67 69
76 46 80
29 68 7
71 95 71
78 31 24
32 75 21
97 30 49
15 34 81
10 60 27
14 56 51
32 17 41
6 9 29
4 85 35
27 88 42
55 61 13
94 29 46
69 45 82
80 23 48
17 79 39
89 69 98
65 71 49
74 76 70
29 45 39
55 36 72
30 35 78
92 91 34
14 50 29
40 5 61
99 81 47
22 79 93
2 84 49
19 86 63
71 11 66
13 57 33
71 5 81
3 54 11
75 79 30
26 17 77
6 8 16
29 73 23
21 86 10
37 29 98
10 76 14
20 63 44
56 73 44
86 39 93
98 41 35
49 25 22
62 82 65
0 97 48
96 35 14
35 8 42
58 38 94
40 75 10
32 68 30
69 82 71
34 40 15
71 87 95
99 94 25
25 29 67
40 42 80
32 57 59
96 20 64
82 64 39
74 32 24
81 58 70
79 52 77
29 41 19
70 17 18
99 59 92
16 92 96
48 28 5
55 25 41
3 87 50
8 77 83
25 35 93
72 76 68
23 41 57
18 77 53
16 36 84
91 84 39
59 0 51
56 45 85
16 96 4
22 16 63
51 8 88
98 86 99
74 63 20
23 5 8
82 83 48
44 51 45
55 34 34
92 95 7
37 90 57
70 19 90
99 75 58
67 30 9
77 0 4
27 12 4
92 92 35
1 83 34
97 56 2
47 7 88
84 98 78
64 35 82
10 66 70
60 51 14
79 8 34
88 74 91
49 6 51
44 6 33
22 3 32
91 74 15
25 75 51
71 52 0
62 71 47
71 19 86
5 84 37
70 1 13
21 40 31
66 97 78
40 68 92
71 99 87
14 45 80
2 60 83
63 95 77
46 0 40
0 85 17
37 25 34
39 92 91
27 16 75
12 16 54
45 41 23
41 74 10
59 7 29
65 37 60
94 23 66
23 4 12
52 54 4
63 54 19
95 42 14
28 16 11
17 48 43
7 10 11
42 19 95
49 10 83
15 27 27
57 14 65
21 90 49
27 25 39
3 14 41
51 15 19
19 40 90
29 11 79
38 88 7
56 80 6
78 34 20
20 20 7
97 23 67
15 79 19
83 41 37
66 65 81
37 98 83
20 18 7
49 27 98
50 13 32
20 97 35
39 0 84
59 58 79
69 97 88
49 70 19
60 39 46
71 65 6
78 79 69
79 50 54
61 70 71
66 32 23
53 84 85
39 89 58
2 70 58
34 72 58
42 66 24
22 79 35
37 8 47
36 85 58
23 36 15
74 18 92
45 51 65
39 49 16
32 42 16
80 57 82
92 25 94
59 40 61
81 43 98
45 2 88
78 31 42
33 88 63
44 49 48
78 2 2
31 8 29
18 31 72
90 81 24
16 91 6
89 42 32
46 22 25
17 76 81
82 54 80
55 0 12
99 66 12
42 20 96
79 1 76
30 65 34
46 80 14
19 76 18
26 51 72
48 56 2
6 60 45
38 28 32
3 5 22
10 8 21
45 71 73
22 43 89
42 10 85
29 96 27
68 67 85
95 62 55
44 5 92
36 11 16
10 53 81
67 21 91
99 44 6
66 32 29
37 49 72
33 98 88
53 93 49
13 21 86
41 17 51
81 81 31
65 84 26
55 27 55
93 12 56
58 87 74
30 23 40
5 47 51
92 84 28
33 2 13
3 2 75
21 64 79
61 50 50
31 68 81
37 45 72
16 92 5
88 52 46
55 23 39
45 78 52
6 47 87
13 30 44
8 46 74
26 38 83
30 42 98
38 37 33
61 61 49
7 78 58
20 73 97
77 72 84
31 47 39
24 32 85
82 61 7
44 3 81
39 54 47
90 42 2
99 30 16
96 48 94
64 26 23
11 60 34
9 34 45
40 65 80
85 34 96
62 38 57
46 69 27
35 90 9
2 17 16
80 41 97
6 1 95
29 68 24
58 12 11
32 76 22
54 79 53
12 95 7
75 43 9
88 84 55
63 85 17
31 73 23
37 2 64
38 37 99
91 16 22
46 62 40
84 99 29
33 15 25
20 91 48
49 5 55
50 61 69
88 41 31
93 81 20
75 31 42
72 18 88
65 18 46
0 76 62
94 99 60
35 51 98
48 2 41
84 38 37
33 68 78
51 27 1
88 95 88
37 36 84
1 75 63
16 1 38
76 2 9
31 58 60
30 12 82
29 14 97
57 12 24
75 82 0
94 42 12
14 72 9
42 50 51
69 78 61
50 11 67
18 66 13
23 89 75
48 19 6
91 61 87
43 27 13
72 26 38
33 33 79
86 37 72
73 21 51
52 18 54
91 43 68
79 52 76
71 10 67
58 16 44
46 1 39
50 4 54
84 32 33
16 0 61
85 54 65
21 72 98
0 46 5
6 58 47
13 55 33
54 15 13
7 0 75
98 83 88
41 95 92
17 77 55
65 14 73
38 48 75
27 81 71
58 79 63
0 43 31
90 90 69
66 85 62
36 84 54
83 10 57
51 64 97
33 69 56
30 66 30
22 77 97
99 1 9
54 99 13
19 30 39
4 23 14
22 4 9
21 64 89
78 0 77
5 27 24
39 11 48
7 70 92
27 46 41
15 91 96
43 17 86
81 11 75
16 65 70
15 91 95
53 1 12
5 87 37
5 85 53
28 30 10
68 94 9
17 49 53
61 46 76
49 26 23
55 39 97
64 8 11
52 2 71
47 89 85
47 58 77
47 30 60
96 32 15
41 16 83
53 77 60
90 81 35
28 90 99
31 88 60
45 39 22
69 2 50
90 78 99
54 64 65
94 27 90
13 92 30
45 17 51
67 55 17
76 16 24
90 87 37
36 51 36
53 59 89
32 54 95
94 12 59
31 49 99
95 86 73
25 90 39
41 42 86
7 46 88
15 54 34
36 17 26
51 58 91
9 35 6
31 21 57
18 78 12
30 71 24
50 7 87
21 76 94
55 70 28
35 14 24
8 70 87
15 48 77
59 50 15
77 79 70
52 86 57
85 97 31
30 51 1
85 25 5
28 38 57
48 66 88
92 68 80
47 76 40
84 78 8
78 16 93
25 90 42
27 41 20
47 83 38
37 3 60
8 63 30
17 4 68
60 93 75
73 43 55
16 51 20
20 59 21
77 6 34
22 17 3
72 39 28
74 28 22
51 69 19
84 2 76
26 64 34
68 47 38
35 85 54
84 51 78
3 79 62
49 30 3
19 12 86
39 68 84
49 44 72
67 52 37
42 67 26
18 85 71
53 17 72
0 31 17
24 88 75
85 96 31
16 1 82
37 50 77
35 8 27
36 58 83
8 65 2
2 83 11
30 83 69
16 99 61
14 26 45
33 21 58
36 53 37
64 93 59
31 10 81
12 17 54
62 71 70
68 76 52
82 59 13
98 65 95
29 98 14
46 42 51
73 76 18
32 7 19
34 23 57
16 74 99
34 89 64
20 86 11
30 73 22
37 43 73
68 33 10
90 14 45
73 53 79
6 0 76
59 55 79
62 61 52
94 62 55
94 14 77
7 33 6
94 48 21
61 63 52
28 75 57
95 14 75
22 5 7
96 35 12
69 17 18
9 61 28
13 51 27
32 42 18
29 52 87
98 64 55
42 81 18
65 36 58
44 68 24
68 50 37
30 68 30
53 35 99
57 66 84
84 77 7
64 95 78
19 26 88
75 54 14
1 74 64
37 52 36
31 19 40
96 40 33
14 5 70
75 28 24
30 16 77
26 88 97
30 69 1
31 14 8
36 53 95
66 19 63
40 90 45
45 25 76
22 8 46
69 95 72
65 5 72
38 3 59
7 79 83
35 55 96
16 80 22
49 55 1
73 88 80
34 94 38
37 96 88
68 66 27
12 51 36
19 76 17
70 34 9
20 65 88
47 76 42
29 23 39
24 81 35
13 44 79
86 3 96
35 52 96
45 17 63
62 46 76
93 19 67
12 28 42
8 58 47
80 42 98
40 72 10
22 63 90
94 27 47
80 60 12
86 21 51
73 36 29
60 21 40
92 98 41
31 68 32
80 13 85
96 7 51
64 15 90
60 29 23
96 63 55
32 70 59
16 5 69
35 34 34
34 74 45
13 2 61
14 4 37
69 45 36
12 97 5
85 92 49
37 27 98
73 9 70
65 17 16
76 16 93
77 48 80
9 85 1
22 8 49
60 28 22
60 96 13
4 29 24
62 28 22
58 28 78
86 5 96
3 33 59
25 24 17
48 78 43
74 5 67
54 99 15
56 43 85
74 78 31
59 5 7
46 40 49
95 70 52
55 95 49
27 99 16
70 56 53
91 44 7
67 41 68
53 39 96
67 41 65
21 27 32
55 75 39
56 90 27
38 73 30
16 76 82
34 23 60
47 53 75
60 39 60
86 8 36
35 87 53
91 51 62
7 25 86
76 12 16
16 27 71
59 81 44
50 14 91
89 88 55
53 3 40
36 1 8
64 79 6
22 96 36
95 14 78
77 60 8
34 98 87
34 55 93
73 30 26
15 76 85
67 17 64
10 17 23
4 72 81
1 56 65
43 67 25
67 35 17
87 13 82
34 38 85
57 82 66
61 38 84
73 88 94
68 34 28
29 33 63
83 2 78
30 96 29
18 5 84
70 69 50
58 41 98
69 80 62
16 99 2
33 62 88
67 32 26
41 35 19
2 29 57
78 28 42
75 42 88
55 43 84
46 77 4
73 33 27
20 71 78
39 71 9
46 0 41
67 18 84
72 82 38
20 64 59
71 38 59
61 30 65
36 38 87
72 2 18
71 39 28
14 38 84
65 35 36
57 13 12
37 49 16
68 60 77
66 85 63
66 0 47
33 13 73
66 60 71
43 4 88
40 97 72
96 84 75
65 66 50
98 81 46
46 54 47
1 31 59
27 30 65
66 12 21
93 67 81
61 6 26
92 61 31
51 9 88
58 79 70
97 87 98
41 72 47
69 16 19
0 16 61
94 55 4
17 25 5
83 21 6
63 90 0
19 77 19
84 25 4
17 79 21
20 4 33
68 22 86
71 1 18
3 7 66
36 33 35
63 69 78
23 26 34
90 82 32
43 22 96
61 20 44
15 11 19
1 65 0
33 9 81
38 72 31
35 57 61
78 26 19
31 80 9
28 51 72
73 26 21
24 28 67
87 33 3
60 97 30
22 33 0
26 39 20
31 82 69
59 73 21
75 3 34
96 34 48
35 22 0
35 30 61
36 46 74
54 32 33
14 2 61
25 28 61
38 87 7
85 64 45
49 58 99
74 23 27
32 15 7
65 11 22
77 66 20
18 0 21
17 37 16
3 17 64
68 44 66
7 47 75
76 71 78
44 3 89
40 22 93
28 68 78
84 62 7
87 76 3
14 77 85
88 16 19
94 41 13
68 41 69
49 25 97
0 18 2
36 9 65
99 90 51
90 43 62
86 81 54
61 94 76
63 87 69
95 18 38
14 38 85
39 40 85
62 73 16
37 2 61
64 53 18
31 70 2
62 93 51
43 18 51
19 49 74
54 28 78
82 50 31
87 73 89
2 2 11
29 34 63
22 76 96
8 28 91
17 5 94
56 31 77
47 41 21
38 37 1
53 46 71
76 1 29
40 90 47
18 32 64
22 27 33
47 81 38
43 15 51
68 22 38
88 10 62
99 56 65
13 12 16
32 67 97
31 70 43
28 41 19
97 45 9
94 9 52
95 96 59
20 12 84
24 75 53
8 89 27
76 37 31
82 21 7
77 71 87
14 53 31
67 30 95
69 99 89
86 80 55
44 53 48
68 1 49
27 38 57
66 11 55
21 87 15
19 97 4
28 86 72
89 82 32
90 61 86
3 69 50
74 53 33
4 9 9
73 54 95
14 27 44
65 80 25
47 77 42
88 66 28
62 54 90
30 33 9
99 83 84
28 16 77
