76 78 68
47 13 95
50 47 79
66 21 11
45 44 75
35 69 84
85 8 56
33 71 56
69 11 91
36 12 90
70 22 9
73 77 15
36 55 5
0 53 44
22 61 39
64 92 34
67 83 66
48 54 85
63 13 87
48 87 52
44 62 62
23 23 34
27 62 73
0 43 45
73 1 62
76 63 37
16 85 63
12 28 75
98 14 8
10 88 92
80 67 49
28 60 76
64 58 45
56 53 87
86 92 77
57 17 39
16 36 48
8 96 98
79 36 14
18 31 69
20 67 95
21 27 15
19 68 95
24 10 10
49 89 52
43 89 23
66 23 72
80 37 26
47 42 81
10 71 8
75 11 92
67 88 43
98 40 80
68 29 21
79 55 90
48 91 39
65 16 15
79 40 21
71 30 19
97 34 84
27 79 1
96 62 64
5 93 8
98 54 44
16 31 54
56 33 75
16 79 31
87 63 54
98 22 21
67 89 42
6 45 97
13 42 43
15 28 16
62 0 62
76 68 77
84 89 65
64 50 72
89 67 53
58 91 36
37 17 80
43 51 21
47 90 50
37 25 75
30 92 62
84 88 71
92 59 90
88 77 46
54 46 89
73 55 20
55 22 16
10 13 61
13 91 76
0 30 77
18 10 95
35 60 23
39 40 49
94 28 84
63 80 41
95 20 21
53 46 89
9 7 61
15 70 96
64 20 65
46 15 68
37 20 27
85 8 61
41 92 55
21 61 40
68 49 67
41 65 50
84 93 74
82 95 68
69 42 45
73 41 16
91 80 14
58 59 85
83 53 67
2 37 99
74 53 18
40 93 3
46 74 11
30 67 82
80 78 2
94 31 79
65 11 89
11 76 15
41 63 63
76 99 67
21 58 73
81 36 29
47 29 12
58 59 40
71 51 73
47 12 67
48 21 65
17 11 53
45 41 81
9 90 95
91 9 61
32 11 94
30 15 2
40 49 17
28 51 2
93 80 13
62 8 46
90 71 45
64 86 70
45 13 91
82 40 31
96 11 53
29 6 1
85 11 58
43 94 26
83 6 53
84 88 80
18 58 78
9 78 5
46 50 70
48 89 41
92 32 71
0 83 2
58 17 11
89 78 45
21 10 42
24 83 88
25 93 84
22 32 69
57 58 79
83 78 5
35 15 24
63 81 71
13 42 96
78 56 88
70 33 21
87 74 1
41 41 90
32 86 61
78 43 19
52 47 90
78 39 18
6 16 3
73 86 57
99 82 99
17 72 95
4 46 1
43 94 56
8 33 37
36 26 75
66 52 14
82 39 31
99 83 0
38 13 4
66 87 73
47 89 54
71 96 82
95 66 16
5 62 66
59 14 85
26 64 37
74 82 61
32 12 93
40 61 52
30 60 74
58 68 97
5 28 74
61 0 63
77 97 34
86 93 76
89 60 70
70 38 21
11 86 61
71 2 67
33 85 61
42 16 45
74 34 98
0 30 79
45 62 63
5 46 97
31 21 38
19 50 9
68 25 7
31 17 27
49 2 94
74 98 65
48 58 9
63 86 67
45 41 94
0 19 1
24 26 58
73 99 66
4 16 2
34 10 91
89 65 55
68 74 38
29 69 16
75 10 78
80 78 17
56 50 99
88 54 94
40 32 34
95 42 81
70 96 42
69 79 4
80 75 78
57 75 17
95 18 18
24 26 35
45 77 7
75 73 35
96 52 39
54 11 94
10 51 84
27 81 50
55 55 33
65 83 67
5 93 10
96 30 86
7 15 0
95 30 83
97 55 44
76 65 35
27 88 36
45 48 17
11 85 40
13 10 60
45 86 39
1 30 29
30 53 3
93 68 47
56 51 34
87 50 65
30 91 64
63 27 9
39 48 24
66 45 73
70 27 19
65 86 68
22 30 20
46 66 60
75 10 76
56 15 43
81 94 67
85 85 76
75 59 90
21 53 99
31 63 84
68 31 21
49 76 7
53 45 90
74 75 17
49 40 26
80 68 55
64 11 14
15 79 33
26 70 0
44 52 15
2 81 2
80 0 68
49 82 98
82 90 65
26 23 32
74 32 97
60 16 37
75 40 16
38 53 4
57 5 88
7 80 10
23 76 84
67 88 72
19 93 30
39 63 86
25 63 36
88 26 23
33 47 24
32 65 18
56 98 29
26 8 35
58 51 94
81 55 66
92 12 51
95 36 82
77 42 19
94 80 49
35 13 82
67 52 85
22 60 75
81 42 20
61 16 84
28 88 65
8 45 89
32 52 0
13 70 9
9 34 36
64 74 36
95 27 89
93 20 92
70 94 36
28 17 36
27 88 62
7 63 72
3 76 64
91 82 13
49 16 65
17 84 60
41 49 19
96 70 51
31 71 17
61 24 10
94 17 95
45 39 96
20 74 92
66 77 78
51 51 36
77 76 73
21 34 66
3 43 85
78 91 87
89 55 93
95 15 6
40 95 3
79 76 75
49 14 70
45 44 81
54 51 32
21 49 45
22 89 36
98 63 67
4 25 50
96 38 82
63 27 8
24 83 87
8 79 10
92 18 91
86 61 60
87 28 19
90 87 46
70 1 13
74 31 18
44 68 53
73 4 42
59 34 72
73 54 21
53 78 12
68 48 74
62 50 13
90 7 55
67 11 42
75 11 90
57 58 82
18 88 61
43 62 47
11 44 95
66 16 37
80 67 61
91 7 57
34 70 15
72 25 20
36 79 57
50 14 8
64 33 21
31 54 3
14 78 30
75 74 17
23 44 43
45 65 51
94 29 83
40 18 78
20 46 77
64 49 17
65 7 49
19 69 33
82 70 43
99 63 69
79 72 14
56 55 34
37 32 64
36 83 59
74 36 20
64 22 66
82 1 44
36 82 28
94 67 53
96 46 86
41 65 83
21 26 28
16 85 64
75 77 69
33 11 85
23 88 91
61 90 34
48 29 9
75 60 95
39 80 94
66 11 39
44 93 37
15 13 7
43 28 43
97 35 78
6 42 84
45 14 68
78 76 67
77 41 18
14 42 91
58 16 84
31 69 86
30 14 89
84 75 6
82 77 74
88 88 76
11 63 71
78 78 20
10 97 25
37 96 99
84 53 50
32 77 53
62 7 47
43 63 63
12 91 67
57 92 36
68 98 36
40 94 78
67 76 37
59 76 41
16 30 75
28 79 5
93 41 86
48 77 8
27 74 42
95 29 77
47 78 6
49 9 95
57 58 85
56 39 76
5 94 67
85 33 17
46 91 94
27 77 8
19 70 34
68 93 74
6 34 36
17 85 58
9 86 31
50 88 44
98 69 48
60 21 76
25 26 8
97 26 48
57 18 12
19 88 37
26 76 46
73 41 17
18 86 63
78 79 99
57 94 82
65 11 74
68 27 7
72 98 78
46 2 90
42 90 4
62 14 79
14 74 94
86 84 75
2 28 75
21 75 93
56 76 13
65 35 48
52 38 25
18 30 61
93 14 50
75 4 43
96 11 50
65 18 34
50 84 98
40 88 53
91 25 20
13 32 55
31 10 98
57 10 32
69 10 92
57 66 97
88 76 51
45 66 50
44 31 40
18 93 27
61 42 75
62 21 66
68 2 38
60 12 48
40 68 83
32 70 80
70 33 57
20 9 41
0 29 53
54 56 30
90 86 20
26 82 93
67 26 14
99 44 87
73 48 88
26 77 93
18 89 60
24 78 15
17 79 29
28 88 64
42 51 22
40 98 2
91 35 79
38 93 4
36 58 3
16 78 32
10 6 60
47 8 51
42 93 27
71 86 60
19 85 62
91 73 42
92 19 91
35 10 1
91 85 16
33 63 15
4 28 76
80 67 55
13 29 74
71 21 17
96 98 97
32 15 86
64 56 86
80 93 66
94 33 21
5 23 69
68 47 74
77 97 67
22 9 40
38 94 6
97 71 50
10 35 36
40 70 83
27 82 97
25 76 45
57 49 32
27 81 88
88 71 44
75 75 98
53 93 42
82 76 1
95 35 26
34 71 52
51 34 50
63 13 34
28 79 4
95 7 51
68 81 75
2 30 27
98 96 95
47 45 71
82 11 58
72 25 10
44 69 47
50 86 54
75 79 67
39 71 82
12 70 93
45 77 42
26 89 34
44 18 89
34 21 39
29 33 4
65 45 75
56 65 98
51 7 90
67 38 0
16 26 17
80 10 80
44 96 58
34 13 93
47 16 69
8 87 91
35 86 25
77 77 18
40 62 0
79 40 14
7 43 90
44 89 57
33 14 90
79 68 52
41 18 43
98 96 2
48 70 8
73 99 81
4 29 77
56 38 77
57 53 89
77 77 15
67 73 38
24 30 27
64 2 62
39 50 24
9 83 32
18 25 28
81 75 1
88 14 51
94 19 16
67 38 11
78 51 95
18 39 40
5 33 34
95 39 83
19 24 31
75 80 68
17 28 13
91 67 55
34 13 3
16 31 55
83 73 3
20 79 90
67 99 41
3 93 4
85 63 51
55 60 87
74 58 92
60 3 89
56 6 33
36 18 76
20 49 35
69 26 80
70 8 93
68 84 65
59 21 32
29 34 3
39 61 99
64 89 73
13 72 95
4 56 22
16 30 14
37 79 98
69 96 42
63 79 42
65 59 46
43 62 49
50 41 74
21 30 25
55 3 91
74 47 90
28 82 3
34 57 98
3 55 66
39 69 56
68 89 71
39 90 65
96 33 25
95 23 14
54 56 29
0 17 5
13 69 4
49 76 10
95 52 49
18 76 83
88 23 16
72 95 36
42 52 18
6 91 72
42 87 5
57 83 92
58 45 28
45 92 38
73 2 65
86 10 62
4 29 78
92 67 56
82 97 68
63 57 85
95 35 83
49 48 81
21 42 45
50 34 4
74 41 15
77 73 47
37 58 2
54 53 33
47 75 12
70 98 12
70 78 46
78 1 44
32 65 16
95 31 24
70 9 92
97 62 68
4 77 65
91 28 20
24 26 8
76 96 39
92 15 50
45 17 89
95 20 16
79 77 0
61 15 13
36 72 54
18 84 57
57 3 47
83 56 70
66 10 88
38 83 89
33 69 16
65 87 72
73 2 62
53 97 27
5 64 68
21 27 12
21 95 34
20 69 34
98 9 30
8 89 75
71 28 81
47 75 6
58 66 97
55 78 58
25 25 57
61 6 45
24 77 95
62 89 73
66 46 70
3 90 81
21 28 16
35 72 10
69 94 73
83 90 66
41 66 62
94 58 71
30 59 76
3 0 6
69 20 11
9 21 72
90 0 30
25 60 75
73 81 60
39 64 49
76 57 89
78 69 46
40 28 40
5 92 81
96 97 95
83 76 1
49 22 66
94 56 72
80 59 69
24 62 37
93 19 20
38 59 23
27 78 3
3 54 44
24 98 82
60 4 56
62 15 35
5 44 95
42 93 53
29 10 98
87 62 58
58 4 90
15 27 75
73 1 68
38 30 30
99 91 91
3 34 37
27 81 2
69 36 12
93 32 70
21 88 38
52 91 46
99 27 53
30 70 86
64 12 10
69 97 41
63 45 71
5 56 20
29 52 1
48 50 91
63 21 65
36 62 52
77 5 43
32 54 0
39 81 2
60 10 49
39 89 67
63 33 75
13 9 72
82 7 54
73 34 99
19 26 23
14 40 43
57 79 40
78 72 48
84 91 77
77 11 91
74 58 96
39 69 85
76 45 60
99 89 97
0 0 6
56 98 14
35 68 15
93 31 24
7 33 38
39 29 35
64 77 71
18 47 5
17 79 36
96 30 26
35 73 55
21 30 68
51 67 47
31 18 76
61 90 4
12 10 61
1 29 77
9 43 95
74 35 17
84 74 43
6 93 0
64 81 42
51 67 46
45 10 95
57 50 93
25 73 99
11 76 9
73 87 62
94 9 61
41 30 36
41 48 20
55 58 83
76 40 63
19 54 20
85 91 76
21 86 90
83 12 58
10 84 33
82 37 29
59 48 75
28 82 49
66 12 42
92 53 46
36 27 28
69 28 20
32 70 15
56 48 91
73 58 97
94 26 88
88 73 3
72 71 34
33 64 83
93 12 52
23 0 84
36 59 24
36 81 97
18 48 7
71 7 94
75 31 97
66 36 15
15 89 69
14 42 41
51 42 72
94 41 60
96 97 99
45 93 51
64 76 77
81 71 13
80 38 29
49 50 92
42 88 7
3 44 99
16 71 96
72 60 99
59 11 49
21 87 91
3 56 67
10 41 58
45 58 8
62 44 77
42 86 57
73 36 15
38 97 0
88 75 1
45 45 68
19 67 94
66 39 1
86 74 51
16 88 70
73 33 95
2 93 2
10 68 8
45 76 39
27 72 1
66 78 74
27 79 96
74 37 19
88 64 55
88 90 76
72 86 58
37 56 96
87 77 52
82 76 3
12 79 25
99 14 4
52 53 39
22 93 32
61 11 33
37 83 26
64 97 56
49 33 3
32 11 25
50 44 50
39 1 94
1 44 44
64 9 45
68 38 99
57 27 8
69 98 59
26 13 38
9 1 23
33 63 84
44 48 15
6 39 83
65 26 15
14 58 2
91 12 52
87 88 73
32 17 86
30 14 88
16 87 77
91 86 50
54 98 29
44 84 56
36 80 7
27 91 34
40 39 48
36 82 7
98 27 29
83 62 67
5 90 79
66 8 49
46 50 73
10 84 32
62 16 34
86 74 46
31 54 99
38 48 25
60 91 35
89 58 92
89 72 98
35 18 26
55 9 87
62 81 71
73 97 77
85 31 18
44 98 0
86 21 14
62 52 85
92 29 19
0 49 43
68 32 57
67 93 75
79 10 81
84 31 17
11 12 61
68 50 67
64 46 77
5 99 25
72 35 0
69 80 42
37 66 82
46 31 28
95 23 16
6 54 26
26 89 35
91 88 52
11 83 57
61 43 76
74 84 61
80 66 60
33 68 81
38 80 6
58 15 84
30 86 64
44 97 94
4 94 68
46 11 94
95 18 94
51 99 96
71 77 45
61 97 67
20 29 24
7 90 74
76 5 42
77 51 93
17 12 11
20 53 21
89 87 19
57 77 13
95 54 47
7 41 85
70 98 40
28 73 43
9 43 92
0 33 82
60 16 11
71 98 80
54 19 50
45 94 97
33 17 27
13 29 69
82 13 58
3 59 67
74 43 60
84 9 58
53 51 90
40 54 4
69 57 83
1 48 42
53 26 10
15 27 16
97 69 29
49 59 25
97 88 99
78 59 90
99 28 52
8 26 79
10 88 37
68 33 21
18 95 28
54 50 98
13 10 76
50 15 64
22 87 39
3 80 11
4 53 68
34 13 82
21 31 67
48 19 61
32 44 24
1 24 23
67 82 45
89 23 17
41 83 6
9 72 96
16 42 93
99 51 42
57 37 75
80 9 32
94 30 81
55 9 94
43 95 7
43 80 45
47 97 98
9 5 51
76 66 34
59 14 11
58 5 33
0 54 50
71 68 33
49 64 56
51 19 64
35 17 25
35 80 57
72 20 17
51 50 81
36 84 86
17 76 95
52 35 52
49 86 51
57 82 42
97 47 85
73 59 99
19 30 71
38 70 84
51 51 26
58 12 32
8 16 0
28 74 41
74 61 11
21 95 30
47 71 8
81 2 68
10 51 83
0 41 82
9 64 70
25 14 37
77 56 97
39 89 53
67 23 15
29 19 36
10 93 1
23 27 12
95 54 48
22 93 34
61 43 74
46 77 43
34 72 54
8 79 11
43 9 47
13 70 94
48 48 11
94 19 20
43 75 95
9 50 85
7 48 85
64 96 67
45 49 72
32 12 95
78 71 45
67 18 14
17 87 61
4 57 25
14 38 46
35 67 85
32 63 83
16 73 95
22 84 76
3 15 2
41 53 18
28 77 82
10 77 14
57 10 87
60 19 33
3 56 25
87 17 0
83 76 5
44 67 53
71 99 70
18 86 58
63 50 13
10 93 85
10 80 19
91 71 46
5 77 65
16 88 61
48 6 88
31 58 90
6 26 71
6 82 58
66 38 14
35 22 23
93 68 52
37 31 67
24 15 36
45 49 14
54 8 88
26 50 3
39 81 93
73 96 76
78 60 14
5 61 67
33 7 96
49 60 26
14 34 59
41 66 49
36 42 56
85 64 56
53 36 44
49 18 65
51 70 11
60 7 48
89 15 52
39 71 84
13 33 12
64 98 65
19 95 34
54 24 18
37 15 79
36 83 85
97 56 43
74 76 16
0 49 41
61 2 89
61 33 74
74 2 43
60 10 45
66 37 10
34 86 26
69 34 11
43 66 61
29 77 8
39 27 29
12 86 64
79 66 56
38 40 48
17 92 28
95 89 54
75 42 64
15 79 28
4 58 68
68 90 71
64 8 47
5 17 2
50 70 10
62 89 3
51 14 95
61 76 41
45 10 96
70 97 73
79 39 28
26 8 75
90 24 21
95 29 52
84 11 64
34 87 59
50 60 25
41 29 33
43 3 71
41 64 87
87 61 59
94 36 27
10 67 7
17 68 94
31 11 1
75 74 67
11 99 26
70 26 15
77 90 86
94 53 49
64 13 89
98 28 53
47 77 7
34 67 84
86 74 42
23 59 39
7 65 69
43 68 54
82 74 7
65 84 63
33 13 83
36 19 25
14 27 15
57 24 12
90 22 18
6 40 83
35 16 83
7 89 75
11 70 95
76 9 77
34 12 2
97 33 80
81 68 43
91 7 54
71 3 37
62 13 33
42 29 35
69 86 64
99 6 89
96 6 51
38 15 73
21 90 37
13 41 42
11 28 76
42 50 25
97 88 98
14 13 8
30 13 80
61 38 47
31 15 97
92 79 48
75 84 85
44 75 83
88 86 13
78 81 98
27 78 95
29 17 2
35 83 60
73 26 10
97 52 66
47 46 71
5 19 2
33 86 60
42 75 41
7 29 81
77 48 92
38 22 23
77 63 36
35 75 55
4 24 70
81 10 32
80 52 52
33 74 16
92 41 86
17 12 94
68 88 43
28 80 2
34 23 31
33 17 57
6 77 66
81 67 42
19 77 95
80 65 49
9 31 80
47 90 94
72 56 19
95 70 47
30 62 16
90 27 87
12 8 56
3 38 0
74 10 89
76 27 73
80 98 42
11 40 58
37 80 57
52 94 41
72 4 40
96 32 81
27 53 98
75 36 14
78 9 79
95 60 68
12 70 5
21 30 19
23 82 89
2 39 97
76 54 21
93 70 47
76 93 38
66 33 7
90 54 94
44 70 53
47 72 9
81 78 75
33 64 20
13 37 56
16 8 74
70 51 74
65 39 13
30 17 59
99 26 48
95 68 50
1 0 6
41 17 45
98 91 93
73 54 4
78 3 42
56 52 86
68 1 40
33 73 53
32 55 2
28 55 55
66 43 69
48 61 26
18 76 94
69 50 73
28 83 99
62 39 50
40 69 57
23 88 37
42 25 34
67 57 84
95 34 20
55 54 31
44 28 57
44 85 4
92 52 64
71 94 78
54 50 89
2 42 85
16 40 43
34 21 30
34 65 83
46 11 49
40 68 58
14 9 56
81 76 73
54 24 16
31 74 10
33 71 81
16 29 69
25 27 12
51 91 87
25 8 74
36 17 2
33 63 89
58 67 98
39 83 25
90 75 41
67 80 4
20 30 22
80 69 86
19 46 21
64 86 69
31 71 81
19 59 76
8 88 74
33 15 79
5 80 12
8 21 70
97 67 71
40 50 25
52 98 96
47 9 96
77 68 45
61 2 91
93 67 55
30 15 81
88 87 74
88 75 44
41 64 64
37 34 67
62 5 48
55 38 74
68 25 8
91 88 51
85 41 71
32 18 26
45 38 93
71 88 64
95 89 53
92 86 15
65 76 38
15 97 28
26 61 74
81 77 2
93 8 53
12 6 73
47 43 73
72 99 80
27 1 51
75 76 74
47 89 40
24 79 88
7 80 55
90 6 64
82 60 72
64 36 16
20 95 32
75 94 38
41 27 28
88 90 71
83 71 5
0 30 82
49 48 94
42 51 43
66 80 67
27 71 99
13 99 28
97 69 28
86 86 72
30 15 84
57 3 91
14 87 62
94 29 85
37 81 97
35 11 84
64 54 85
8 29 79
92 15 56
8 88 82
66 80 41
40 64 82
48 75 9
6 54 22
60 76 37
55 18 7
93 72 46
86 57 91
47 45 76
67 34 10
48 4 90
66 83 44
58 13 44
23 24 30
98 93 95
37 20 24
64 84 66
44 52 18
17 84 64
54 78 58
60 47 73
38 16 75
11 83 36
3 98 6
65 54 84
74 29 72
57 52 88
87 75 43
18 89 89
94 17 21
13 36 57
59 15 38
13 7 73
81 15 58
58 27 14
81 66 50
47 3 89
90 80 15
2 47 99
46 9 97
32 63 86
41 67 86
88 25 22
14 32 13
88 77 44
94 66 15
67 10 40
66 35 10
81 8 53
74 3 42
42 30 35
84 91 72
21 45 76
22 44 45
14 7 54
66 79 43
70 38 0
67 34 9
86 92 69
59 77 14
32 14 98
69 39 1
66 6 81
5 63 68
88 89 69
76 61 94
34 16 78
79 79 17
19 78 96
93 28 86
69 89 70
51 13 8
30 66 16
89 73 44
67 82 76
45 69 53
99 45 46
7 66 68
91 61 89
3 41 81
53 51 86
25 97 82
45 30 25
95 71 52
46 91 49
86 41 68
56 16 6
67 85 44
64 74 41
4 48 2
45 87 40
41 43 94
75 60 12
33 65 15
21 54 0
16 42 69
62 77 37
48 81 37
14 50 37
83 97 14
72 76 16
7 22 69
8 49 86
29 59 92
53 54 39
89 8 63
39 79 0
60 32 75
15 31 60
60 24 8
37 47 23
58 48 93
42 52 42
91 82 48
30 20 37
9 95 96
15 9 56
33 98 82
49 90 45
31 59 20
44 8 46
25 14 40
8 20 69
32 14 87
46 48 73
51 34 4
10 82 68
75 70 77
46 78 92
27 10 38
14 30 60
40 5 50
12 98 27
89 71 44
57 48 33
40 80 0
64 10 49
53 52 34
74 59 0
72 55 96
54 51 80
83 63 54
6 91 70
5 91 71
41 96 26
58 75 16
91 85 14
18 39 51
17 79 88
88 11 52
42 67 56
57 74 18
7 94 98
45 91 84
79 70 55
92 55 46
48 96 97
79 2 43
86 83 69
67 75 3
91 26 88
70 32 18
42 11 18
71 99 12
52 84 39
22 75 94
79 73 47
84 52 66
82 92 74
47 49 12
1 1 7
45 16 70
78 51 92
33 58 4
22 23 7
36 67 83
59 46 72
38 14 3
73 86 61
35 32 66
20 54 88
80 38 30
3 84 82
94 65 66
78 55 69
69 26 13
18 45 35
79 56 68
44 28 42
89 15 51
95 59 69
94 20 93
61 55 51
36 33 66
61 29 7
82 88 75
95 49 69
86 60 61
50 14 7
36 87 63
51 41 73
71 26 14
6 94 68
20 68 33
99 24 47
41 85 58
33 76 54
58 57 78
49 94 26
52 49 93
12 17 83
57 77 10
38 67 55
65 97 66
65 47 71
87 63 59
66 98 68
34 14 91
45 92 50
97 95 93
78 32 28
32 29 4
9 80 10
77 79 2
66 13 39
94 73 50
77 51 94
51 91 47
2 0 7
41 16 77
24 54 99
37 15 4
11 11 61
32 75 16
6 41 55
10 78 23
12 8 73
2 17 4
72 4 92
36 15 75
40 73 83
14 80 32
29 61 22
32 8 3
50 59 26
52 52 38
69 88 71
57 17 10
79 38 13
51 8 95
62 3 88
56 0 14
64 50 71
66 41 16
58 53 87
64 83 63
94 55 47
0 92 98
23 25 13
43 0 92
11 88 33
59 23 10
4 46 47
46 16 70
92 18 21
81 60 68
48 8 48
56 77 57
92 10 57
70 73 38
74 70 34
64 8 41
96 48 85
64 36 20
81 72 0
54 22 14
38 82 3
43 25 29
31 14 80
66 46 67
17 86 62
59 6 32
67 96 77
97 39 81
62 15 85
53 68 9
4 62 68
68 46 76
51 56 25
34 12 84
21 26 14
32 69 83
77 63 90
4 93 66
85 11 63
9 73 96
40 30 36
72 5 41
80 39 24
67 15 38
16 59 3
7 96 6
73 93 36
68 32 10
35 10 83
55 56 83
83 60 69
44 93 53
18 6 73
90 7 63
17 78 31
87 15 39
84 90 79
60 37 72
86 49 61
67 21 10
65 96 64
87 55 94
68 44 72
97 19 23
72 40 17
44 80 7
78 35 26
52 57 26
38 47 26
5 27 73
96 36 82
8 96 99
32 0 84
41 20 53
74 0 67
16 27 19
72 97 81
43 88 5
8 1 40
99 91 90
50 41 76
22 86 92
62 36 72
28 76 47
97 72 32
12 78 23
68 25 6
1 89 94
8 94 97
16 31 76
48 91 48
49 96 28
18 47 35
76 8 77
88 77 51
18 45 93
99 32 80
61 82 70
67 80 1
62 94 56
42 52 17
34 73 53
79 89 68
79 39 19
98 31 26
7 1 9
74 35 20
60 26 12
73 39 18
57 77 11
10 76 10
10 77 8
70 35 20
75 31 98
12 37 58
17 32 54
72 0 68
30 19 79
54 50 86
60 16 12
94 13 51
75 48 90
45 66 61
33 99 83
67 80 70
60 11 47
55 15 7
76 41 17
32 70 17
70 25 7
92 18 23
66 15 17
87 72 44
4 93 99
27 81 98
94 79 13
34 21 28
7 44 92
12 50 85
32 12 99
23 30 19
31 59 89
70 99 79
17 30 70
38 33 68
60 11 32
49 54 24
90 86 47
55 57 30
79 67 54
90 80 48
85 85 73
7 26 78
42 68 47
24 8 42
77 95 63
91 59 69
55 25 16
14 31 18
89 96 80
40 83 6
8 42 85
94 22 15
14 80 27
31 76 16
70 26 18
33 66 83
96 40 83
58 11 84
8 79 4
48 95 27
89 56 91
61 18 34
46 49 11
71 2 61
54 51 31
8 81 18
35 13 80
8 44 88
33 7 19
79 96 65
41 12 19
23 79 15
66 86 67
62 12 51
49 39 24
75 28 73
99 29 51
98 33 84
31 30 6
75 60 99
99 49 42
41 51 18
69 48 75
85 86 75
70 82 67
35 71 15
68 81 44
47 47 74
83 98 78
41 24 66
4 98 7
0 52 47
17 29 12
72 46 59
61 40 50
44 62 65
91 7 62
10 87 36
36 98 2
57 99 13
49 73 10
81 89 69
79 56 70
57 17 84
28 78 7
42 65 61
81 41 24
60 23 9
35 9 26
25 97 85
98 74 33
16 89 65
63 38 49
74 96 78
53 8 92
74 58 95
71 37 0
55 51 85
78 59 13
75 53 95
43 30 41
61 53 84
27 80 95
56 14 42
23 77 84
91 53 63
93 40 75
96 35 76
0 44 47
15 74 95
88 73 99
9 81 17
74 88 64
52 9 96
9 79 12
45 89 39
12 30 2
44 76 92
80 40 23
27 70 99
21 60 39
47 7 89
75 4 68
11 86 30
40 92 12
87 13 62
42 29 40
60 1 87
64 49 72
65 16 36
79 68 50
20 96 33
48 42 74
57 46 29
83 68 84
94 6 37
87 18 60
78 58 71
9 5 50
74 87 58
29 18 35
8 9 61
42 65 85
0 46 47
26 14 37
59 17 84
52 36 43
89 33 81
41 49 22
33 10 26
9 87 35
4 91 4
22 79 78
62 25 7
46 75 11
90 31 80
51 13 6
37 56 94
18 29 73
70 53 74
37 82 63
3 91 5
20 86 90
85 50 62
64 11 87
2 83 3
74 10 92
73 96 78
33 69 54
41 87 26
72 84 68
87 70 45
27 76 83
63 12 13
44 3 86
41 17 78
51 97 97
32 45 23
80 66 58
55 26 10
61 25 8
11 85 56
50 34 51
54 56 31
27 54 97
6 94 8
41 29 40
71 94 70
0 81 0
52 50 26
37 79 56
51 58 27
41 50 24
58 36 73
46 45 75
13 89 57
56 27 9
65 44 68
95 58 64
55 14 8
71 24 11
94 31 25
84 8 57
40 64 86
85 74 1
58 77 14
26 61 73
42 28 39
26 78 14
72 2 70
50 13 69
91 77 0
9 90 94
80 35 28
10 27 69
50 76 11
15 78 87
88 27 21
31 31 7
99 53 44
10 52 84
38 87 64
66 83 67
67 55 84
57 85 91
25 15 40
43 8 48
78 8 80
89 25 88
27 82 94
55 50 33
95 50 64
74 44 58
25 25 8
18 28 20
92 52 51
99 33 81
44 26 28
92 24 19
45 28 58
67 40 16
90 28 21
16 43 93
73 35 1
64 9 50
36 18 27
15 79 30
49 47 92
86 91 73
69 98 35
52 41 42
11 71 95
56 54 25
13 34 57
62 1 90
25 27 11
48 9 50
65 49 72
24 23 32
70 71 35
89 88 20
63 56 84
41 50 17
11 89 56
86 76 51
89 86 18
16 11 11
95 28 86
67 99 37
59 12 46
72 85 59
23 97 84
89 51 62
74 57 96
9 28 78
25 10 11
44 78 43
50 68 10
12 63 70
69 83 66
97 73 49
77 49 89
73 75 33
0 20 99
44 25 55
72 0 13
46 90 83
76 69 76
62 32 74
37 58 25
10 81 20
50 64 56
59 10 33
67 11 87
72 86 70
8 27 73
81 54 51
88 51 63
47 46 77
67 98 58
33 12 92
98 28 54
12 10 72
16 80 24
29 62 19
70 87 63
12 98 25
22 28 12
15 76 94
56 39 78
4 47 98
26 52 0
39 96 2
31 70 83
6 78 11
54 35 44
7 14 99
78 41 16
43 63 61
27 77 92
57 21 51
1 91 99
57 6 90
78 40 20
67 80 74
68 35 12
64 81 39
33 61 88
41 26 38
39 17 43
27 5 53
98 88 98
57 9 31
32 30 5
51 75 7
69 53 71
46 67 59
73 37 19
76 73 1
42 85 3
8 95 99
41 89 37
76 79 71
73 11 90
37 41 55
42 87 57
9 89 93
20 34 65
68 40 2
61 57 49
49 90 47
84 82 70
73 1 43
41 87 58
44 91 38
34 53 1
20 7 61
21 24 33
0 24 23
83 74 9
20 29 18
50 72 11
6 32 37
65 78 77
56 59 86
32 32 82
87 62 54
66 77 75
42 67 55
55 84 92
32 73 9
65 11 43
75 75 15
48 59 24
95 28 79
14 26 76
90 34 80
68 75 37
10 28 79
28 83 49
72 98 68
65 13 85
35 79 0
57 16 4
93 24 18
72 29 18
39 18 77
70 22 17
5 93 69
30 64 16
97 98 0
93 82 15
82 65 48
87 24 15
87 73 48
91 58 91
8 95 98
68 95 61
69 91 73
89 84 49
43 86 4
97 71 31
18 43 36
65 45 78
39 64 64
56 57 85
6 18 3
71 92 35
56 59 87
83 41 70
68 98 60
75 68 34
61 47 32
84 83 71
17 10 93
71 95 36
65 79 66
83 33 15
57 57 77
67 34 8
51 34 53
8 90 96
8 91 0
37 79 7
63 82 42
59 3 89
99 28 50
79 34 28
66 11 81
50 94 27
29 75 8
30 92 61
3 16 2
32 59 5
8 81 56
3 61 69
7 0 23
19 28 19
38 30 66
91 74 41
77 50 90
13 68 7
33 63 88
67 8 79
43 28 27
64 75 39
16 11 54
23 77 78
31 31 5
1 83 3
57 53 14
57 26 14
91 72 47
92 26 86
9 66 8
47 64 62
36 24 75
67 0 40
57 57 82
61 39 48
77 63 89
37 17 74
7 28 79
86 51 61
34 10 26
43 15 88
61 87 5
67 96 60
96 54 43
34 11 26
82 74 4
56 46 28
9 79 22
7 40 55
66 80 40
0 89 99
82 75 8
79 59 71
43 92 22
47 58 8
85 62 53
39 81 6
16 88 66
31 68 16
14 31 55
67 53 86
25 27 9
5 94 9
31 16 85
57 46 27
30 7 2
51 67 11
6 52 4
19 7 74
20 29 63
49 69 9
20 78 89
35 65 53
29 80 52
67 10 79
14 41 97
65 36 50
26 28 13
58 68 99
94 29 80
70 27 80
47 14 82
88 74 2
31 86 62
50 66 43
74 77 73
65 48 72
94 69 46
51 40 41
97 91 55
72 74 32
43 29 43
45 12 92
94 65 69
30 56 91
61 6 47
76 40 21
94 58 69
88 28 22
70 97 78
76 91 87
69 21 16
69 39 20
36 15 4
21 84 91
19 48 35
94 28 53
99 21 21
72 7 95
48 10 94
48 70 5
61 55 49
65 34 18
98 62 68
18 79 90
60 83 38
10 88 33
78 91 39
13 8 57
44 85 56
73 97 81
80 69 54
61 13 89
37 84 89
59 91 35
77 39 22
39 6 49
69 74 37
33 79 53
81 95 98
59 37 75
23 52 2
58 5 47
39 87 24
84 72 92
44 43 76
45 76 41
58 14 10
63 78 41
41 94 52
33 78 52
57 46 31
38 98 22
7 2 9
64 11 88
94 54 45
42 78 93
32 76 51
69 38 20
5 99 7
34 73 52
59 9 61
13 27 67
54 38 66
97 63 65
4 45 0
65 11 86
41 67 59
38 82 98
79 89 69
71 25 19
22 22 8
11 85 61
70 34 16
20 26 24
80 97 65
24 79 84
81 75 2
53 21 13
14 9 75
4 44 86
74 42 61
96 26 90
67 3 40
81 56 68
12 77 31
24 15 39
21 77 92
36 83 27
65 13 44
61 9 47
15 27 18
30 54 3
99 92 92
57 21 18
7 92 0
44 88 37
64 25 14
40 7 50
82 90 70
16 11 10
41 88 39
53 39 74
43 97 59
24 29 27
0 79 1
49 44 74
60 4 47
84 88 64
28 60 22
69 3 13
52 51 92
40 79 95
80 99 44
31 47 21
9 94 2
76 60 98
93 29 20
68 2 9
98 31 79
35 13 81
7 89 95
28 58 78
96 27 31
98 18 0
15 16 87
54 36 43
93 21 91
87 76 44
13 42 92
4 33 36
11 6 59
49 43 75
66 12 79
65 81 70
22 35 65
40 98 3
74 10 79
75 76 2
46 44 79
77 40 16
50 91 46
60 7 33
17 20 5
60 1 92
88 53 93
87 75 50
43 2 87
90 32 80
80 98 43
80 41 22
21 91 38
36 16 3
96 70 30
25 9 74
34 65 54
40 14 4
74 75 68
94 15 96
42 96 98
97 35 83
52 9 94
79 1 69
95 21 22
90 17 53
88 80 49
77 69 50
41 98 3
15 59 24
61 17 83
91 63 53
72 22 11
34 8 95
12 87 64
80 95 66
18 19 5
79 79 16
81 53 51
93 31 23
52 9 91
56 12 30
64 98 61
80 68 53
64 97 67
76 74 98
6 47 85
82 61 69
1 43 84
92 81 14
56 10 88
58 8 32
66 12 84
76 64 35
60 24 10
73 66 32
17 88 66
87 24 13
97 70 28
10 85 38
81 66 52
39 82 90
99 91 88
65 80 42
42 64 50
62 79 38
35 49 23
33 72 10
81 96 97
39 25 30
7 73 96
69 93 74
6 80 17
56 25 14
44 49 16
88 78 51
65 77 76
32 52 2
58 13 42
44 30 42
59 23 9
58 56 77
93 56 71
65 45 76
39 82 27
76 24 72
94 40 85
87 86 20
68 3 11
6 27 73
85 85 72
67 91 72
22 88 92
74 95 70
67 33 20
22 74 94
66 14 39
32 59 94
25 30 28
43 79 44
65 8 41
92 57 70
57 17 37
5 39 82
46 86 42
76 97 35
1 54 45
20 43 46
50 40 77
4 32 35
44 91 83
60 52 83
61 38 45
62 29 6
4 40 2
34 16 83
55 2 47
47 79 39
31 81 3
55 55 25
94 47 91
93 53 50
48 79 39
99 28 28
46 6 50
39 93 5
18 40 39
49 53 84
64 78 68
65 84 70
65 38 16
28 86 65
78 73 13
90 77 0
75 59 93
36 86 57
44 2 88
47 94 98
73 95 76
56 73 18
48 18 64
81 0 45
24 97 86
79 37 15
0 52 68
36 14 26
58 11 86
15 50 36
64 10 44
45 97 95
64 86 68
73 98 70
74 83 85
37 85 23
44 8 48
88 89 70
50 18 66
12 44 41
99 89 56
85 60 52
72 2 9
39 11 21
24 66 8
19 90 59
74 77 75
26 17 39
46 28 58
79 38 24
65 12 75
21 48 79
89 72 4
9 52 85
80 68 86
74 94 37
87 23 21
62 26 7
42 91 22
22 60 38
18 92 30
89 28 19
68 79 43
5 78 67
97 7 52
22 87 27
26 77 99
28 71 14
44 96 56
13 30 17
71 97 70
79 70 87
89 25 21
24 78 83
12 84 35
66 80 71
14 40 95
76 8 76
32 67 82
15 84 65
8 86 72
42 50 22
20 97 32
21 54 1
85 73 44
98 89 90
97 30 27
23 28 26
48 73 9
36 12 27
75 44 61
85 9 61
36 58 0
36 14 81
91 8 56
42 26 37
41 70 58
29 58 79
56 39 73
36 55 0
75 7 78
11 86 64
70 95 37
75 83 87
20 46 33
49 87 42
17 96 28
24 98 87
12 89 57
71 23 12
51 51 35
82 67 84
90 84 15
32 53 3
38 59 2
68 26 14
12 71 5
30 12 1
86 24 14
0 53 49
37 78 55
78 57 70
15 88 66
97 70 49
76 73 66
74 1 64
99 41 81
4 91 99
85 48 60
83 97 79
68 78 2
24 24 11
67 44 72
83 96 79
60 13 86
58 44 29
41 86 5
76 75 1
17 48 36
47 85 41
74 59 94
72 39 23
89 24 20
34 76 53
37 83 75
42 89 24
91 81 47
17 13 12
82 64 53
72 69 33
56 32 74
39 81 89
59 43 32
39 91 4
69 78 44
13 73 95
43 19 64
62 28 8
93 61 90
55 53 32
89 97 81
10 97 26
95 20 23
30 57 78
67 75 39
37 13 81
23 74 98
19 48 6
5 23 70
25 9 39
34 84 62
35 15 5
66 85 66
27 11 40
34 20 29
46 11 51
63 57 51
97 20 22
84 7 53
73 96 14
23 49 81
48 45 80
69 2 12
62 15 83
26 72 0
72 24 13
11 72 8
47 73 10
44 77 6
29 11 2
55 51 98
85 84 70
34 18 77
4 90 78
68 80 3
33 13 1
62 56 47
41 97 5
89 70 43
84 53 67
40 11 20
51 51 37
43 17 90
63 15 87
83 62 68
57 15 5
95 20 22
63 14 35
48 18 62
22 83 90
31 12 79
45 15 87
85 56 92
48 71 6
91 59 90
16 80 35
54 10 95
8 84 67
70 95 77
64 34 16
51 60 27
38 31 65
88 27 18
79 70 46
29 54 2
5 77 8
83 91 73
39 34 69
15 81 25
34 31 65
57 47 30
89 24 15
75 56 96
49 65 44
17 44 36
6 23 68
28 77 47
14 70 9
56 24 16
83 38 30
57 65 98
43 68 46
97 53 40
26 88 34
14 89 67
58 16 4
97 52 51
33 12 94
85 51 65
12 7 58
93 35 81
48 28 12
55 99 30
52 94 26
28 19 35
16 15 86
91 58 93
5 81 0
3 57 23
93 69 51
60 30 7
59 7 33
32 13 82
77 72 88
4 91 81
19 46 22
29 52 54
55 23 12
27 78 51
4 21 1
87 87 75
73 76 88
51 52 25
71 83 68
43 28 39
91 70 45
74 0 65
65 39 16
24 22 34
12 87 57
73 84 60
21 35 66
32 10 0
93 65 15
70 95 11
63 1 64
47 2 90
25 75 82
96 29 78
74 36 17
60 85 37
99 14 7
53 53 38
10 95 3
73 99 69
20 26 30
10 64 70
41 67 48
50 55 25
4 90 71
71 23 18
48 88 42
49 12 71
38 97 1
37 13 27
2 53 67
8 90 99
40 97 3
76 57 97
68 87 42
12 83 57
86 17 99
94 42 81
71 73 33
5 47 86
1 48 0
63 13 79
19 28 15
82 10 55
44 94 54
58 15 9
65 92 32
16 7 56
12 8 53
44 48 71
21 26 13
29 19 87
76 78 70
75 72 12
41 74 84
26 51 4
6 53 23
56 20 52
66 44 78
68 33 9
34 25 31
38 71 55
66 33 19
67 49 71
62 51 14
37 63 52
91 51 66
97 97 1
50 77 10
64 39 13
74 3 69
92 10 60
58 16 38
97 33 77
9 89 97
80 76 76
73 54 19
67 6 80
34 60 89
28 80 1
58 76 93
24 26 11
70 97 39
79 92 88
4 45 95
37 88 65
20 35 66
95 22 18
71 96 38
76 48 90
15 68 95
94 72 49
35 54 4
58 81 41
55 55 28
51 21 63
43 86 25
0 48 48
46 45 78
24 13 39
66 1 38
18 13 52
50 87 55
86 87 21
61 14 13
34 76 54
95 64 68
32 72 56
17 38 50
47 90 40
33 74 52
46 13 81
10 32 80
33 80 56
12 88 58
39 29 31
31 19 78
82 92 69
25 76 0
13 44 91
77 6 80
84 89 20
29 13 79
27 75 46
41 31 34
65 53 13
46 46 74
89 33 79
82 75 2
44 97 3
89 25 25
42 50 17
18 46 35
57 90 37
16 24 29
59 15 9
73 34 16
52 20 63
0 44 85
77 68 47
55 50 91
19 27 24
75 78 71
5 55 23
51 33 48
3 24 51
22 87 37
21 46 33
63 12 12
90 71 5
43 96 95
64 79 67
99 61 97
35 76 53
42 42 92
21 43 43
87 10 63
33 17 77
36 58 97
60 2 6
59 66 97
18 30 63
84 77 5
26 83 89
16 40 42
17 81 34
64 34 20
16 8 57
77 77 1
40 82 91
5 35 33
10 77 7
92 82 12
79 41 15
77 60 73
80 73 13
89 61 93
85 84 69
95 20 19
70 79 41
82 90 67
49 2 92
99 92 87
99 48 42
55 47 88
78 2 44
64 77 77
56 25 13
8 39 83
7 89 81
10 70 94
38 59 24
75 59 99
88 85 20
57 56 86
15 41 45
45 1 91
94 53 67
34 9 19
24 60 74
42 61 48
57 36 76
8 79 13
6 0 24
34 9 92
16 76 84
9 51 84
43 53 19
71 2 38
77 48 96
58 44 32
63 12 80
54 24 14
91 14 53
31 14 82
17 37 49
57 25 8
10 5 54
55 38 76
30 16 26
52 52 85
90 54 95
44 16 62
88 1 28
6 89 74
8 44 91
96 60 67
47 76 11
78 91 38
26 78 97
90 57 92
59 36 48
20 25 29
92 69 46
34 87 62
69 41 43
94 34 82
23 81 88
68 98 40
23 53 99
75 66 34
10 85 62
82 41 24
10 30 1
71 10 89
41 64 85
32 61 21
58 46 28
74 25 10
35 64 52
60 48 33
78 33 27
15 59 2
72 34 17
95 40 84
78 80 96
10 29 77
61 23 9
39 78 96
8 22 69
8 86 36
50 17 64
79 42 20
46 94 95
55 50 88
30 13 3
10 8 61
22 29 17
59 55 77
12 0 24
61 14 88
17 41 44
24 79 85
48 42 28
57 99 28
42 27 36
37 71 55
35 69 57
18 71 33
69 34 21
43 96 60
78 81 97
74 27 11
20 55 86
38 19 79
27 65 38
66 78 72
20 76 99
49 22 64
75 64 34
5 37 33
35 13 88
34 10 93
21 85 64
96 63 68
63 73 40
17 8 53
62 13 14
95 59 66
30 22 39
56 2 48
83 64 55
87 63 60
54 55 27
94 31 22
73 89 63
53 27 11
36 66 53
57 77 12
35 72 51
66 88 42
65 5 81
18 87 91
57 20 16
30 71 13
37 87 64
54 27 10
27 52 1
37 49 25
26 74 41
0 27 50
77 49 95
46 79 91
12 69 8
32 19 77
1 88 94
98 62 66
78 36 28
75 10 88
95 53 44
42 20 54
73 56 95
37 21 24
44 0 92
31 89 64
2 55 45
58 20 31
94 19 94
81 69 45
86 73 0
17 41 92
32 80 54
40 64 62
17 7 74
10 84 56
89 75 0
30 71 82
2 47 3
5 33 35
39 83 90
63 87 69
38 70 55
40 82 93
92 26 87
51 95 27
90 8 57
97 29 52
98 87 99
76 77 73
57 80 40
42 0 87
21 79 89
91 83 15
8 30 80
40 52 20
2 17 3
73 0 63
19 42 44
64 75 37
71 30 16
64 12 81
41 54 17
88 25 16
31 15 88
96 19 17
77 0 70
20 82 91
24 76 83
89 72 47
37 85 87
65 9 48
79 58 12
5 99 9
26 74 45
26 17 38
74 71 35
59 48 33
76 60 13
69 10 88
94 9 53
57 50 32
39 81 99
42 89 39
30 78 51
59 79 41
50 13 96
37 26 28
70 97 12
69 28 7
91 25 21
2 80 10
72 58 98
91 85 48
39 85 26
43 17 88
59 5 55
58 78 15
12 18 82
22 53 2
19 80 91
19 88 36
86 50 65
39 32 67
25 66 7
25 90 35
23 44 44
93 6 52
91 72 42
44 44 71
2 25 51
1 17 5
27 16 37
91 24 14
33 12 98
56 57 83
11 52 83
39 81 1
86 55 95
92 9 59
73 77 17
91 16 52
47 14 95
45 11 93
4 98 8
78 75 3
84 30 19
4 23 50
16 42 45
5 95 8
24 96 85
33 58 95
68 43 46
25 76 50
25 84 88
3 32 36
65 17 35
80 39 13
69 1 8
74 56 20
63 8 40
91 28 22
99 81 98
95 32 26
96 28 78
17 75 83
11 82 69
32 17 87
41 88 58
78 78 15
3 54 67
1 58 57
9 11 42
1 90 94
4 76 8
29 78 8
50 64 43
55 55 31
17 93 32
33 69 82
71 22 10
78 60 90
14 88 60
89 83 15
58 39 74
69 76 37
36 17 0
93 40 78
74 41 63
66 86 43
46 58 9
26 76 82
56 21 17
98 34 82
99 55 51
46 10 50
34 26 30
45 66 52
42 84 56
79 82 66
44 74 94
31 80 4
73 4 93
38 11 21
36 17 79
71 97 69
77 74 2
66 47 67
35 16 23
14 70 4
76 98 65
62 14 86
83 22 11
82 75 4
32 10 24
72 1 14
64 59 44
11 31 2
94 59 70
54 38 75
88 23 13
44 94 51
3 77 10
4 40 82
54 98 26
62 38 46
61 84 37
75 60 11
16 64 24
90 86 51
46 96 96
51 52 84
90 72 43
17 39 43
35 67 16
99 30 51
67 79 4
60 77 42
85 60 60
61 11 49
34 66 16
24 77 17
92 81 11
88 50 66
15 12 10
3 48 99
15 41 94
63 53 86
95 67 45
37 81 54
33 97 82
32 73 17
77 95 62
79 54 91
27 15 38
36 68 84
76 26 72
84 48 61
42 43 93
11 6 53
20 76 91
91 99 29
0 91 96
43 85 56
75 38 20
45 41 71
71 39 22
22 31 67
43 87 6
39 77 95
70 97 43
59 40 74
75 34 17
36 16 80
16 41 94
15 37 47
55 12 31
81 65 52
50 9 95
48 5 93
68 20 12
55 78 56
71 3 8
81 1 68
90 68 54
0 50 46
82 16 58
8 84 61
42 96 6
57 11 31
21 70 35
64 51 13
57 5 89
8 44 95
42 89 38
19 31 70
3 46 46
1 40 96
36 21 24
95 10 52
3 64 69
57 19 9
16 13 13
48 16 66
65 83 71
54 56 26
16 46 35
50 52 83
63 77 40
67 11 80
44 28 26
58 48 31
5 92 70
74 53 94
33 82 62
3 52 66
96 29 85
79 71 8
99 19 0
6 90 70
94 74 49
45 79 7
63 3 87
10 93 84
40 16 4
31 81 5
5 33 36
41 90 3
90 82 14
34 81 63
43 74 86
69 73 36
50 49 80
12 7 54
60 4 54
3 23 49
18 42 45
52 52 35
18 43 37
42 90 55
20 77 97
50 50 92
10 0 23
77 78 71
19 20 6
89 86 13
39 94 4
70 95 73
49 20 66
19 89 88
84 33 14
55 49 89
47 85 18
52 45 89
50 47 80
20 69 95
97 14 9
46 18 64
19 54 87
18 42 91
93 59 70
45 65 59
79 79 1
14 32 12
9 13 60
0 18 0
58 26 9
44 64 50
19 47 34
18 93 32
49 35 16
57 45 33
80 59 86
52 51 80
45 86 25
74 72 36
15 31 13
72 54 97
63 10 89
97 27 30
25 77 16
67 87 73
97 96 94
75 89 89
12 32 54
60 67 0
3 18 5
64 36 48
96 90 55
92 81 16
31 61 74
39 72 83
33 14 88
72 97 14
71 6 13
63 16 36
19 30 23
55 56 84
98 9 56
27 87 64
23 81 89
94 30 21
37 15 80
50 14 63
37 84 88
77 58 70
69 80 45
23 76 94
93 78 49
89 85 50
50 19 65
14 29 74
5 34 33
52 7 91
96 45 86
86 12 63
77 81 17
35 17 28
95 28 51
35 83 61
44 16 88
70 43 74
11 82 20
76 58 90
28 10 36
49 4 88
6 28 80
9 92 1
82 90 74
30 90 65
89 1 29
87 27 23
70 10 90
4 57 21
41 16 43
32 80 52
52 55 24
74 57 89
17 78 86
6 41 83
18 93 29
57 38 73
85 42 69
18 11 95
74 56 92
22 78 79
92 36 80
95 98 96
95 79 13
17 31 53
42 28 34
93 39 75
40 67 87
99 60 57
91 13 53
70 35 19
13 0 29
5 81 13
46 39 94
95 50 68
6 43 83
52 36 5
97 74 49
60 11 84
75 77 2
80 41 19
26 21 34
84 41 70
7 86 29
43 97 1
27 81 0
82 73 0
29 12 2
81 38 28
70 35 97
76 75 46
34 62 89
72 3 62
95 60 71
40 50 18
73 11 88
22 98 83
67 39 2
43 89 37
22 52 0
27 78 94
6 44 96
12 5 52
27 11 37
60 67 52
56 76 56
67 9 78
85 9 60
53 56 84
21 32 66
73 55 19
63 47 73
5 79 9
84 63 54
9 96 27
1 43 51
28 16 1
46 16 88
83 91 70
78 77 19
38 81 59
31 73 11
0 51 47
47 92 40
26 77 49
30 63 18
70 97 36
99 49 46
55 49 87
22 32 65
84 33 15
62 6 49
79 0 44
52 90 46
66 25 15
71 40 4
44 9 96
44 62 48
40 90 54
50 66 45
80 71 46
11 37 57
96 26 48
71 52 23
42 1 93
80 55 69
48 47 72
67 2 39
50 86 41
20 32 69
29 82 2
66 81 0
80 57 14
71 35 98
58 35 73
4 80 11
65 86 71
52 27 12
64 17 37
98 23 22
91 67 57
26 65 6
26 98 33
15 88 68
84 61 66
7 27 72
30 52 0
46 43 74
89 26 17
17 42 38
9 50 87
30 76 9
21 22 9
13 90 67
15 79 87
39 66 63
45 43 80
34 9 20
64 23 65
42 1 88
46 93 39
16 40 46
68 42 44
77 74 14
43 53 16
32 47 23
14 39 43
20 87 38
66 49 69
14 32 57
59 82 40
30 71 84
60 37 45
59 7 32
80 37 12
79 58 14
70 27 82
20 25 32
40 17 44
33 23 30
38 88 54
85 25 19
86 24 20
34 58 4
77 56 96
71 2 59
6 96 8
23 99 83
49 13 70
62 42 72
62 88 4
23 90 35
76 85 84
31 66 15
90 52 63
46 50 13
29 82 50
98 44 85
20 76 84
25 80 86
33 60 5
68 92 73
48 2 7
22 33 64
48 60 27
71 97 79
50 89 45
28 81 4
47 15 72
70 96 11
43 95 55
65 36 10
29 54 54
58 66 99
19 94 29
11 28 74
9 96 5
33 81 4
9 42 86
76 57 70
1 26 50
68 0 58
53 39 26
39 84 58
28 80 5
21 32 68
77 10 77
90 25 88
75 83 86
0 90 98
84 92 73
33 22 38
6 61 66
63 76 72
43 77 93
7 89 70
13 46 43
29 18 60
49 86 53
52 47 91
51 18 64
61 35 73
5 94 69
28 77 5
2 47 41
50 40 43
49 6 87
56 19 14
86 88 70
38 92 4
90 15 54
69 30 20
12 28 68
95 12 52
15 28 68
5 90 81
95 49 64
74 5 92
66 85 46
0 20 98
9 95 98
6 79 10
91 9 57
15 39 47
66 81 3
60 39 49
48 55 84
0 29 28
66 11 75
64 11 76
56 18 10
96 30 51
45 40 95
76 99 69
31 91 65
39 47 24
58 9 87
86 89 72
89 13 49
20 60 75
52 35 51
32 16 87
13 87 61
35 19 28
86 63 53
35 57 0
31 53 0
32 18 58
33 68 84
23 34 66
73 31 19
7 80 17
21 77 83
95 97 98
23 36 65
8 39 55
38 84 26
35 87 58
10 94 3
19 94 31
81 59 71
76 76 1
43 92 53
23 47 34
47 11 94
7 79 18
47 15 67
35 16 1
42 66 86
16 86 62
30 58 45
20 51 88
29 15 2
79 58 88
59 78 41
59 3 47
30 76 53
39 54 5
85 52 65
54 48 90
62 26 13
64 78 43
42 51 20
22 25 29
36 86 24
45 42 93
51 39 25
45 41 93
94 73 47
13 8 55
66 40 17
49 21 67
44 46 67
43 95 98
68 22 16
79 97 41
83 16 57
2 93 99
81 14 59
44 95 95
73 10 93
65 97 61
5 66 69
87 12 53
60 18 83
70 49 74
60 48 74
42 27 42
73 70 34
38 62 53
50 53 25
19 88 61
10 5 59
80 39 20
21 77 82
5 36 34
4 27 73
16 69 94
6 53 5
64 15 86
3 25 72
44 78 7
9 88 29
9 40 58
49 41 27
69 72 35
48 15 69
83 89 74
80 73 74
31 30 84
18 87 60
14 27 67
76 73 13
20 33 67
18 68 34
67 25 7
26 13 39
64 23 64
21 84 63
16 77 83
40 90 51
38 13 73
66 50 71
83 38 29
33 25 32
24 68 39
28 79 51
18 9 54
47 29 13
44 53 18
31 46 22
19 60 77
66 97 59
0 63 68
99 42 82
19 25 26
21 31 64
9 78 9
31 12 82
3 81 1
70 3 39
29 89 65
34 70 56
93 32 20
25 37 65
29 79 50
89 84 16
43 90 23
8 65 69
9 88 28
71 98 72
25 53 0
44 95 98
5 40 55
29 53 53
59 54 86
67 79 73
72 85 69
3 92 5
53 69 11
92 78 66
59 4 46
44 76 91
6 62 67
10 40 95
29 61 75
44 14 90
30 58 91
14 80 37
43 98 98
92 52 67
0 50 42
37 11 81
77 59 89
74 85 86
38 54 4
84 9 56
11 28 68
36 10 27
79 74 13
34 80 57
77 56 88
65 10 42
69 82 74
53 50 91
56 23 13
40 82 92
25 15 38
94 68 45
15 9 75
93 10 61
82 63 66
33 57 97
61 77 38
62 55 50
94 48 89
91 1 29
61 23 7
56 15 9
15 29 75
31 9 2
50 36 48
45 91 82
15 64 23
72 5 92
81 53 52
82 54 67
69 96 36
22 46 34
13 80 26
26 81 87
95 68 15
69 98 11
3 42 85
38 88 64
80 76 1
75 76 69
24 9 39
31 70 12
65 85 65
99 5 89
0 42 51
77 49 91
16 97 27
45 43 71
36 11 82
85 94 75
14 29 17
91 79 48
53 98 28
96 11 54
68 76 40
47 30 12
90 60 93
54 50 80
10 73 95
68 29 8
24 98 20
85 75 6
96 66 70
13 40 96
54 26 10
23 29 12
93 9 52
81 69 56
37 85 25
95 66 52
13 6 53
52 40 74
54 9 93
60 16 10
42 97 98
79 53 92
37 30 67
60 36 74
41 82 60
65 95 63
4 29 75
74 85 60
83 10 56
2 94 3
60 37 74
29 87 64
61 12 49
50 90 53
71 98 82
20 27 14
20 76 94
87 8 63
7 43 87
38 17 74
79 77 15
98 26 51
18 10 94
60 91 34
91 86 14
33 15 78
70 75 36
72 36 18
80 58 71
11 85 34
39 65 81
89 76 1
65 75 76
42 25 36
43 97 2
60 53 85
77 82 98
39 80 95
1 53 67
74 3 43
74 69 35
57 12 86
42 26 43
75 75 0
22 28 20
71 33 21
24 51 3
11 79 24
91 52 68
27 74 44
86 91 75
87 89 70
99 30 27
39 51 21
11 97 26
16 31 11
33 51 14
59 4 33
11 29 0
87 90 74
95 52 65
7 74 98
39 83 26
3 86 82
65 74 75
61 12 34
96 53 50
14 11 77
15 32 56
62 15 78
36 81 27
2 52 46
20 34 63
70 23 8
7 55 26
68 19 14
65 96 65
49 14 97
79 98 66
48 85 52
35 86 62
64 97 61
30 19 86
90 79 15
30 74 9
9 87 30
97 86 72
22 35 68
47 16 71
78 78 70
93 54 46
99 24 22
88 64 56
36 18 2
97 13 6
20 86 63
60 12 88
76 90 88
66 84 64
43 59 33
3 49 3
79 66 59
68 26 79
97 16 6
78 80 16
36 67 54
12 28 4
45 91 3
43 90 56
72 77 46
0 91 86
45 49 70
96 72 49
58 55 87
84 6 38
4 97 7
49 42 75
20 25 31
66 74 77
47 93 95
87 74 49
21 8 40
93 65 66
63 12 86
2 93 4
57 56 76
20 7 63
8 96 6
50 17 66
94 40 77
41 24 34
30 91 63
50 68 45
45 61 64
51 35 49
98 46 85
54 21 14
37 98 2
41 66 60
43 94 51
7 33 35
8 96 0
30 21 78
72 98 12
31 58 89
59 25 10
20 21 5
95 89 98
23 23 10
39 19 77
42 93 51
17 30 62
28 16 81
45 74 83
15 41 43
6 11 97
80 99 67
5 45 87
38 65 81
86 86 74
90 61 69
16 49 35
54 2 48
72 94 36
45 42 81
51 66 42
23 23 31
32 99 60
26 10 39
89 14 50
91 23 19
33 69 15
3 29 74
70 25 12
39 72 85
10 96 4
40 32 33
63 77 69
7 43 97
98 35 78
75 76 47
27 9 35
88 56 92
84 65 56
95 32 27
94 7 52
64 46 73
35 63 51
16 29 15
18 85 58
84 98 1
57 11 87
95 37 83
1 52 46
37 66 53
59 25 12
30 60 20
81 64 49
76 96 64
84 61 53
77 78 0
29 55 90
74 57 90
73 72 33
98 93 92
93 51 67
34 79 4
47 49 93
51 42 73
4 78 9
72 95 77
66 81 4
58 38 74
70 33 58
3 93 1
10 89 94
95 32 80
92 80 49
10 80 21
37 80 97
92 73 46
39 18 78
92 68 55
4 26 73
79 59 72
7 62 68
92 58 69
81 90 68
91 51 65
66 38 12
42 88 24
40 72 84
64 46 72
45 18 72
76 23 71
41 6 25
59 14 89
82 9 54
64 12 88
28 87 63
47 77 42
14 76 93
37 14 74
96 47 87
77 40 20
59 38 73
40 65 50
17 8 73
42 98 2
32 59 93
80 57 74
45 16 64
92 81 13
98 96 0
63 51 86
49 74 7
69 24 7
4 83 98
61 75 42
81 52 53
85 88 72
6 53 25
55 58 86
66 94 76
79 78 18
76 68 47
72 95 71
2 91 0
18 80 89
40 65 62
15 69 4
78 62 90
67 20 13
24 77 78
46 79 45
67 50 70
63 11 43
82 55 69
53 10 96
31 12 96
76 81 18
67 87 42
99 45 86
30 13 1
76 23 67
97 32 25
33 37 79
75 95 37
61 11 50
48 74 8
66 89 72
60 99 62
71 52 73
94 48 90
35 57 4
3 39 1
60 24 7
1 31 28
52 35 4
72 36 99
71 35 18
83 74 99
28 82 99
25 67 38
62 76 40
54 98 30
15 31 68
6 50 2
54 69 10
12 76 15
25 95 85
40 29 32
44 77 41
69 50 76
9 86 37
57 49 92
36 18 75
95 32 22
12 86 60
85 91 70
7 44 89
63 74 40
77 74 47
72 36 62
52 37 5
12 43 92
45 18 71
74 35 15
46 10 92
35 11 26
41 93 54
22 1 85
9 63 70
35 59 98
15 79 88
42 75 85
76 76 16
88 74 0
45 77 93
61 43 73
77 57 91
41 18 64
43 31 41
55 25 15
15 69 95
6 80 11
22 79 88
86 74 47
37 83 84
98 90 55
88 68 52
86 90 71
62 79 93
32 57 89
91 18 91
44 73 83
30 62 20
90 52 64
8 34 36
98 52 51
38 73 82
31 18 58
71 96 35
71 34 1
37 11 2
89 79 49
41 19 66
32 52 15
81 11 54
66 12 43
17 49 7
44 66 59
24 88 36
91 15 11
67 35 11
18 67 95
38 64 63
23 25 59
63 90 73
82 9 32
4 46 94
40 82 5
97 97 2
85 89 72
41 27 41
80 72 8
49 78 9
43 49 17
74 81 69
60 66 96
5 25 70
4 60 68
96 9 54
40 66 49
98 4 90
31 14 0
96 88 98
19 27 13
42 87 25
40 83 59
62 83 71
6 93 98
35 11 2
72 99 71
94 56 73
19 34 64
57 51 87
34 15 0
1 51 42
81 40 20
38 77 95
42 99 92
48 43 81
0 31 81
73 89 62
56 52 33
15 78 31
55 23 15
39 82 60
84 15 56
16 47 36
89 90 72
19 41 39
37 32 66
37 69 85
95 69 51
96 49 88
6 73 99
5 16 4
76 98 70
97 66 45
76 96 36
96 15 21
66 84 45
81 69 44
59 2 91
43 90 3
23 59 74
49 95 27
24 25 12
35 12 90
34 60 22
6 43 91
86 28 19
27 78 50
30 93 63
27 84 99
46 65 52
73 26 20
33 63 16
5 46 84
28 80 49
4 95 98
9 85 66
51 51 92
42 19 65
66 46 74
0 42 83
64 76 39
0 23 47
8 79 18
44 87 25
12 44 98
90 8 62
69 26 6
11 43 93
44 91 4
36 14 25
30 32 4
94 41 79
47 30 10
63 81 69
57 57 81
21 6 62
50 34 48
91 87 52
13 88 59
12 89 66
63 99 60
23 8 39
50 35 15
78 60 72
6 89 76
80 90 70
57 7 33
34 82 61
98 14 5
56 20 15
3 42 86
25 50 2
14 87 64
47 17 63
82 56 67
97 53 43
40 35 69
72 97 68
97 12 7
44 86 25
60 19 82
46 87 26
62 87 6
66 54 85
86 73 44
50 83 99
92 29 22
5 20 3
61 29 8
19 86 91
90 60 88
75 80 71
66 13 83
57 4 47
43 46 67
37 56 97
9 80 19
62 76 73
79 67 57
19 46 93
94 70 47
59 66 0
30 61 21
48 46 70
88 9 62
67 21 11
11 99 24
6 98 8
78 7 81
30 57 89
39 56 96
68 76 3
34 68 16
51 85 40
14 81 25
65 54 12
13 77 31
6 73 97
95 34 26
85 52 62
82 3 67
80 60 70
37 66 55
26 5 52
34 54 0
36 60 23
49 90 49
26 61 76
58 56 85
84 58 92
98 32 77
79 80 99
13 58 1
83 68 83
74 33 16
95 48 88
58 9 32
46 92 95
9 87 73
6 14 1
20 21 6
39 82 4
70 41 3
92 85 50
71 36 21
37 54 5
43 80 8
99 31 78
65 82 45
10 5 52
77 79 70
75 13 91
43 76 7
57 19 13
62 15 88
65 35 17
7 82 55
10 43 96
42 41 91
22 45 44
95 21 15
69 95 79
25 16 38
53 56 25
90 71 46
60 37 47
48 90 53
58 54 87
56 55 32
76 36 13
71 28 14
66 85 70
97 21 22
84 63 69
84 75 0
53 50 81
88 62 59
60 10 46
78 75 74
38 78 97
80 60 68
95 12 50
58 78 9
64 73 35
32 11 99
67 2 10
80 37 14
42 68 45
41 18 66
56 99 12
44 79 43
10 38 58
56 17 6
74 65 33
7 81 57
63 37 72
42 85 5
17 25 28
40 86 25
75 97 64
41 43 91
99 44 46
86 63 52
30 62 74
31 18 87
20 47 78
98 90 89
9 21 70
91 25 18
12 71 8
75 75 1
35 35 65
15 38 47
11 43 97
85 51 61
47 71 7
98 14 7
78 52 93
72 24 19
93 52 66
76 92 38
50 0 96
27 8 36
43 7 47
5 21 2
32 71 10
84 90 71
58 12 45
34 60 88
68 24 7
9 87 32
58 58 83
54 81 88
48 94 34
30 15 86
7 78 5
60 47 75
98 61 68
22 24 7
16 31 61
64 94 57
64 11 77
10 74 96
78 69 48
31 68 82
61 75 44
83 92 72
2 1 57
91 41 87
63 77 39
96 21 18
84 88 19
64 77 70
96 20 24
34 85 63
58 47 34
21 22 7
19 46 94
63 90 34
20 25 25
7 12 98
52 69 11
72 88 64
17 27 20
71 40 2
93 68 54
73 2 70
86 33 16
99 91 97
75 96 38
43 88 56
43 52 43
31 58 92
77 61 71
18 77 33
34 48 24
48 95 97
73 84 68
94 24 14
67 89 68
86 55 93
65 89 73
28 73 44
50 41 42
85 48 62
12 39 59
49 89 43
32 30 82
87 24 21
36 71 51
34 75 51
61 13 49
51 6 59
96 68 51
51 93 26
15 78 33
10 42 93
50 15 8
80 37 25
33 63 85
0 45 48
55 49 91
31 72 12
44 15 63
83 41 23
19 76 84
26 80 98
93 26 83
37 83 60
57 2 49
90 66 54
15 86 63
90 23 15
2 53 46
73 37 21
7 43 96
69 97 37
36 14 80
98 60 97
48 78 40
43 76 40
47 14 68
71 97 13
14 98 29
60 38 52
79 70 48
27 78 4
16 75 94
38 3 49
29 15 80
73 10 90
94 23 17
6 25 71
6 49 1
74 38 18
85 87 20
31 77 52
27 20 35
60 41 75
51 91 48
74 67 33
50 40 25
90 16 53
34 77 53
26 52 99
84 58 91
12 29 18
6 40 84
43 25 54
77 51 91
70 34 17
58 59 84
11 16 84
45 72 12
11 84 39
22 77 84
44 18 63
17 42 93
11 69 9
20 96 31
32 17 57
48 90 51
3 92 0
1 18 6
59 14 12
66 76 40
13 45 99
16 60 24
78 38 13
47 95 94
32 85 64
95 10 54
39 15 3
15 13 9
13 44 42
32 10 27
7 54 24
73 45 59
51 48 92
17 77 32
35 66 83
20 68 93
58 48 92
39 65 63
7 95 7
78 56 92
69 43 73
49 68 8
83 14 59
44 42 92
66 41 18
0 14 3
46 44 70
46 17 87
60 89 3
55 77 14
37 78 94
71 93 35
32 21 38
52 44 89
72 38 21
95 41 82
3 85 81
84 60 60
26 12 37
50 33 52
71 84 70
97 27 50
14 31 57
5 46 99
54 55 84
78 82 67
79 69 51
23 61 38
61 50 12
78 77 68
94 26 90
38 20 78
74 4 92
33 60 22
84 63 52
70 1 60
16 41 41
94 26 84
64 2 63
39 74 82
12 69 6
26 7 74
18 45 22
32 60 89
44 76 94
18 59 78
43 67 53
80 70 46
96 66 45
93 86 50
39 63 54
52 8 90
41 50 44
48 9 48
13 97 30
63 96 57
33 16 28
38 78 54
96 34 77
20 27 20
21 69 56
4 57 68
79 59 89
62 78 39
44 88 38
77 77 69
41 0 91
75 73 0
79 43 18
98 73 33
96 51 67
21 77 95
93 16 95
19 88 90
44 87 38
74 47 89
44 65 62
63 1 63
19 26 30
62 26 6
76 59 94
70 79 45
22 24 28
61 1 87
47 17 68
20 78 91
4 63 69
11 44 94
27 66 5
35 77 5
0 62 68
62 98 66
91 16 12
0 91 95
14 45 43
52 51 33
97 94 93
27 61 77
32 15 28
91 60 70
25 78 15
20 90 88
67 12 40
20 20 4
62 11 51
46 13 67
59 67 96
38 85 87
10 87 31
83 10 59
49 91 50
91 19 90
21 29 21
43 76 84
7 77 6
75 57 91
63 80 40
63 99 66
22 76 93
81 68 85
97 60 67
41 78 94
30 14 82
15 81 36
99 92 94
61 17 36
14 43 26
60 17 9
68 11 41
31 14 1
47 15 69
94 28 90
34 20 77
91 30 23
64 91 33
33 55 1
93 25 85
7 64 68
99 44 49
26 9 73
36 57 98
68 56 84
90 64 54
81 10 55
41 61 51
51 51 91
11 84 37
75 56 22
90 60 92
88 26 24
7 97 7
96 20 25
96 16 7
8 73 97
43 98 59
15 32 12
43 76 96
17 10 54
42 28 28
98 15 7
42 8 49
48 1 93
97 59 59
34 80 54
79 58 70
25 24 31
84 91 78
60 34 73
78 68 51
70 50 76
12 29 3
20 27 28
34 78 5
13 26 77
41 28 35
24 36 64
94 70 50
39 78 53
50 88 45
90 85 17
56 92 35
48 78 45
8 20 71
79 71 6
59 12 85
20 85 92
71 6 93
21 45 34
7 15 2
47 74 38
66 39 17
65 51 13
48 31 10
47 75 39
56 84 91
79 54 69
22 77 80
67 47 75
34 71 10
73 96 71
75 32 17
31 71 16
91 14 55
7 40 84
98 52 41
8 62 69
26 16 38
92 99 30
94 73 48
18 78 33
53 68 8
88 13 52
63 45 76
66 9 41
11 82 37
87 72 1
62 80 42
76 75 68
20 41 44
53 32 67
35 34 65
90 83 47
9 49 24
44 94 52
9 83 55
26 81 95
12 86 57
27 88 63
72 4 65
1 49 47
77 8 82
7 51 3
78 71 48
31 20 77
8 1 23
29 70 16
25 80 14
34 13 89
7 78 11
26 66 38
59 82 39
78 55 91
6 37 34
45 29 26
68 85 65
98 90 54
85 32 18
28 9 39
53 47 90
35 84 6
33 64 17
73 83 69
42 47 20
78 78 1
94 79 49
17 29 74
48 46 75
35 68 54
98 32 79
78 67 51
71 33 17
79 58 73
70 53 72
37 48 24
70 22 12
0 61 98
8 89 92
34 13 92
57 14 43
13 89 58
21 89 88
17 40 95
74 75 66
14 41 44
18 85 59
8 42 87
89 76 52
62 0 61
51 53 82
7 93 99
17 12 52
51 6 89
4 81 0
71 72 34
31 9 0
79 88 68
42 63 47
43 26 35
97 98 3
38 85 57
64 12 86
8 79 65
65 32 7
89 85 14
33 9 94
90 84 48
91 71 47
93 62 90
47 5 89
83 96 69
59 37 72
21 76 81
66 51 15
71 4 40
95 65 69
50 91 45
27 98 32
23 93 33
96 68 27
27 77 48
73 54 95
59 80 40
65 12 82
95 72 50
70 2 8
22 29 26
71 98 78
45 75 95
63 4 86
10 51 89
16 69 97
68 96 77
46 89 39
1 82 1
34 24 31
45 94 96
32 19 75
3 21 49
38 28 30
36 83 6
57 8 34
66 36 51
96 35 81
31 8 4
40 54 6
71 54 23
87 56 98
29 15 3
14 43 42
6 0 10
44 15 89
45 3 87
19 28 25
61 97 66
13 81 38
23 24 33
97 10 55
55 24 17
14 41 93
34 14 79
41 92 3
67 79 2
75 35 13
31 13 97
99 35 82
7 78 13
79 36 27
79 74 75
43 0 88
31 11 97
47 12 94
45 17 27
25 88 36
45 2 89
62 53 85
61 2 87
48 75 6
51 42 41
59 67 0
77 81 66
83 52 49
65 78 71
63 33 16
56 84 92
40 84 58
4 65 68
36 74 55
44 72 10
14 78 29
39 4 49
37 80 58
18 29 14
68 11 88
42 62 62
41 52 19
40 49 21
76 64 91
99 16 6
60 39 52
74 34 97
48 3 91
64 17 35
35 81 58
42 61 50
90 87 12
32 11 28
10 31 79
87 73 41
9 88 99
77 38 21
42 26 29
24 80 86
78 61 89
59 15 10
95 67 16
44 16 90
78 99 67
31 61 21
46 86 17
11 75 12
22 49 80
36 56 4
98 61 56
35 27 29
9 95 27
12 1 28
39 69 84
17 44 92
44 2 87
27 90 33
78 71 88
86 63 57
47 6 93
37 12 3
8 53 86
61 14 87
91 58 90
63 33 22
45 48 69
39 0 93
63 95 56
15 16 88
45 9 49
79 71 47
76 75 14
50 35 48
91 10 58
63 88 74
26 22 34
2 51 65
89 76 45
41 98 4
11 9 73
29 59 77
53 34 45
32 68 85
45 44 69
9 89 98
84 53 51
57 12 41
45 66 58
2 48 93
13 35 58
5 46 87
32 29 83
43 42 92
19 44 38
62 56 48
9 84 61
24 75 99
81 76 77
22 43 44
15 42 70
79 72 7
44 4 72
38 64 48
4 41 3
88 27 20
2 49 0
63 25 14
99 52 48
9 39 59
41 65 84
77 50 94
63 37 48
48 75 13
38 94 5
93 17 22
73 32 96
6 13 98
31 67 15
62 21 9
31 72 17
47 65 61
5 92 0
69 41 3
86 87 72
54 78 13
31 70 16
41 91 55
30 32 3
87 23 22
52 65 43
76 95 35
34 17 26
12 82 37
50 90 49
41 68 57
76 37 20
98 75 32
61 17 35
66 11 84
67 7 48
10 85 65
83 92 76
35 54 1
48 91 40
80 33 27
34 68 82
48 13 96
80 96 96
32 31 81
11 84 66
21 92 39
88 87 19
34 69 55
35 15 82
34 6 95
41 11 19
75 74 99
86 56 96
26 82 1
40 62 53
75 81 61
45 17 63
27 77 6
26 88 66
47 10 95
96 58 70
48 30 11
62 7 39
38 32 66
82 40 71
69 32 56
55 19 49
93 41 80
70 53 71
72 3 66
60 5 46
46 90 38
51 89 48
77 33 28
17 8 55
83 54 68
25 74 0
92 60 89
98 59 58
1 47 47
58 24 11
15 7 73
5 90 77
47 97 97
17 85 61
61 21 67
46 47 72
33 82 64
64 82 63
5 38 35
87 91 77
72 88 62
37 79 54
84 10 59
39 60 2
35 71 53
31 62 17
26 79 99
4 94 7
58 14 11
18 33 55
93 20 19
30 8 1
18 53 86
77 98 68
97 29 25
41 7 50
19 76 98
18 42 46
7 88 92
40 18 79
76 7 79
21 59 74
7 88 91
57 16 10
95 75 50
15 87 61
23 23 9
70 0 14
29 55 53
61 46 73
45 30 27
50 48 93
55 97 13
65 98 69
52 96 97
38 65 65
50 33 51
85 29 19
38 17 76
45 70 52
88 73 48
26 96 86
33 81 55
38 26 29
69 0 60
87 74 0
42 69 54
1 18 2
11 87 32
49 9 49
75 55 21
72 19 18
88 79 50
21 46 43
38 60 0
32 57 98
92 10 61
32 51 1
83 89 79
16 80 30
49 46 81
3 47 94
3 46 48
37 19 27
39 59 1
5 49 2
19 30 63
10 77 6
30 68 17
50 5 88
25 78 96
49 76 12
36 16 25
20 76 93
7 49 87
65 50 16
76 81 67
47 88 53
77 93 37
31 53 3
76 31 16
22 36 67
38 62 98
97 65 63
46 76 38
82 76 7
72 9 89
16 80 33
35 48 25
47 82 38
41 92 51
96 55 44
12 8 59
65 94 75
75 45 59
15 61 25
29 70 14
69 2 40
33 10 93
69 40 21
71 29 15
50 74 6
82 99 68
27 60 21
58 46 34
36 80 54
80 58 87
13 88 65
35 15 90
30 15 83
40 68 88
49 41 73
57 51 33
44 73 12
22 84 65
51 20 63
89 28 21
27 87 66
77 92 37
6 90 80
45 49 74
36 10 28
33 62 87
10 72 95
1 80 0
36 84 62
17 7 55
14 31 59
21 30 64
21 48 44
65 94 62
36 13 81
3 22 49
66 79 70
65 85 45
79 60 15
11 71 94
25 98 19
41 27 39
80 72 12
42 95 27
22 32 63
30 81 2
36 82 59
24 80 15
30 70 15
45 42 70
66 35 8
95 10 53
67 51 84
14 7 74
62 50 85
63 56 51
85 63 57
93 27 87
3 47 2
78 39 13
62 58 51
30 77 54
94 27 85
30 9 99
85 32 16
69 22 12
97 53 42
0 48 42
40 49 23
31 57 90
89 65 57
46 77 7
66 35 49
46 74 10
58 49 33
31 64 17
52 34 3
56 58 80
82 75 6
69 96 78
15 41 91
77 53 21
11 83 67
22 47 43
25 18 37
4 36 32
9 9 61
72 29 17
35 19 77
24 94 84
36 80 99
32 13 0
36 56 98
63 0 65
48 86 40
46 17 70
23 8 38
71 96 72
65 98 68
42 92 50
20 91 88
35 58 99
8 79 16
37 55 3
74 82 70
43 90 38
43 98 93
65 75 41
0 43 50
11 75 11
66 38 1
17 54 85
46 76 40
25 22 33
16 80 29
9 50 88
76 10 91
35 55 99
55 19 51
62 46 73
95 31 82
12 33 56
0 59 58
73 33 97
35 81 6
19 52 87
88 11 53
77 61 14
82 11 56
70 37 22
62 10 42
89 87 51
32 64 19
66 7 80
94 5 53
58 8 86
59 28 14
87 64 57
34 72 56
11 9 60
16 41 39
45 80 44
14 10 55
11 88 38
59 44 32
5 94 98
82 90 66
34 11 89
74 2 69
65 22 10
70 9 89
68 49 75
0 89 97
23 8 41
59 27 13
64 11 11
96 31 25
61 27 13
59 31 75
76 12 91
0 29 49
21 28 18
47 78 41
75 98 66
58 14 13
51 51 82
77 70 49
60 1 7
41 25 37
7 78 66
65 97 56
23 99 21
63 57 46
84 57 92
66 45 70
48 48 92
66 45 67
17 26 26
58 78 41
52 96 28
32 75 17
23 80 87
22 32 66
46 62 63
61 38 51
78 4 42
36 82 53
89 51 65
7 40 82
84 90 19
8 27 78
56 81 43
53 7 89
87 91 72
57 6 33
44 97 99
69 77 2
27 87 37
94 27 88
74 61 10
40 0 92
34 58 96
70 31 19
22 80 90
64 98 66
98 22 20
16 78 87
96 51 65
45 73 11
65 37 15
79 9 81
33 33 81
63 85 66
56 40 74
80 79 0
65 35 21
21 33 70
82 0 69
28 90 35
34 13 85
67 78 43
53 50 94
75 83 62
7 96 97
38 57 95
64 33 19
28 34 15
99 25 47
64 14 35
68 50 77
50 51 81
42 84 6
70 34 20
26 76 84
34 80 5
46 89 40
65 11 78
62 91 35
8 63 71
75 41 62
75 25 72
44 42 82
72 3 13
68 40 21
6 44 87
60 20 32
61 22 10
39 52 19
63 55 85
72 88 63
66 98 57
38 16 73
76 70 75
46 5 91
38 89 66
84 87 81
62 75 43
8 83 54
43 64 49
98 27 49
19 30 72
66 17 15
98 64 64
59 7 31
2 57 24
51 7 89
64 82 70
3 82 99
47 79 46
69 21 13
2 28 76
89 60 91
13 29 5
89 18 0
63 89 3
11 76 13
75 31 15
9 78 15
21 94 34
62 15 82
71 2 13
97 3 76
17 40 40
76 78 72
19 25 28
88 74 45
45 18 90
63 9 46
16 13 12
12 72 96
38 12 81
32 74 18
38 68 56
75 27 12
32 81 5
24 49 80
70 27 14
16 28 74
2 38 98
53 99 27
20 23 8
34 46 25
37 83 62
57 76 15
67 99 40
90 18 54
26 21 97
23 36 69
44 45 71
42 24 34
15 10 55
17 28 68
41 91 3
80 67 56
37 58 1
71 24 20
33 14 99
65 16 16
74 75 34
20 93 28
18 49 8
5 29 79
67 48 68
4 47 88
80 77 75
47 4 92
42 18 87
29 68 82
81 73 7
84 72 4
21 81 90
86 23 21
86 55 97
67 45 71
47 10 93
87 22 14
44 96 57
89 89 70
93 40 76
84 84 71
66 95 76
68 88 69
97 10 29
6 44 88
47 44 80
59 76 15
41 91 52
72 53 22
37 81 0
65 98 60
47 10 49
11 50 84
55 31 75
79 42 17
94 64 67
7 95 9
21 34 70
26 78 98
10 41 94
23 98 83
57 34 74
40 28 28
30 32 5
52 43 73
68 97 35
48 86 42
14 30 69
18 26 27
47 80 38
47 7 49
57 11 33
86 8 64
94 51 65
14 14 9
38 78 95
42 76 42
36 48 24
89 59 93
92 7 54
3 0 56
31 15 81
26 77 50
8 87 30
73 38 24
88 18 1
73 75 87
2 45 45
60 15 88
61 4 88
84 83 72
43 63 49
68 99 59
21 36 67
64 2 65
33 8 18
10 94 99
31 85 63
87 74 45
95 58 69
91 68 55
75 63 36
3 99 8
75 56 90
14 32 58
76 71 13
46 77 40
80 65 51
56 54 90
24 24 9
6 90 73
33 19 77
