73 77 79
50 24 0
44 48 83
66 13 19
39 45 79
36 70 81
81 7 51
26 58 64
68 18 98
42 24 1
75 21 18
62 82 28
51 54 4
8 61 32
18 61 59
74 81 36
63 82 62
51 50 87
66 17 93
55 86 55
45 49 68
28 24 46
18 62 70
8 51 33
73 98 51
75 54 36
16 77 58
21 27 68
87 16 2
18 89 2
80 63 37
23 63 77
71 58 54
64 47 94
88 92 73
63 32 47
14 41 40
15 98 99
92 47 19
27 30 62
9 54 78
24 37 14
8 55 78
17 15 2
51 4 57
45 99 29
65 25 69
86 43 38
44 33 92
7 60 15
84 0 98
66 81 43
97 35 65
73 28 30
90 39 80
50 0 38
65 8 23
88 47 28
76 29 28
93 18 72
11 65 11
93 62 73
98 90 9
6 62 32
14 23 38
53 27 79
28 93 41
96 64 43
14 15 24
66 82 42
2 33 95
20 42 54
17 28 13
61 4 60
67 58 69
83 95 44
65 43 69
1 72 44
62 91 39
37 14 80
36 45 18
49 5 55
38 25 79
21 95 61
88 82 51
2 45 5
87 87 26
61 36 95
66 61 17
49 5 19
15 9 73
6 96 81
98 23 62
27 13 90
41 65 33
33 40 57
97 8 72
65 71 47
7 23 19
60 38 94
6 99 64
97 55 80
72 13 58
45 21 67
36 13 35
84 10 60
35 6 61
17 61 60
68 53 59
42 56 52
85 99 55
77 93 75
69 51 50
72 48 21
93 92 19
58 69 89
87 52 69
88 34 97
67 59 15
41 89 5
45 66 26
28 67 76
79 75 0
92 24 64
68 15 95
20 75 27
42 50 69
75 6 66
20 51 69
83 46 44
45 31 15
67 54 48
81 51 72
40 27 60
43 35 64
14 3 56
39 42 85
17 91 5
90 11 60
21 19 0
26 15 13
38 49 16
28 49 0
95 92 18
57 17 37
97 73 29
60 83 73
50 29 94
84 50 46
8 21 52
24 3 8
86 16 55
29 9 20
90 16 45
97 85 74
13 60 86
18 77 17
35 55 71
50 98 40
91 38 66
96 85 19
52 0 14
88 88 25
17 5 50
20 82 86
26 89 96
31 31 62
66 65 86
78 88 6
34 17 21
56 74 70
18 42 98
69 52 88
70 33 30
92 78 95
34 38 91
26 82 69
82 55 37
59 39 95
87 47 24
7 12 98
77 80 59
98 86 11
99 57 79
6 31 5
37 7 64
7 37 41
37 26 79
68 55 13
84 49 46
98 87 12
35 14 13
62 84 76
48 86 60
67 99 81
97 67 12
3 65 55
63 21 89
24 60 44
71 82 61
21 20 99
44 45 52
25 63 75
73 70 99
3 21 59
60 4 61
82 6 29
87 99 57
82 60 87
70 40 28
11 82 61
71 13 73
27 81 69
52 30 45
79 44 98
98 23 64
50 51 65
1 34 95
32 18 50
19 59 25
73 24 16
20 9 26
48 98 92
73 5 64
50 48 10
59 85 63
43 49 91
85 25 96
19 36 53
73 10 72
5 12 97
29 4 97
98 66 44
73 62 25
24 74 29
85 15 73
71 88 29
48 57 12
2 37 13
59 44 34
93 42 67
76 96 40
60 79 6
78 70 84
58 72 23
98 8 16
11 15 45
41 84 18
77 58 27
5 62 25
58 21 3
16 47 77
28 75 58
58 54 39
61 82 63
5 1 17
1 17 80
8 11 95
93 23 68
5 63 32
78 50 27
26 0 34
43 48 16
15 89 41
24 11 66
47 95 38
13 25 28
30 51 1
2 69 30
64 55 35
91 49 67
21 94 63
62 16 7
32 43 25
65 40 76
74 24 28
59 84 66
18 31 21
55 79 50
85 15 71
56 27 39
76 92 74
87 83 71
69 57 95
12 55 92
32 64 81
73 30 30
45 69 17
60 35 96
63 80 30
56 40 15
83 60 42
59 95 16
27 93 43
15 72 90
42 52 14
98 83 19
81 4 83
44 90 97
81 96 44
31 24 44
79 42 97
74 33 47
74 47 21
50 46 2
61 99 94
16 79 22
10 71 72
60 91 73
18 97 24
40 64 83
14 63 45
91 20 25
24 44 26
35 67 30
63 93 27
31 8 33
65 43 99
82 55 59
4 22 50
93 29 67
82 49 22
1 95 26
33 9 83
71 53 76
13 60 72
85 53 38
65 23 88
25 91 75
1 34 82
32 50 98
10 61 21
8 38 40
66 60 44
98 7 77
96 8 81
72 3 30
34 13 40
22 86 62
19 64 63
93 79 56
93 94 18
56 7 72
17 76 55
34 43 16
16 70 48
35 78 18
56 12 13
89 22 88
43 47 93
7 69 87
72 78 96
48 54 52
61 68 80
23 40 61
8 40 81
78 91 0
3 38 12
83 19 97
31 94 13
72 69 80
58 21 77
39 45 85
62 55 33
37 53 33
16 97 32
94 66 85
15 23 55
95 33 67
62 16 6
20 82 85
17 78 22
95 6 80
95 55 52
96 32 16
95 88 17
74 0 17
79 30 27
57 65 66
79 15 41
58 31 74
66 60 18
65 90 14
78 48 73
64 53 12
86 6 51
73 19 43
84 0 96
66 65 89
9 88 51
46 47 44
4 33 88
82 31 46
84 71 55
90 9 56
39 73 21
76 22 29
33 84 54
48 12 7
64 33 30
31 52 1
25 79 35
64 79 30
39 48 31
58 61 60
97 9 71
40 19 85
26 45 67
58 47 19
64 19 49
11 70 23
86 75 23
3 70 81
68 77 27
59 54 40
31 25 79
36 88 68
79 35 29
72 15 59
94 2 34
40 81 38
14 67 50
96 39 87
42 66 80
26 27 40
16 81 64
72 76 80
24 4 89
13 87 83
68 81 34
36 31 15
73 62 2
31 75 91
80 34 54
48 10 33
15 11 14
57 47 61
95 28 63
11 39 80
54 21 75
80 78 75
82 48 21
16 25 88
62 23 88
29 69 80
33 31 98
88 78 7
82 84 81
90 86 71
25 67 56
69 88 32
9 1 19
29 97 99
90 51 52
33 71 61
57 16 38
44 50 69
7 94 64
61 93 38
70 7 30
31 96 74
71 69 30
61 67 47
25 29 68
21 66 10
87 31 79
44 70 18
26 72 36
93 22 62
43 85 17
49 17 2
60 59 93
67 34 89
1 96 69
94 37 14
43 89 91
20 64 13
11 71 24
61 96 75
5 38 40
17 77 53
13 87 22
52 97 43
18 69 45
61 21 66
32 37 4
6 33 57
51 1 15
13 96 33
29 76 41
72 48 22
18 78 58
74 91 90
56 84 91
65 23 78
69 24 14
69 2 85
43 0 87
43 86 6
56 15 81
5 66 97
88 82 70
0 21 60
8 70 88
59 78 13
59 34 59
44 36 26
29 23 55
5 24 49
81 15 42
7 26 42
79 35 44
45 92 97
38 91 62
3 28 18
12 23 43
20 18 4
68 20 37
68 17 99
69 66 99
89 80 38
58 62 59
49 46 56
17 97 21
62 38 79
66 12 74
74 13 37
55 21 39
45 70 72
33 72 69
73 26 53
16 4 49
9 36 62
57 54 33
81 96 17
24 79 90
72 25 23
99 37 88
81 31 86
23 71 84
8 92 52
22 85 11
29 93 39
23 86 64
35 45 19
34 99 10
86 27 65
39 89 6
44 61 4
28 92 42
7 98 63
47 13 53
28 8 21
68 87 60
19 77 57
98 75 26
95 7 80
31 10 12
80 97 10
36 65 27
2 21 61
83 59 42
22 28 67
79 14 31
88 96 0
35 32 95
64 63 75
73 92 65
6 38 19
3 16 54
78 47 73
78 1 82
18 4 48
32 87 7
17 71 47
9 39 40
45 72 72
7 74 6
24 75 57
65 53 33
20 86 92
89 75 31
76 87 2
54 91 39
81 73 99
3 40 27
35 65 55
49 31 60
77 30 44
21 66 9
0 7 49
67 85 80
14 25 26
90 94 98
36 50 72
78 10 53
77 24 19
45 60 49
57 85 57
77 88 76
46 76 68
98 59 92
33 72 43
20 97 30
35 20 93
35 18 51
38 39 1
74 38 78
62 69 8
49 9 88
72 43 7
17 22 17
91 18 79
31 11 66
23 21 99
46 22 68
20 87 95
39 93 36
68 87 30
46 75 99
92 51 19
0 32 83
41 94 54
38 24 3
82 60 39
51 32 43
90 97 5
43 61 11
63 2 89
2 22 62
67 33 90
65 47 96
66 82 28
72 61 25
23 40 31
63 6 60
32 45 25
10 79 41
23 26 40
80 72 99
93 33 44
97 14 8
69 40 13
86 38 91
37 32 37
98 36 32
98 35 71
25 20 47
77 89 77
20 38 12
3 72 46
30 13 14
14 23 39
82 70 1
7 74 85
70 4 38
10 94 16
91 66 42
59 66 97
68 56 97
64 97 95
59 3 29
36 14 75
40 42 30
56 30 89
72 12 6
64 83 61
66 38 33
38 40 0
52 69 90
56 92 74
4 64 98
88 61 22
18 30 11
32 68 98
72 1 39
65 70 48
79 62 52
46 47 46
48 44 66
17 31 26
56 96 82
82 30 88
12 68 13
31 57 96
12 51 54
36 59 65
61 92 72
44 98 71
10 40 27
1 23 5
56 53 30
92 23 95
15 60 0
45 69 20
98 54 46
5 71 71
97 27 13
74 4 30
37 39 23
96 90 80
50 81 1
59 92 79
66 49 29
37 2 40
73 13 71
85 12 61
2 22 63
4 72 47
77 95 75
63 64 74
93 28 68
43 49 85
35 49 39
52 35 2
73 48 20
75 77 26
45 61 3
62 57 34
46 67 27
74 93 16
72 69 52
89 3 42
26 64 26
9 38 26
69 16 99
85 69 89
83 79 63
0 32 17
31 37 4
81 5 34
4 25 49
36 19 93
98 15 8
75 89 91
55 98 16
37 66 62
18 76 52
52 12 38
87 55 72
69 14 94
47 81 91
38 72 22
61 84 75
73 3 50
60 88 22
3 67 57
24 37 11
20 4 35
12 70 24
0 5 35
1 83 88
58 32 90
43 68 16
70 66 99
54 69 58
20 35 52
56 15 36
11 72 90
54 92 74
67 39 67
16 2 81
24 38 15
30 68 7
69 92 77
82 96 45
59 57 73
90 61 89
25 62 77
8 5 8
69 12 19
5 16 71
1 16 35
16 60 72
70 81 60
44 49 51
70 55 94
76 73 25
45 43 56
13 6 83
88 95 98
82 73 99
39 37 69
0 48 84
76 60 66
13 62 46
98 21 19
44 64 33
20 65 8
11 62 32
25 98 89
49 93 61
76 32 45
6 45 85
36 7 59
23 10 2
95 59 54
62 98 96
24 26 68
73 12 74
48 39 24
0 92 94
96 37 35
11 67 12
72 33 13
92 38 65
15 96 34
56 10 54
8 34 62
28 70 80
59 96 12
72 2 38
64 38 68
12 64 22
29 50 99
51 46 93
71 14 58
37 49 55
83 16 42
32 52 98
41 72 3
58 28 43
44 97 73
62 30 77
5 4 72
89 17 46
78 38 6
21 24 29
25 35 37
53 74 34
76 76 27
86 91 73
86 0 97
68 56 1
44 71 74
74 44 54
12 87 99
97 8 14
67 7 12
33 69 22
5 36 22
0 32 39
48 38 41
62 67 70
16 52 4
27 84 43
8 25 25
36 67 63
31 26 59
43 58 40
29 13 75
61 90 1
23 11 67
99 22 62
2 32 88
79 34 26
85 87 26
14 94 10
66 72 48
43 58 39
44 12 0
64 42 98
21 68 89
20 75 21
70 88 62
93 11 60
50 39 42
34 42 17
55 62 83
76 33 59
20 48 9
87 91 72
11 85 82
79 11 53
11 80 42
84 47 44
62 50 79
29 76 57
77 32 50
98 52 40
39 30 32
74 27 29
37 73 21
63 40 96
67 56 2
97 6 76
94 72 3
77 59 21
34 65 80
5 22 51
18 9 91
42 64 34
31 70 97
13 34 19
73 11 7
83 32 0
68 38 17
9 91 67
24 41 43
49 45 64
89 41 51
88 98 2
39 7 57
69 75 93
71 76 23
82 48 44
52 46 94
49 77 8
96 32 0
98 56 80
86 76 7
57 29 43
11 86 83
12 52 55
14 37 64
48 55 15
61 40 82
39 91 54
78 35 24
32 98 8
93 79 95
34 50 69
8 54 77
71 44 8
82 85 42
10 90 68
78 43 95
10 94 12
12 59 4
46 76 41
23 67 91
66 82 83
26 78 97
79 36 28
97 65 44
90 90 72
69 87 58
35 60 91
88 81 39
81 73 1
23 80 30
88 16 98
49 56 55
21 2 33
75 28 43
42 87 34
52 94 50
51 34 1
31 10 25
38 37 58
36 99 91
9 52 32
63 21 45
73 43 6
52 15 11
70 1 47
27 8 31
5 9 16
40 60 78
39 45 8
3 23 89
66 26 18
96 61 4
96 31 45
95 84 54
41 32 89
33 31 97
20 92 86
98 91 45
55 93 28
41 89 53
41 73 13
26 99 27
34 39 56
41 75 13
10 22 28
92 74 71
95 87 96
65 20 49
35 55 74
11 80 41
76 33 44
87 78 33
31 52 97
29 45 27
75 92 35
3 41 11
94 76 92
34 20 23
50 16 91
55 74 70
70 1 84
94 35 15
38 99 8
2 20 2
57 55 81
1 33 16
13 47 30
86 32 61
60 96 76
90 18 80
93 35 14
16 8 73
68 54 59
76 46 82
86 10 9
77 40 7
71 71 48
38 67 79
47 25 25
10 28 8
90 58 15
20 97 31
94 98 47
2 82 47
60 39 81
71 85 61
84 70 54
31 68 75
43 73 12
62 22 88
27 89 74
41 95 91
0 96 70
46 19 1
90 23 87
45 93 81
73 68 51
58 16 64
16 30 25
97 89 82
82 16 41
85 38 89
17 10 18
21 47 10
77 0 12
60 79 13
3 56 42
12 38 81
73 3 37
34 77 32
2 32 85
0 13 68
54 99 14
61 1 88
48 13 63
42 92 94
32 19 24
16 28 65
74 26 65
12 55 55
74 36 56
80 8 53
56 47 92
55 53 3
69 64 72
14 46 29
44 16 14
16 23 16
92 74 17
51 56 26
11 81 2
83 54 89
8 35 61
17 25 72
6 95 38
68 33 30
17 99 22
49 49 6
5 5 76
51 6 74
21 88 56
2 79 14
13 49 56
32 9 83
31 27 58
52 6 68
25 37 25
17 17 26
69 73 51
98 27 14
49 77 2
4 63 4
24 40 90
7 59 30
68 32 88
92 4 27
92 23 66
57 17 97
46 1 18
31 75 46
44 95 95
6 97 54
78 51 26
54 1 10
53 4 38
8 66 35
73 53 25
63 75 58
65 10 70
34 19 22
35 85 66
80 13 31
54 46 83
38 86 83
4 71 90
50 32 62
49 82 48
60 82 42
97 40 86
85 67 7
28 29 64
39 71 81
53 40 35
69 22 37
9 12 95
38 67 45
74 60 8
17 9 30
44 69 9
82 6 83
15 42 70
1 35 70
23 68 55
23 11 36
74 54 2
32 99 61
71 20 24
32 17 39
18 94 11
26 37 11
98 56 45
21 2 35
62 39 78
34 72 44
35 66 57
17 78 23
43 15 42
99 59 93
49 42 10
9 22 12
38 64 92
14 41 72
12 39 72
65 2 70
34 54 73
21 20 1
79 86 20
67 10 22
8 87 51
90 62 28
4 30 33
36 68 82
33 64 80
4 68 92
20 80 76
95 21 92
31 49 13
23 69 72
19 76 26
61 13 92
67 38 36
89 61 28
78 18 5
87 79 6
57 64 66
71 98 68
18 78 53
65 53 12
1 98 91
12 83 28
9 72 33
84 79 63
5 90 53
47 4 78
31 50 86
4 19 56
94 82 48
68 40 16
32 33 22
13 68 49
31 24 82
22 12 35
40 46 7
49 15 92
17 52 96
48 79 95
64 92 82
78 59 11
3 64 56
31 14 98
51 57 27
13 25 47
42 57 51
40 40 64
98 63 49
51 53 43
58 12 78
48 61 17
55 16 39
94 34 45
44 73 73
15 33 9
64 16 64
18 4 35
46 14 22
31 7 73
38 85 82
5 64 31
63 81 29
13 47 28
65 96 95
60 30 76
80 13 42
56 21 36
66 37 12
38 93 37
72 31 12
61 57 72
22 64 13
49 36 23
3 77 64
82 58 43
32 40 56
16 96 22
99 97 47
75 35 60
26 80 33
13 54 56
61 93 72
63 20 47
6 13 97
47 61 16
62 89 0
54 25 0
63 67 47
44 12 1
72 2 78
77 48 40
26 99 74
2 27 19
4 36 61
83 13 63
36 95 50
52 57 26
51 38 27
41 8 77
42 65 84
96 55 51
2 41 28
5 54 17
6 55 77
27 11 12
72 71 64
10 3 20
75 25 24
77 90 99
97 55 46
67 17 95
7 35 62
43 84 18
35 68 81
85 84 22
22 57 49
21 69 54
56 65 67
79 74 8
62 79 58
23 99 83
35 21 22
15 23 15
52 12 15
2 25 16
3 24 89
33 16 84
96 78 88
0 64 0
86 14 72
30 12 13
95 26 65
85 73 23
87 6 50
77 14 36
76 30 43
56 34 34
65 85 60
2 12 87
1 6 49
38 11 72
15 98 37
23 40 44
20 27 69
29 53 30
11 81 1
14 11 15
20 12 81
64 37 53
21 23 11
96 92 24
81 78 94
50 78 75
77 98 7
74 93 89
24 72 86
25 17 13
29 79 68
78 25 19
98 54 71
36 51 72
6 15 97
27 82 68
29 67 44
16 28 74
85 35 88
41 8 18
76 54 35
36 69 63
2 17 55
93 5 27
85 58 51
32 81 16
86 31 79
24 17 83
67 81 43
12 66 12
33 24 33
25 16 51
97 70 59
85 72 22
6 72 90
86 69 26
18 30 73
44 88 91
65 62 16
4 71 30
33 64 28
93 7 75
9 0 59
89 35 98
77 14 95
64 33 67
92 99 32
16 39 58
34 85 54
53 92 38
78 15 39
94 25 66
18 55 91
76 35 18
88 18 79
91 63 86
14 61 1
17 31 20
19 81 87
88 32 92
69 60 18
95 70 35
81 97 37
69 30 8
4 37 13
52 79 64
46 64 24
75 74 75
38 70 29
12 28 44
8 3 74
80 51 73
67 41 15
22 16 53
8 33 57
15 68 47
1 95 16
51 31 45
99 92 96
81 53 8
82 8 39
64 46 93
74 12 39
34 67 56
32 53 0
19 49 63
67 36 66
50 58 27
5 71 89
79 50 72
9 74 9
56 38 61
47 62 72
17 96 33
56 30 33
67 64 73
7 39 18
58 53 37
41 45 64
52 79 0
95 52 62
62 90 84
57 46 91
7 39 81
30 47 37
35 21 30
35 66 80
46 16 51
47 61 73
11 1 59
81 83 80
49 12 19
24 61 15
34 73 70
23 31 63
28 37 11
48 95 87
25 99 73
35 17 5
40 60 83
71 65 6
44 87 33
97 77 25
54 80 7
16 31 23
71 66 86
16 44 11
58 84 67
32 73 70
23 49 77
97 77 87
31 11 80
4 79 15
4 7 54
89 71 94
38 51 29
46 92 81
46 11 1
75 72 24
65 96 97
13 67 52
20 14 82
90 85 69
90 80 32
42 51 70
38 33 55
59 14 42
66 33 87
73 24 17
94 98 46
96 47 74
21 10 25
42 39 95
68 89 64
99 97 46
81 98 9
67 62 46
14 1 22
17 61 71
80 74 0
98 8 51
4 1 73
50 43 71
62 2 88
16 97 45
62 68 89
49 98 39
20 78 86
95 80 45
89 8 63
85 71 66
66 38 18
16 9 32
80 3 33
42 21 25
96 86 52
82 68 3
98 23 67
56 40 99
44 46 37
66 67 65
23 66 89
12 3 22
92 74 16
86 81 55
20 12 88
61 97 97
14 83 62
95 12 75
32 70 97
24 93 83
64 61 74
17 28 72
97 32 50
17 97 90
68 71 47
41 65 79
47 67 24
90 59 22
62 72 38
63 10 3
1 81 32
91 43 8
41 46 80
70 31 11
44 4 88
68 74 50
53 22 35
28 25 42
99 94 98
34 31 23
60 83 62
49 46 21
20 71 62
53 69 58
63 49 77
39 16 79
12 79 45
8 3 8
65 61 73
76 35 67
65 46 95
86 85 23
8 88 81
1 18 20
12 27 45
65 30 46
5 2 73
76 31 64
59 27 17
87 70 27
42 5 90
92 92 20
3 37 93
45 11 2
39 60 80
42 68 83
91 19 24
16 32 10
87 87 24
99 67 9
81 33 55
69 32 11
88 18 45
80 14 41
58 38 42
83 97 51
27 44 66
38 48 33
11 99 57
68 70 49
75 43 7
70 31 10
91 92 54
62 79 14
21 22 4
74 44 8
80 14 90
3 66 57
84 88 51
74 63 1
32 12 79
70 89 29
7 68 92
96 8 74
62 92 71
49 11 7
24 65 26
90 77 31
66 86 81
51 75 61
7 53 34
21 70 53
1 47 4
3 30 76
56 47 88
26 97 89
46 24 22
15 71 49
48 6 54
89 44 59
64 8 2
69 76 50
62 66 37
6 33 6
47 96 39
32 57 5
75 59 9
27 64 25
12 56 93
22 36 85
64 68 43
49 83 36
24 47 35
81 83 12
61 81 29
5 15 54
13 40 73
28 59 81
51 59 55
88 10 62
41 70 1
59 29 77
14 22 48
55 12 11
28 44 25
65 40 98
43 45 30
92 86 35
33 18 40
16 97 97
12 1 59
38 99 71
50 8 51
31 63 21
34 10 38
19 18 38
4 98 56
35 31 96
35 53 74
53 35 2
1 73 68
66 60 69
42 80 87
27 8 38
13 21 48
40 11 45
11 2 21
96 73 28
65 52 34
42 71 1
63 22 49
50 55 50
84 48 4
69 53 1
57 47 82
93 57 35
4 90 75
3 90 76
27 11 20
59 72 22
80 97 8
16 44 43
4 74 83
93 30 45
55 64 69
58 71 24
14 96 99
53 81 84
82 62 42
1 43 38
45 94 94
90 4 41
91 74 50
65 77 9
94 6 76
75 31 27
57 17 24
75 94 16
45 88 45
9 70 89
77 77 26
88 51 68
81 98 53
42 46 5
3 11 3
45 25 76
86 38 88
41 61 5
24 29 96
37 68 80
62 48 76
37 16 9
70 87 61
29 25 81
25 49 97
82 48 45
15 90 72
82 72 87
82 57 65
74 25 22
38 38 30
83 58 64
58 47 60
94 34 44
91 62 87
97 8 82
59 58 52
30 26 81
67 23 9
81 94 54
96 51 74
95 54 53
46 3 4
38 93 76
49 44 65
76 25 23
2 96 70
12 69 23
8 31 56
38 90 55
34 70 62
67 59 81
55 81 22
59 41 98
13 17 94
68 73 16
35 57 64
65 15 65
66 40 68
92 64 56
65 0 64
48 30 5
47 7 55
98 96 96
85 32 33
41 35 1
18 79 22
73 91 93
80 36 54
2 82 36
85 38 90
55 10 55
7 5 9
41 17 84
15 56 92
36 17 10
16 7 73
38 74 29
0 45 55
21 79 28
4 3 73
94 23 94
75 99 91
36 11 74
47 78 69
24 98 40
32 63 34
27 5 10
52 56 27
49 55 54
62 91 72
51 0 13
92 49 18
51 16 2
66 97 94
67 9 12
65 43 68
68 43 18
66 47 94
61 78 58
2 57 42
1 93 1
26 35 12
40 98 89
15 92 35
54 11 13
17 54 35
46 25 76
99 19 20
86 65 66
47 16 45
55 68 57
91 12 56
75 61 25
76 55 26
79 21 49
96 41 86
64 36 29
79 63 0
49 10 17
40 73 4
44 19 26
21 13 81
67 39 64
17 78 57
54 5 37
60 99 78
96 34 66
66 22 89
58 59 13
2 65 57
78 46 75
53 45 34
24 98 84
24 36 13
30 69 77
83 52 82
2 99 66
84 13 62
8 68 3
49 39 42
78 16 40
93 41 35
83 30 47
7 61 3
12 1 8
78 2 31
71 29 11
24 92 82
55 60 83
92 72 73
38 7 59
15 98 75
89 9 62
29 92 41
93 12 43
97 87 73
71 32 85
76 51 60
67 13 18
62 95 58
1 38 13
71 40 70
13 12 26
72 41 19
55 83 18
81 42 36
54 54 27
29 44 28
3 20 58
94 29 67
15 98 0
37 1 73
40 31 45
74 11 73
17 23 19
62 0 89
51 82 1
8 5 48
0 92 93
53 41 74
12 85 84
60 30 71
31 76 42
92 77 20
23 79 28
69 22 13
2 90 97
15 96 98
25 30 69
52 10 56
54 87 23
38 40 30
86 13 72
89 81 38
18 47 85
97 25 65
54 75 69
58 80 3
56 85 48
40 52 16
35 67 56
76 89 53
88 47 25
10 26 25
12 6 11
79 34 29
61 26 15
73 40 20
60 79 11
19 75 22
19 76 20
70 35 29
83 32 1
11 28 46
18 26 42
72 11 74
28 14 78
57 46 88
54 99 15
6 23 50
83 35 86
54 79 51
38 0 72
65 70 69
55 20 38
56 12 0
81 48 20
37 73 23
75 24 16
99 19 22
66 7 25
88 76 31
12 94 9
7 73 7
1 92 16
29 17 34
0 33 85
18 46 78
21 20 5
19 31 20
34 53 81
62 6 80
24 32 64
41 27 56
74 28 42
51 43 33
85 96 41
58 68 38
82 59 41
91 84 35
87 83 68
16 25 71
43 59 49
20 3 50
77 2 69
84 59 86
50 13 19
16 31 15
86 4 88
31 75 13
13 39 81
0 22 6
25 81 32
37 75 29
74 23 27
34 67 80
92 40 71
62 14 89
17 78 16
53 85 22
3 39 10
68 37 37
41 46 4
68 9 49
62 55 32
10 84 27
33 9 81
14 26 82
23 83 19
77 96 70
56 18 25
21 86 11
62 85 63
63 31 53
56 39 13
79 37 74
8 36 60
4 26 78
40 36 3
82 52 3
12 47 29
39 51 17
79 48 74
87 84 70
67 77 63
40 74 21
70 72 50
41 48 78
90 8 85
39 32 65
9 3 9
8 60 35
20 39 11
68 44 52
55 39 61
49 51 67
90 9 61
6 94 37
30 99 10
68 8 11
48 65 25
80 95 48
83 58 66
61 24 88
21 65 12
60 56 72
94 43 35
55 11 12
37 7 24
26 93 97
93 79 21
16 91 57
57 37 60
65 92 84
55 16 95
68 56 0
76 42 7
63 45 92
78 58 10
72 51 0
48 45 57
56 56 80
21 78 91
56 26 38
10 72 72
94 53 61
82 52 57
94 28 61
8 52 35
2 69 90
93 77 93
11 84 26
71 89 64
52 17 3
18 78 24
47 98 38
18 28 96
41 74 94
93 42 34
23 65 89
19 58 58
46 5 79
75 15 74
12 88 30
40 86 10
89 15 54
47 44 56
64 95 93
65 42 69
79 33 46
79 64 38
19 5 34
51 42 72
65 50 30
76 55 87
3 3 33
87 19 59
81 69 65
13 97 52
78 81 60
32 16 38
19 10 67
43 66 82
8 54 35
32 10 41
63 24 88
50 53 42
84 25 67
34 43 19
32 9 26
4 92 36
11 92 16
7 68 67
60 12 7
45 67 26
85 23 66
50 5 5
35 60 89
27 28 66
80 53 73
31 78 71
10 92 17
10 85 82
75 52 61
67 15 93
98 85 20
81 2 95
64 92 84
26 56 62
42 93 25
69 79 64
88 74 32
14 71 71
58 96 15
43 6 84
41 18 85
47 87 83
25 38 24
92 74 43
50 20 11
56 13 11
1 86 46
48 31 61
52 57 34
18 56 90
1 0 5
46 44 56
70 94 71
99 85 12
54 39 35
34 84 53
53 55 28
28 53 29
57 33 75
40 46 79
6 87 60
51 21 10
66 37 65
92 59 61
56 11 1
76 23 20
8 38 27
80 7 52
41 65 83
90 78 95
61 79 14
17 61 70
47 43 55
24 85 10
72 13 76
59 20 76
96 81 94
17 91 4
86 41 40
13 26 65
44 81 23
2 73 82
91 21 23
37 36 11
7 61 32
15 43 71
40 93 77
62 82 63
67 62 73
59 94 78
27 10 47
43 14 43
88 17 80
82 25 93
25 79 91
63 54 34
96 52 69
72 43 52
32 36 4
19 24 20
95 54 48
97 26 66
45 20 25
4 27 17
42 45 65
69 42 18
99 32 18
24 41 90
78 40 8
63 21 50
35 20 24
18 83 43
56 39 97
94 87 54
71 7 29
48 34 43
0 65 0
58 51 26
12 25 45
66 95 96
28 37 10
48 14 52
66 42 69
29 24 44
75 59 22
77 1 13
63 63 73
39 50 16
4 87 59
87 80 38
78 98 12
16 9 18
98 8 74
69 8 31
54 21 37
69 86 59
18 6 91
92 51 60
71 55 1
18 27 71
18 15 3
32 73 44
47 59 16
12 52 64
66 78 62
5 82 35
85 36 85
78 63 20
96 28 4
41 27 48
76 95 17
54 80 83
67 59 68
61 29 76
43 63 35
21 82 25
64 75 58
71 27 45
70 15 93
66 87 72
6 20 58
83 63 51
91 51 61
41 47 81
68 1 46
22 20 98
4 33 66
4 5 72
27 81 29
32 64 31
67 88 63
11 2 19
25 38 11
2 71 89
67 34 91
0 35 96
17 54 93
33 97 10
29 70 77
5 77 14
52 52 43
8 10 94
82 53 34
44 50 67
24 71 83
51 15 64
4 92 0
61 0 96
87 47 27
67 84 83
71 32 13
66 72 45
41 56 82
46 41 54
49 31 43
22 8 47
12 81 1
59 21 21
41 36 2
47 68 17
76 56 72
62 82 52
78 36 28
67 70 1
50 79 99
15 97 0
33 91 30
60 71 78
76 15 96
41 39 63
39 92 54
17 90 3
22 40 60
73 45 9
59 60 50
53 9 55
84 77 53
79 12 42
38 92 55
36 1 40
40 51 99
16 1 68
27 20 49
16 17 26
85 82 12
23 24 17
49 64 26
99 35 35
71 79 95
59 60 94
34 35 85
96 63 43
66 81 84
55 64 68
58 85 85
27 69 6
79 34 58
64 80 28
50 56 25
93 21 64
7 17 77
85 26 66
73 63 24
19 27 72
29 77 57
72 97 66
70 25 88
30 68 0
65 8 0
8 29 10
77 28 27
39 19 84
74 19 26
1 95 71
33 66 28
89 99 3
96 95 21
88 69 25
96 28 12
88 77 35
1 44 6
15 97 99
72 99 45
62 94 74
90 88 36
51 80 0
92 76 19
38 36 31
77 45 83
57 55 75
56 61 85
7 14 98
78 96 29
59 60 95
85 36 69
69 1 48
77 53 26
69 51 33
84 78 54
26 13 88
73 4 30
62 70 64
88 45 17
66 59 80
70 31 9
49 31 63
16 91 6
16 92 10
42 72 13
63 75 45
63 97 95
8 35 59
85 40 40
69 18 89
55 84 22
22 62 13
21 95 60
95 22 92
40 62 6
96 81 46
1 64 58
3 8 16
20 24 19
32 23 81
98 76 25
85 37 86
15 59 3
40 60 82
82 13 81
44 22 24
65 70 25
13 3 57
13 66 65
40 37 2
97 85 20
66 48 18
52 14 17
99 81 33
95 6 74
91 51 23
57 82 57
38 18 76
73 11 39
66 64 89
55 38 59
83 58 80
37 13 73
16 27 72
76 53 60
36 8 24
34 17 92
61 87 2
68 99 48
4 62 31
36 9 24
81 71 2
64 50 29
20 80 27
11 53 46
68 71 46
15 83 2
79 75 9
82 70 65
54 92 21
49 48 9
91 65 44
44 74 12
16 90 58
25 67 26
13 22 43
73 56 74
32 38 5
5 2 16
21 13 89
65 50 28
25 4 9
48 58 17
4 51 5
16 99 76
32 18 57
46 60 15
16 77 87
30 52 54
30 74 60
81 16 80
19 41 99
59 35 61
27 34 16
71 66 7
92 22 65
57 31 89
57 17 89
94 73 2
25 82 70
44 66 45
61 69 88
66 41 69
3 70 29
47 33 42
2 99 50
77 62 19
57 48 61
50 28 95
81 73 91
30 48 87
56 15 38
85 47 28
90 61 87
91 22 24
60 0 86
76 91 0
73 18 25
69 41 27
35 17 10
11 83 83
39 41 30
3 35 62
15 14 24
74 11 8
48 18 1
45 68 6
59 58 50
65 34 27
94 65 86
5 74 85
57 76 43
11 90 33
78 85 39
10 0 60
44 91 54
63 0 89
83 61 41
72 30 1
46 82 91
74 92 35
86 46 29
39 12 44
74 62 24
22 91 49
88 88 88
70 32 88
14 54 95
53 14 38
40 93 23
83 63 92
38 44 80
33 71 42
53 1 9
65 69 47
35 8 58
47 79 64
65 50 32
33 96 19
12 7 11
67 15 94
6 49 37
37 67 90
33 70 59
69 40 27
10 4 9
35 67 55
62 5 65
16 26 63
57 48 66
93 67 79
97 33 1
68 15 92
48 60 74
33 71 98
76 89 54
75 22 28
24 28 97
10 77 60
75 33 25
22 24 30
78 97 70
20 78 82
80 72 0
48 9 16
6 4 75
9 41 82
74 35 57
99 6 78
73 14 39
85 58 64
23 78 36
26 10 46
8 72 87
40 82 37
76 33 52
56 18 38
16 23 18
30 52 1
0 93 95
51 4 21
15 93 10
46 97 36
65 25 17
40 13 45
81 96 49
16 9 17
33 90 32
64 34 87
30 12 67
23 39 31
96 81 8
52 44 72
55 13 38
83 88 46
31 62 34
73 2 17
55 47 94
35 68 92
92 0 34
24 40 22
17 95 12
83 52 2
2 33 17
72 1 13
96 24 64
33 9 82
15 90 5
23 61 79
0 21 33
92 20 99
10 21 80
52 53 42
96 9 80
86 86 24
15 25 89
97 36 34
8 98 62
52 43 73
79 19 82
63 71 69
24 41 60
34 99 11
72 14 79
67 75 2
40 45 83
82 47 19
54 10 54
49 2 33
19 16 95
49 0 99
2 36 12
88 79 37
40 0 84
85 24 66
92 99 33
89 48 29
15 99 38
35 18 9
91 75 18
25 0 73
29 52 55
39 16 10
71 72 65
94 12 90
34 87 1
95 28 68
52 17 1
80 5 84
7 24 20
95 36 46
89 84 36
75 73 29
35 99 11
18 49 25
65 24 87
5 58 48
77 21 20
29 13 5
3 78 64
75 93 73
20 15 95
70 89 28
86 59 50
5 36 21
54 17 94
64 21 31
63 94 54
83 60 40
65 3 70
77 86 2
11 38 72
91 73 73
6 40 80
94 93 19
51 17 92
61 5 28
71 24 87
86 50 31
55 12 13
75 51 24
17 90 58
3 23 1
92 75 16
6 92 39
87 70 29
48 80 92
12 93 91
67 71 48
43 55 52
64 70 44
26 46 25
28 68 7
94 0 94
49 34 24
2 64 4
69 91 78
8 83 26
51 13 17
42 49 15
89 82 38
70 76 92
32 50 0
53 22 33
54 42 47
54 11 12
67 58 80
99 48 83
74 38 79
44 86 35
64 30 66
86 27 75
78 8 16
72 2 15
4 20 58
85 80 55
60 94 73
12 87 84
71 97 75
67 33 29
18 68 84
80 37 54
31 59 83
28 28 26
31 74 45
80 21 49
98 49 82
63 32 45
2 23 88
39 85 51
81 6 30
9 62 33
34 50 40
53 40 75
97 35 33
52 81 83
55 55 79
62 44 49
68 23 8
84 40 6
32 16 84
50 11 38
48 81 38
19 71 97
57 52 26
88 47 93
96 55 47
49 81 38
11 23 27
45 14 47
40 89 7
37 33 36
52 49 86
62 68 67
61 81 73
67 40 18
25 89 75
67 78 26
95 81 94
69 57 98
38 94 48
41 0 85
44 92 95
64 91 82
57 70 24
52 5 71
93 1 35
25 93 98
92 48 20
6 48 51
35 16 23
62 14 91
18 46 31
63 23 44
42 95 92
58 84 66
73 97 68
80 77 94
42 89 31
44 14 43
96 85 51
42 28 73
20 51 41
4 97 51
91 63 43
74 97 11
54 17 27
25 64 8
9 93 51
61 69 90
28 12 46
43 45 65
92 40 35
65 24 79
27 47 69
95 71 4
10 54 80
71 65 86
79 3 32
90 17 23
61 15 5
53 91 21
21 58 48
17 96 24
98 32 16
70 70 49
91 75 57
2 7 50
29 91 14
20 76 98
21 58 19
38 10 62
15 30 14
67 98 70
70 67 87
92 19 23
11 73 71
13 80 44
64 70 70
22 38 92
79 15 64
33 68 79
15 80 65
97 75 85
35 44 19
16 11 32
12 56 94
86 77 31
99 90 93
9 25 26
25 44 32
47 65 24
38 10 25
73 43 55
84 11 60
44 61 1
36 11 81
87 7 52
47 41 53
48 63 73
30 59 70
67 34 86
42 53 98
85 12 73
2 77 64
72 4 31
81 77 96
40 39 28
42 91 48
16 0 22
25 94 99
5 87 60
76 22 21
48 54 51
75 54 87
79 96 9
32 51 1
52 59 95
73 25 23
12 67 96
26 12 12
2 23 2
8 65 34
34 83 52
82 59 66
15 90 58
17 70 46
73 70 63
74 12 70
0 35 69
12 92 9
89 47 54
90 7 86
59 78 4
27 34 10
68 37 69
90 6 86
64 20 90
66 48 30
47 79 2
67 72 1
30 40 33
40 89 47
68 57 99
72 41 30
1 27 18
35 70 61
52 87 74
43 95 23
92 85 34
17 11 19
90 58 34
74 54 25
53 26 78
34 80 5
70 42 40
40 87 6
71 69 50
4 65 98
47 6 71
55 26 15
97 54 1
63 57 33
86 5 89
9 1 20
7 23 21
31 58 69
72 63 26
35 9 82
19 65 92
14 34 18
3 16 55
25 7 39
28 80 70
34 17 11
62 84 62
27 9 40
33 22 26
41 22 54
68 63 56
13 13 25
91 17 45
81 91 16
29 48 71
42 46 84
73 1 16
66 22 87
22 67 90
77 23 22
15 68 17
46 65 25
40 84 17
25 11 13
50 50 6
90 75 51
34 14 76
93 79 91
59 80 5
29 13 12
60 59 48
43 96 15
96 72 27
88 52 69
55 17 26
48 54 53
34 19 94
67 22 91
92 74 72
65 7 1
7 23 20
77 31 45
52 5 69
18 82 88
21 11 80
36 17 91
90 42 9
45 69 7
1 45 5
28 94 45
58 20 4
99 75 67
63 98 78
64 34 25
53 57 28
32 24 80
97 31 15
80 85 21
29 52 0
5 75 9
82 97 52
42 28 57
26 82 30
28 24 80
65 51 31
98 28 12
72 54 1
43 56 35
37 37 31
4 16 53
31 77 42
14 54 10
51 12 19
85 48 45
67 68 10
44 59 48
5 61 28
20 96 30
9 92 64
66 8 0
0 54 48
22 20 0
89 50 67
9 99 61
91 28 66
46 30 15
58 96 31
59 85 21
31 17 38
15 20 83
5 41 12
1 84 97
94 64 26
13 69 48
66 24 9
62 4 29
22 99 82
68 69 88
17 3 81
16 44 12
10 44 60
50 11 15
28 72 59
6 23 94
89 85 70
76 71 86
53 41 34
68 78 64
48 43 55
98 72 29
74 11 71
67 41 18
29 23 46
2 88 47
70 85 60
23 41 61
21 18 6
98 58 5
86 86 3
60 93 64
42 4 91
12 70 70
94 22 63
79 35 26
57 78 42
88 16 1
51 58 54
18 96 13
73 98 67
22 19 40
24 68 55
42 58 50
52 44 34
2 89 76
75 20 27
50 97 41
58 19 78
32 98 9
36 15 24
11 49 55
16 91 9
34 98 11
73 55 2
67 80 42
3 82 47
77 18 4
91 41 68
76 61 20
6 43 73
94 48 96
59 14 81
22 38 14
89 20 47
38 8 60
52 98 12
75 81 34
13 99 59
9 0 56
33 53 72
24 36 12
27 22 89
73 77 81
64 77 25
48 79 70
18 50 0
95 53 28
50 14 65
78 44 83
71 30 10
37 28 38
35 61 64
66 33 28
68 42 68
64 54 13
42 51 56
85 50 71
89 98 4
46 70 20
66 41 15
74 14 75
91 12 59
64 31 46
95 26 62
17 90 7
78 71 82
66 60 16
81 14 89
42 55 83
12 66 11
63 77 92
27 36 10
73 2 36
79 92 1
5 46 85
39 94 78
22 41 61
10 25 10
73 5 32
84 35 86
97 53 79
2 81 35
50 53 3
55 71 42
57 52 29
58 16 71
44 92 24
8 56 36
40 46 82
18 17 37
65 1 38
19 14 62
57 86 58
77 9 17
55 97 16
35 70 62
83 71 89
31 69 65
15 43 42
49 99 39
34 68 55
56 16 88
5 32 75
31 87 61
2 89 48
49 38 25
29 14 77
81 98 48
19 75 99
15 28 98
87 11 75
75 11 16
19 12 80
30 75 41
59 41 39
58 64 12
40 47 78
84 25 65
81 72 0
44 0 22
92 19 27
40 50 16
38 39 30
50 81 42
21 25 41
54 2 8
78 33 25
59 15 71
5 41 81
75 72 26
62 42 96
21 25 30
72 77 82
89 60 23
57 28 53
14 22 56
16 95 33
41 39 28
58 96 14
96 70 5
40 94 92
61 70 65
5 62 92
36 70 61
33 56 3
35 50 37
86 12 62
33 13 76
33 58 95
51 93 1
71 66 99
27 19 57
79 87 6
22 82 87
35 33 39
29 95 44
64 34 29
13 0 60
69 76 1
49 80 93
98 38 31
19 76 19
94 94 17
92 52 20
80 71 67
74 83 19
95 63 96
90 75 50
10 23 11
72 70 47
81 96 46
48 98 90
8 91 93
12 46 29
62 37 94
89 4 42
70 78 95
51 13 16
5 23 89
16 98 89
3 59 97
44 64 34
85 48 3
79 7 16
57 60 86
24 42 56
42 99 88
88 52 72
24 85 19
15 60 71
45 46 45
68 31 89
17 78 25
2 8 17
29 3 98
98 64 70
14 42 71
48 47 22
77 13 37
85 35 92
69 43 40
59 13 82
49 12 17
96 33 46
21 13 83
15 42 41
52 13 11
7 97 57
66 33 89
19 8 23
55 48 87
4 37 14
48 3 69
87 8 28
95 78 87
1 33 84
92 63 85
46 68 26
83 95 37
25 75 98
4 40 11
62 35 54
25 26 41
1 70 29
28 83 70
71 50 44
92 27 67
19 80 86
71 3 37
14 55 92
77 51 26
10 81 62
95 43 35
13 29 2
74 14 95
42 65 82
38 66 31
66 50 29
79 24 19
30 51 53
68 52 34
85 33 32
6 61 2
77 33 26
85 30 76
74 92 87
19 28 70
56 11 12
34 67 96
6 15 54
3 91 37
64 8 70
83 54 38
43 92 92
58 46 90
26 13 14
21 9 67
25 24 16
68 57 80
11 4 18
72 31 0
31 48 38
20 78 83
55 42 17
70 94 29
56 32 35
34 61 64
28 56 65
18 79 39
69 34 30
30 11 68
74 93 88
79 26 20
21 61 95
38 20 86
25 61 45
66 82 81
8 66 95
44 36 63
77 49 26
98 40 31
41 25 99
34 96 1
15 85 72
84 70 89
61 65 36
14 0 56
56 96 17
91 62 84
31 19 51
51 11 39
95 62 39
92 64 57
56 52 28
6 36 20
70 90 63
44 17 15
31 53 54
60 79 12
36 66 54
65 81 42
69 9 90
8 86 83
51 3 19
23 58 18
39 93 77
49 21 11
18 54 94
28 46 27
25 72 35
9 34 59
85 36 91
42 81 86
14 60 4
30 14 76
8 81 93
94 66 80
84 42 40
78 14 94
3 61 32
41 31 46
70 54 0
34 32 23
41 98 89
26 87 64
10 63 33
65 37 32
89 24 87
85 74 25
91 77 94
25 39 89
27 82 54
41 51 68
9 2 74
0 85 46
94 79 94
31 73 71
4 32 7
98 36 33
48 81 92
57 85 67
35 60 64
49 80 95
95 6 75
58 86 22
89 10 56
6 36 61
13 77 97
60 69 80
53 75 34
33 93 87
17 78 87
89 0 24
17 29 73
38 52 19
94 23 93
73 11 69
33 49 38
66 61 45
76 29 25
69 24 84
31 50 12
97 29 13
34 32 97
99 9 15
78 4 85
16 81 89
11 71 71
95 70 32
39 87 84
64 21 48
79 57 9
10 4 11
29 73 37
28 12 45
76 56 27
67 52 34
76 59 10
72 14 94
92 15 49
65 54 33
41 72 0
34 91 32
31 72 59
61 70 47
53 24 1
47 35 22
74 92 16
70 25 14
3 28 19
1 78 11
66 56 3
92 89 35
44 89 34
34 19 92
48 94 60
61 80 15
13 18 93
13 55 95
6 75 86
13 96 32
90 49 67
33 25 82
26 64 7
23 98 35
39 48 32
98 6 50
98 74 26
33 49 72
11 32 60
93 23 95
33 12 41
0 28 11
22 20 4
56 61 83
16 43 70
41 72 2
95 40 12
91 11 58
62 82 30
94 29 51
48 25 3
50 27 96
9 3 10
69 72 3
93 34 16
15 16 54
25 43 56
0 1 5
25 92 97
32 58 84
68 52 51
26 70 58
21 83 86
96 35 34
79 34 45
93 50 18
73 0 12
67 62 17
78 21 48
0 32 19
98 85 10
9 40 29
94 21 63
99 63 69
2 73 69
41 32 90
43 97 54
69 88 27
12 50 55
14 50 52
11 16 49
2 91 97
4 74 9
22 65 13
44 55 34
58 54 37
12 5 30
31 69 76
76 21 19
84 49 82
3 90 52
78 95 9
68 38 88
74 64 24
24 26 11
96 48 64
74 34 59
65 79 43
48 48 10
13 71 70
50 4 20
96 27 67
7 67 36
41 21 53
37 29 37
58 62 61
39 89 53
80 79 67
39 63 91
19 70 98
77 97 90
53 17 27
36 14 79
67 98 69
68 71 2
67 40 64
34 18 20
16 61 0
75 5 64
66 21 90
72 20 95
81 72 2
31 94 29
76 96 18
71 59 53
14 30 3
90 62 88
65 33 88
4 22 1
38 8 57
3 75 11
1 24 88
61 0 28
54 37 53
58 77 42
75 59 8
16 81 36
93 96 46
43 94 93
54 48 86
97 74 27
31 46 37
33 64 18
8 37 60
54 79 7
62 68 48
94 54 52
62 26 51
32 63 18
22 84 13
94 93 16
92 49 68
15 10 17
99 36 97
23 39 91
58 56 82
4 68 28
34 86 51
38 87 74
36 80 18
77 2 68
87 41 87
33 11 42
37 69 81
64 32 66
72 52 57
33 57 4
8 98 56
7 71 86
2 15 34
1 92 99
40 90 53
84 45 27
34 46 72
71 41 29
34 20 61
51 81 2
34 66 95
76 97 41
69 39 88
80 33 26
36 13 80
24 39 91
11 43 45
63 21 32
89 59 33
50 17 2
48 10 94
68 12 20
54 69 56
75 2 12
82 5 83
2 73 45
8 58 34
77 32 64
8 80 61
44 95 16
68 21 36
13 71 25
66 54 12
61 99 95
1 33 88
34 91 31
28 30 63
16 54 34
90 39 1
33 32 23
7 20 51
1 67 58
48 9 11
16 11 20
55 7 73
61 80 74
56 53 27
29 38 32
53 48 85
65 68 46
81 17 81
45 22 23
66 52 32
3 91 75
71 51 99
27 78 70
12 48 54
1 16 79
81 63 12
93 21 99
4 89 75
2 83 35
53 79 21
67 97 93
95 99 90
39 19 17
19 71 99
98 36 34
42 86 5
92 94 19
28 77 71
49 77 78
74 61 23
44 50 84
9 99 57
55 1 60
14 16 53
32 49 39
49 55 51
37 36 34
35 0 63
8 67 93
53 46 94
9 4 17
62 70 77
21 16 96
78 98 7
40 90 6
70 93 77
44 34 65
9 88 80
91 42 15
58 45 91
48 78 13
59 37 94
44 48 84
9 56 78
86 16 3
50 5 71
20 60 96
26 40 88
89 62 88
54 78 49
75 91 92
16 32 9
14 9 72
85 24 95
53 14 12
45 68 50
39 40 29
13 5 30
53 32 24
68 44 41
86 46 77
55 47 82
46 92 24
76 57 28
17 31 10
70 51 6
66 14 95
4 19 34
23 84 12
63 84 76
89 94 97
66 92 5
11 23 42
73 65 8
0 15 1
58 35 59
1 98 50
95 94 22
26 64 75
46 77 69
40 31 2
76 92 18
57 2 17
77 33 46
15 31 24
55 60 84
4 16 45
17 85 55
19 80 87
6 35 19
37 12 80
54 12 63
32 81 91
76 63 71
71 71 51
10 71 89
0 93 26
90 89 37
42 29 72
23 28 67
98 37 31
54 15 94
96 38 87
85 14 62
68 91 29
34 19 25
1 33 58
29 79 69
35 18 92
73 39 72
22 83 25
70 56 95
33 10 34
48 2 78
4 21 65
17 93 11
81 96 53
25 88 65
0 17 34
90 21 25
73 14 96
93 60 20
51 30 43
21 92 48
54 52 25
68 55 94
4 73 81
5 25 92
17 97 23
68 33 86
88 45 60
27 14 90
68 54 97
7 67 68
90 29 65
87 96 99
2 92 16
18 25 41
52 37 28
82 51 57
41 68 84
6 59 42
96 32 46
70 35 28
12 4 23
4 80 16
44 47 91
96 52 73
11 40 79
54 37 3
5 83 35
64 14 89
67 81 10
84 52 37
31 22 46
86 36 69
11 87 20
37 98 9
11 67 10
80 64 0
25 12 13
83 48 43
75 40 4
74 79 25
42 57 83
70 9 51
91 63 89
33 44 15
76 15 94
17 7 90
72 44 9
35 91 30
13 54 93
24 72 85
2 32 94
9 97 55
32 11 35
54 63 50
55 67 56
81 15 79
81 8 55
53 60 84
29 29 58
66 61 16
64 40 70
5 77 10
90 66 45
2 7 21
9 51 39
24 16 12
37 18 92
82 97 49
69 87 31
35 86 56
24 60 16
8 59 35
39 2 42
27 71 57
33 65 30
72 6 30
7 57 34
58 45 89
34 21 59
91 42 16
59 15 43
90 2 42
56 9 54
69 22 25
76 46 12
43 11 1
47 47 45
33 0 62
44 57 36
83 83 32
10 28 45
5 33 57
82 44 31
39 99 90
84 57 65
37 52 73
73 13 38
43 90 47
29 31 62
13 68 12
57 81 2
80 56 11
76 40 5
57 32 75
3 79 14
61 83 74
43 17 16
78 34 47
14 16 25
3 72 48
28 59 6
42 3 31
9 90 66
93 73 70
5 20 57
30 50 98
46 42 80
98 30 14
36 35 35
16 37 74
23 63 14
23 28 98
8 93 64
2 74 82
57 57 74
39 44 84
24 85 20
72 16 58
35 99 85
38 3 41
21 46 40
68 51 49
66 79 27
41 53 15
23 44 25
25 34 37
14 95 34
67 42 66
13 23 45
56 75 45
28 71 78
61 43 49
62 4 28
93 48 17
79 57 11
72 35 91
26 21 48
50 31 44
32 24 32
31 98 62
88 15 18
89 14 19
42 61 5
74 54 1
68 9 47
11 1 10
18 8 90
58 20 77
63 38 76
62 88 1
15 99 35
89 81 91
25 65 25
93 52 61
41 47 6
30 76 58
98 37 86
7 71 72
21 79 84
41 63 6
61 95 74
52 91 9
34 22 58
50 57 28
61 0 87
51 7 51
12 67 14
47 24 78
86 87 3
37 9 61
68 33 11
20 48 62
71 64 7
18 98 23
20 27 67
17 97 15
23 81 9
14 39 82
78 58 69
10 33 59
69 3 46
45 37 27
36 89 55
12 66 15
30 31 61
87 15 72
93 5 76
81 77 95
15 84 1
83 98 52
34 19 50
4 64 55
59 75 73
38 66 90
3 85 70
13 54 25
19 19 60
56 85 56
59 39 96
65 9 70
60 32 75
1 96 71
21 64 10
15 45 28
46 33 44
48 4 77
50 2 17
94 84 51
39 88 6
95 34 47
74 29 29
15 27 64
7 22 51
18 27 64
18 2 81
98 40 57
78 98 89
68 76 52
96 28 3
16 97 99
5 78 13
90 11 56
11 45 45
53 81 6
54 38 60
50 51 83
12 24 27
66 23 79
64 23 80
50 1 13
5 37 60
43 48 92
77 3 84
30 4 57
32 40 24
62 12 92
94 85 53
97 26 38
11 60 72
50 32 61
35 33 96
13 83 61
34 21 25
92 66 44
32 57 98
31 51 98
24 17 52
31 68 78
25 40 61
78 30 28
9 83 26
8 72 71
87 95 1
25 42 60
12 52 46
43 88 34
37 95 49
18 95 13
14 6 29
84 70 65
68 75 1
37 6 59
43 40 29
52 27 97
9 82 27
46 21 66
34 16 4
43 67 83
16 78 57
34 48 56
21 57 97
25 15 13
85 47 80
61 69 47
54 12 38
31 70 61
54 53 4
89 51 67
61 40 95
63 26 16
66 69 49
35 45 17
27 26 41
41 90 32
43 50 90
58 39 14
43 49 90
2 82 33
10 0 58
68 42 19
39 36 70
33 51 68
35 86 1
72 19 25
91 98 31
78 32 63
10 94 9
73 27 66
41 93 92
74 9 9
64 92 48
6 54 65
92 31 46
64 25 87
80 49 73
63 50 78
56 46 60
75 55 26
43 50 57
52 42 34
10 88 51
7 97 62
89 46 27
8 72 70
98 39 32
2 20 58
98 54 78
2 57 9
68 22 90
1 18 57
40 85 18
10 97 27
8 31 46
56 41 16
74 60 22
57 22 76
82 95 53
73 66 79
26 37 77
9 87 50
17 26 63
65 78 26
28 30 59
10 69 24
76 27 4
25 9 35
72 16 57
15 84 71
98 65 69
34 4 57
38 9 72
67 43 68
85 48 44
39 32 37
22 64 46
29 73 59
15 1 57
45 31 16
49 47 21
24 39 23
23 50 78
67 0 47
4 70 80
0 36 70
21 23 32
33 20 58
18 77 21
21 98 82
99 83 18
76 14 38
24 87 65
27 57 64
5 37 18
27 43 60
30 73 58
78 96 10
54 90 22
22 69 54
10 97 26
73 3 77
16 55 93
41 93 95
99 35 54
20 47 61
67 48 93
67 83 82
69 80 65
10 93 17
58 60 15
93 80 62
54 13 37
41 74 93
4 65 56
5 27 88
24 64 76
35 16 94
29 58 80
21 86 50
37 99 6
86 51 72
13 48 29
35 7 82
82 54 88
80 79 95
53 53 3
91 19 48
14 27 64
38 8 25
68 79 26
34 85 66
68 52 88
79 33 57
68 86 79
56 46 93
51 11 16
49 80 94
31 11 42
3 69 28
7 4 75
92 12 60
81 66 56
30 57 95
63 68 44
60 58 51
94 41 90
2 17 34
56 11 10
57 12 2
24 28 68
26 6 9
52 28 50
48 84 79
15 81 35
75 0 91
86 59 51
83 54 60
71 5 30
42 39 29
24 81 31
22 80 85
94 68 7
73 93 15
8 39 81
40 94 77
79 73 99
72 75 80
24 7 39
24 57 17
61 84 61
2 11 87
8 50 39
85 36 87
15 1 21
34 48 72
34 7 83
86 0 56
16 29 14
3 94 32
54 93 27
94 17 50
73 64 27
45 32 15
96 62 96
57 46 82
2 80 1
69 26 15
27 99 14
89 78 7
88 70 93
18 40 98
49 20 11
26 39 11
91 12 40
84 61 43
42 89 33
15 66 49
10 98 56
59 36 89
56 17 96
55 3 9
38 6 2
87 40 88
31 23 82
59 34 78
38 87 57
64 93 62
2 22 60
71 86 60
90 20 48
10 95 13
71 32 87
26 90 74
62 27 51
52 5 58
61 1 90
23 37 13
7 71 89
86 10 62
12 40 83
38 13 73
70 87 27
3 29 59
27 13 89
75 92 34
86 1 5
31 11 79
68 70 18
77 35 27
83 69 65
12 81 43
40 66 78
94 80 95
70 74 92
47 40 52
37 98 10
68 47 92
73 94 89
31 75 92
10 49 55
80 14 42
76 54 27
61 15 91
56 45 61
76 87 4
18 29 21
71 33 30
15 53 96
22 80 29
85 51 73
33 78 33
88 91 71
95 85 51
11 25 26
37 51 20
10 1 20
19 32 6
31 52 18
54 3 38
14 28 1
89 90 70
96 54 70
2 65 6
44 87 34
15 92 72
70 73 91
75 29 44
99 55 47
6 6 77
14 23 44
56 16 80
40 80 37
10 60 34
30 33 52
75 22 17
91 61 14
68 11 22
68 98 62
52 25 2
80 2 81
48 81 49
29 82 70
63 93 54
39 34 89
92 91 20
23 61 14
13 88 21
86 86 86
24 41 63
47 25 77
63 70 76
5 49 38
15 17 25
1 63 49
35 18 5
86 15 0
14 86 71
69 24 0
76 90 1
62 83 60
52 52 36
7 42 2
83 70 53
55 30 88
85 20 97
69 90 28
33 57 63
15 21 1
46 87 5
39 3 64
82 83 56
9 90 92
34 54 71
4 81 35
58 59 87
94 11 27
9 2 9
52 42 73
26 21 47
73 75 98
44 91 92
88 78 36
17 3 48
81 72 87
66 16 92
9 94 16
57 53 65
16 1 70
16 97 16
59 11 79
97 48 63
55 29 33
21 94 62
42 69 36
50 50 66
49 32 55
98 39 86
49 9 17
31 99 10
48 59 75
37 8 57
6 37 39
15 98 1
23 20 87
76 93 16
31 50 85
54 13 13
22 17 95
9 82 1
26 33 9
39 20 84
36 7 57
26 19 56
18 15 82
51 77 75
29 48 37
7 7 92
81 3 82
10 42 83
39 66 78
88 84 69
83 61 86
30 42 31
49 11 39
74 3 30
39 43 85
45 66 44
28 24 43
36 0 67
26 8 39
91 28 37
3 26 17
38 72 21
1 22 59
75 24 21
44 74 74
18 97 14
58 42 38
61 67 68
3 31 95
96 28 63
73 80 26
32 9 33
2 39 11
97 64 49
9 40 30
99 7 50
65 39 70
30 50 52
18 29 12
18 77 53
90 1 0
61 14 92
93 30 68
9 60 34
42 63 57
54 13 15
30 64 21
87 68 26
76 3 70
90 64 44
73 90 91
29 47 86
68 55 95
78 60 20
99 94 95
87 50 72
39 72 10
54 41 98
49 45 65
4 76 10
63 91 83
53 81 7
69 33 87
73 26 54
11 94 11
18 90 4
93 25 65
96 93 25
21 81 26
32 69 97
0 82 32
39 19 85
4 73 46
2 19 58
82 70 66
10 65 54
88 61 87
80 96 47
94 51 63
68 40 14
43 94 23
45 74 73
65 39 69
45 27 78
64 28 66
33 95 25
62 30 91
89 19 46
67 16 94
23 85 63
35 68 42
1 71 88
37 10 73
96 40 88
86 47 27
70 33 86
41 56 52
9 3 73
36 99 10
31 59 82
83 68 68
49 3 71
94 93 18
90 97 3
58 54 82
45 67 17
74 23 16
0 86 95
63 66 48
86 58 52
93 84 53
95 53 30
58 59 94
59 97 77
70 88 30
74 72 26
74 0 76
10 92 10
5 75 84
58 56 73
17 60 0
84 51 82
67 12 21
14 66 65
37 70 46
68 43 67
62 24 43
86 54 71
57 20 5
20 20 2
67 91 30
66 80 42
99 38 87
26 13 12
82 29 77
11 39 27
34 40 81
80 4 32
62 30 52
47 66 23
59 92 73
59 3 60
81 52 72
96 40 83
43 60 5
89 36 99
55 12 10
13 26 27
54 36 2
77 41 6
76 34 27
87 65 97
12 68 9
23 63 45
64 67 46
57 95 31
18 30 64
8 35 6
59 60 14
21 75 27
26 91 97
50 38 26
31 69 44
79 50 75
5 93 38
64 41 97
36 14 74
7 37 20
12 82 60
90 91 55
0 33 82
64 69 26
75 78 26
66 33 62
54 38 3
14 26 89
45 27 77
79 34 24
51 26 95
37 9 24
35 7 60
12 19 86
23 67 55
32 59 96
2 74 83
48 78 77
65 81 29
93 78 94
42 75 95
62 39 77
74 57 93
45 5 71
48 46 57
50 13 18
97 54 79
5 79 14
18 78 86
87 78 34
33 68 88
3 98 50
0 73 43
94 86 52
65 76 84
32 49 85
0 6 91
56 73 80
33 64 32
93 52 62
7 38 40
1 54 48
45 78 68
23 17 52
73 5 29
76 39 8
34 11 13
90 83 36
45 6 73
30 53 19
84 22 47
77 32 51
12 35 19
53 83 44
18 96 32
98 9 12
70 32 12
7 54 78
45 57 80
23 26 55
55 93 74
91 4 31
5 47 84
45 75 11
89 98 5
93 85 53
55 45 58
82 64 12
45 71 19
41 49 16
76 90 78
72 66 98
3 18 55
13 56 56
98 20 43
41 57 51
4 1 85
27 14 11
10 81 1
22 37 12
43 93 24
37 88 56
55 76 70
13 95 99
31 11 13
72 98 69
0 48 85
29 33 53
65 45 94
33 15 3
14 49 29
90 47 27
33 66 95
39 97 89
45 34 92
98 24 66
70 90 62
64 56 34
26 79 36
50 11 18
36 87 57
79 31 62
29 39 33
97 86 53
38 34 36
31 25 81
38 70 82
15 69 48
96 42 89
1 64 7
3 8 98
77 2 85
6 67 28
81 5 31
92 10 19
68 75 51
85 74 24
53 5 97
44 86 5
14 59 71
54 85 22
27 35 11
41 24 1
40 65 32
99 32 84
95 32 16
28 72 58
21 96 62
8 75 9
59 61 61
77 23 29
36 65 28
10 37 71
29 74 57
12 98 10
0 76 66
54 47 94
46 6 72
75 39 77
1 36 71
65 71 25
9 30 56
10 82 27
45 93 24
5 33 91
89 10 61
70 23 13
4 32 86
45 87 6
35 16 22
39 38 1
91 40 66
35 32 16
55 80 66
66 64 88
17 0 69
52 26 50
94 97 47
8 89 46
3 80 66
62 95 53
19 3 47
60 39 25
81 71 66
95 78 89
79 96 49
60 4 29
28 78 69
87 16 99
50 3 18
8 39 82
16 52 95
14 83 64
51 4 70
83 56 60
5 61 31
37 35 64
72 96 66
86 14 1
45 92 24
64 26 86
47 93 25
62 87 3
66 61 74
87 77 31
45 91 98
1 33 19
6 16 98
54 27 15
9 85 83
0 46 3
59 72 85
71 25 86
52 13 38
32 51 68
43 54 95
11 83 28
58 75 74
91 75 42
18 52 84
3 71 30
72 64 8
33 63 33
39 53 71
87 11 61
67 13 19
10 3 18
11 3 10
88 16 81
30 49 85
37 60 91
66 78 9
26 66 18
44 89 46
25 82 30
58 65 11
24 78 36
1 64 5
3 39 27
75 54 61
83 7 82
83 71 64
34 56 64
21 8 46
40 52 98
42 65 33
53 9 57
21 64 77
58 60 85
89 44 9
96 25 62
75 92 90
7 52 97
76 55 86
79 32 25
95 41 89
69 19 37
43 90 92
98 76 86
7 10 96
22 27 95
44 75 10
75 47 11
99 90 45
71 36 30
52 53 4
53 82 18
97 24 63
86 68 48
7 97 55
62 71 76
89 9 1
32 78 15
51 2 16
73 32 0
65 35 26
95 82 45
3 32 89
35 38 92
38 49 32
98 16 7
62 98 80
27 11 45
55 53 26
96 69 31
63 36 53
50 5 58
66 48 94
59 54 38
77 35 17
76 27 23
62 82 73
13 14 25
93 75 73
89 79 94
56 46 83
95 61 58
55 19 37
71 68 79
33 67 97
76 61 65
7 22 49
48 72 94
66 59 43
21 19 5
71 1 14
93 48 19
43 59 47
45 5 73
67 8 10
32 74 44
9 29 46
64 9 2
76 50 25
95 81 47
61 31 71
50 79 1
22 26 40
41 92 24
74 4 63
32 57 2
7 52 34
92 66 43
25 65 75
40 33 90
26 46 68
99 91 92
5 16 69
3 28 16
16 67 17
66 72 1
33 33 78
11 44 45
4 32 90
75 53 60
44 69 8
87 16 1
86 39 89
76 21 28
87 51 71
81 96 37
44 94 81
32 8 34
43 13 42
6 17 97
27 67 7
83 96 50
53 21 36
42 55 82
73 23 16
13 88 23
65 67 85
46 88 77
48 89 36
20 12 90
16 77 17
63 49 79
94 64 86
21 28 9
15 22 49
52 91 51
64 23 81
2 81 2
76 73 27
29 68 76
62 66 51
82 98 51
98 8 55
85 31 80
65 68 45
11 24 10
75 10 15
62 67 69
1 21 26
28 81 71
66 51 35
23 28 96
22 47 88
73 79 36
22 23 31
8 8 93
49 60 17
69 89 64
18 23 20
76 46 10
13 68 51
73 13 76
95 37 13
0 92 0
80 5 33
40 93 53
45 47 37
30 58 81
80 72 65
30 91 43
25 45 26
45 93 94
70 79 64
0 24 5
60 92 69
91 41 10
58 92 74
34 77 33
46 34 43
73 52 58
17 38 59
51 98 42
27 37 75
90 18 23
37 65 54
35 69 54
56 22 40
52 3 61
16 68 48
58 84 21
27 92 43
3 31 86
48 13 7
86 43 37
40 60 79
8 53 36
62 41 96
24 59 17
48 2 70
96 43 34
6 71 72
25 77 99
96 6 71
29 7 59
52 11 40
2 71 45
15 82 63
99 27 12
10 61 34
78 36 30
3 31 94
71 6 31
30 6 74
4 61 92
53 78 47
30 68 43
56 21 75
75 92 17
13 2 23
54 37 63
78 87 31
20 65 9
3 70 89
38 9 44
19 14 81
76 14 96
9 28 9
4 18 56
8 34 5
74 39 20
76 9 16
32 71 60
33 22 39
70 40 89
55 10 56
76 52 25
57 40 14
95 35 46
48 78 65
17 54 92
89 44 8
14 29 15
11 37 80
40 27 47
85 38 87
75 33 26
58 69 88
1 24 76
44 64 27
15 88 40
9 72 72
48 5 70
25 40 90
13 60 5
16 10 31
24 16 51
50 5 56
11 93 10
93 24 96
53 97 15
71 64 27
6 34 92
18 47 20
91 49 18
44 93 91
33 86 74
93 16 50
38 17 9
15 11 16
21 51 42
31 9 27
96 54 29
71 44 53
58 40 97
29 91 42
36 67 80
9 55 76
65 40 97
57 56 74
2 1 4
86 43 88
72 39 71
46 59 14
78 23 59
42 50 89
68 43 20
89 16 97
35 49 71
37 19 91
60 89 0
67 89 16
32 67 94
73 2 29
33 18 50
59 34 95
77 37 30
92 40 69
15 91 71
93 54 52
31 12 35
48 30 62
68 79 66
6 34 59
13 22 45
4 36 98
54 59 84
79 79 68
76 75 36
22 59 48
62 53 12
80 79 76
97 6 78
38 21 85
78 97 89
39 65 32
90 66 43
67 8 48
35 34 38
97 6 72
61 94 63
46 79 68
14 60 2
26 98 73
8 43 20
35 54 81
39 65 91
13 61 86
56 64 66
84 75 26
5 67 28
0 91 45
43 47 54
54 16 93
43 45 38
47 17 45
12 1 24
51 93 51
32 18 25
35 83 51
94 27 62
21 23 20
7 70 40
13 53 56
85 48 81
64 69 45
46 97 37
74 76 80
38 98 88
66 70 0
83 55 36
93 78 21
97 53 72
8 72 90
93 13 89
9 87 82
46 96 37
82 30 87
62 56 73
62 5 61
21 26 51
61 15 4
70 57 99
72 70 51
27 25 40
65 95 93
46 23 67
7 73 86
2 66 58
4 33 87
29 60 5
40 70 11
4 69 80
59 17 63
95 9 15
1 92 98
20 60 33
48 41 47
98 95 96
22 64 78
31 17 25
84 60 87
23 85 11
7 76 80
81 35 55
22 16 94
63 30 53
55 20 74
71 67 98
40 87 84
11 89 31
79 9 54
53 10 58
0 7 90
17 30 22
49 79 76
16 76 18
69 55 96
65 71 46
63 17 65
9 71 88
74 55 88
93 63 85
36 67 91
20 13 83
22 87 49
0 93 97
75 34 46
15 43 26
55 4 8
82 34 56
27 14 12
56 22 76
97 8 78
34 16 76
0 34 20
74 80 35
39 53 99
96 5 73
21 68 53
7 52 37
31 28 77
33 57 96
68 63 73
99 65 43
88 20 47
45 45 51
54 47 93
12 80 46
68 62 19
96 53 7
91 20 26
12 2 9
0 31 26
84 20 98
3 64 5
30 13 67
17 32 9
38 65 93
14 2 57
43 22 25
87 17 1
42 14 44
47 97 91
4 58 44
23 92 50
82 69 64
30 25 43
96 91 72
59 31 75
75 74 36
80 50 75
15 22 0
25 28 40
39 71 11
6 17 78
55 33 34
26 42 59
14 70 47
40 80 53
57 93 54
79 97 11
60 93 37
42 69 43
4 15 70
81 63 10
63 15 90
10 84 84
74 1 92
41 38 29
8 11 97
39 83 32
68 41 19
67 54 12
46 33 13
45 71 39
58 93 78
83 56 65
7 66 69
77 47 74
29 67 7
70 98 76
80 31 26
35 78 17
96 31 49
12 37 80
6 60 29
20 59 54
32 12 42
2 12 33
2 82 34
30 92 43
58 59 12
93 32 45
62 41 81
80 32 56
17 73 43
90 68 0
64 71 48
73 72 65
34 48 38
50 31 70
29 27 80
91 87 34
18 53 31
38 8 58
99 84 45
20 79 91
2 87 47
22 86 63
72 15 71
9 57 35
71 7 83
5 50 4
76 75 27
29 15 76
4 9 16
24 75 29
23 87 10
40 25 0
6 77 14
24 62 45
56 75 44
86 42 87
99 40 32
46 23 23
64 84 61
3 98 49
94 36 15
34 7 41
60 39 95
40 77 12
36 66 29
70 78 65
35 41 17
74 90 92
1 94 26
26 28 67
42 47 79
32 58 63
96 25 64
78 63 39
76 32 26
82 69 67
77 57 76
28 45 26
70 14 20
6 62 93
16 92 93
48 29 6
52 23 34
3 90 48
8 75 80
26 36 93
71 72 63
21 41 55
18 77 54
13 39 83
90 80 39
61 5 48
54 49 84
14 95 0
18 13 62
50 4 79
0 84 97
76 60 21
26 6 7
82 78 48
45 48 44
57 31 34
89 99 6
35 90 54
67 16 92
99 77 56
68 29 8
78 97 8
28 14 4
91 88 35
99 80 33
97 55 1
46 3 79
78 94 76
70 32 85
6 65 70
68 54 14
77 15 39
83 72 90
51 9 51
42 6 31
22 2 34
91 73 15
28 71 56
70 52 0
61 71 46
70 24 85
3 81 36
74 1 12
24 45 32
68 2 85
40 64 92
67 98 92
17 38 76
98 54 81
61 99 78
48 98 38
97 84 18
37 27 38
42 92 93
30 14 74
14 14 53
48 37 24
41 76 12
60 5 30
60 35 62
94 28 66
26 5 11
55 53 5
64 60 20
96 41 15
25 15 14
22 50 42
11 5 12
35 17 93
50 16 80
15 29 26
58 16 63
20 87 51
28 25 45
3 17 44
50 12 20
22 39 90
32 10 80
42 88 5
58 79 4
76 34 17
20 21 3
97 28 67
16 77 25
85 42 39
72 67 80
34 93 88
20 19 3
52 28 97
54 10 32
19 96 32
42 0 86
57 56 81
65 96 93
44 68 16
66 39 48
72 65 8
78 78 67
83 48 52
63 68 70
63 33 25
58 93 79
37 89 55
2 68 57
37 68 63
43 64 25
25 79 34
39 10 44
34 85 55
21 39 13
71 15 94
43 49 68
39 52 18
33 43 18
80 58 82
91 22 96
54 38 63
79 44 97
43 5 92
78 34 45
35 86 67
47 46 51
79 99 6
26 11 28
19 30 72
86 83 21
17 89 9
86 45 28
43 20 26
20 79 84
84 50 81
53 98 13
0 68 10
35 18 94
79 3 82
34 63 33
47 79 12
20 74 24
28 48 70
51 57 5
5 60 41
38 30 36
2 6 21
11 5 22
44 71 73
25 42 89
43 5 85
26 98 26
69 68 88
99 62 50
47 11 94
34 12 14
10 57 83
65 21 91
1 44 5
63 33 31
34 53 70
36 98 90
51 92 50
10 21 81
40 20 52
82 83 33
65 80 27
52 27 50
90 12 57
55 89 74
31 23 46
11 47 53
88 86 25
35 99 12
3 4 73
24 62 78
66 53 51
30 68 79
34 49 70
17 90 8
90 51 53
52 21 32
43 77 53
4 48 90
12 26 46
6 42 74
27 36 76
30 43 99
38 37 35
60 59 49
9 80 61
21 70 95
79 71 83
36 50 38
21 36 86
81 64 11
42 9 78
43 49 50
87 43 3
97 31 17
95 49 96
64 25 17
7 60 36
8 30 47
42 66 81
85 37 90
57 36 59
47 67 28
39 90 7
0 18 21
78 42 96
7 9 93
25 66 25
61 11 16
35 79 18
56 78 51
13 93 10
74 47 11
94 83 53
66 90 15
31 75 26
34 1 63
39 38 0
90 17 24
46 65 45
81 4 30
33 19 23
19 88 50
54 9 57
48 61 72
85 44 27
93 80 20
75 34 45
71 23 87
66 19 48
1 76 65
90 96 58
41 52 99
50 0 39
86 39 39
32 68 76
51 24 1
85 96 88
34 37 79
2 75 66
15 0 39
76 0 12
27 56 63
33 15 83
32 13 97
56 17 25
76 86 3
95 41 13
10 68 11
44 46 53
72 81 61
49 4 70
20 64 11
23 91 76
47 18 2
92 61 88
46 32 14
76 29 33
32 25 81
84 35 70
72 25 52
51 19 53
90 40 67
77 57 75
72 14 72
55 14 37
48 99 37
55 8 56
84 33 33
14 0 58
87 53 70
22 69 96
2 46 4
5 58 43
9 55 35
53 12 14
7 2 73
94 79 90
44 95 94
17 77 56
65 12 75
35 52 73
22 86 70
61 77 58
1 40 32
89 91 73
69 89 62
34 84 51
80 9 54
47 64 97
36 65 61
34 64 29
25 76 0
99 0 4
52 97 14
19 27 43
8 23 11
25 5 8
19 59 95
78 2 83
9 24 24
41 13 45
7 66 94
32 49 40
15 91 93
40 19 86
86 12 74
12 59 71
15 91 92
51 99 13
3 84 36
4 89 53
26 33 8
66 91 8
20 49 53
64 48 77
46 24 24
57 40 98
66 6 11
50 98 71
48 86 83
56 56 76
48 30 61
94 33 16
39 17 80
51 76 60
89 77 35
27 92 98
31 88 60
48 35 23
70 3 48
92 78 94
55 66 67
86 24 97
12 89 32
48 17 46
68 61 18
80 12 32
89 83 37
37 50 31
54 58 90
29 57 96
91 12 60
32 49 99
96 86 73
28 94 40
43 47 85
5 47 91
16 54 36
36 21 24
51 56 93
7 34 6
28 19 57
19 76 18
25 73 30
49 3 78
24 75 97
50 69 35
35 18 22
7 71 88
12 40 74
67 53 15
77 78 68
54 87 56
82 97 36
31 51 1
90 22 2
24 42 62
51 70 89
94 69 77
47 76 40
79 76 8
75 13 95
28 94 43
26 45 27
48 84 37
35 6 57
4 63 32
23 9 65
58 97 76
73 44 53
18 51 19
22 57 19
75 13 39
22 18 99
69 42 28
76 28 24
46 67 16
84 3 75
30 62 33
69 45 42
33 85 51
86 45 78
4 79 65
49 31 4
18 16 90
41 69 85
52 41 71
65 55 34
43 65 27
16 84 73
50 15 72
98 32 18
24 90 76
82 96 36
19 2 80
34 54 75
38 8 26
40 59 81
5 63 3
0 84 12
30 80 70
14 99 58
13 22 47
33 19 58
37 52 32
64 92 61
34 9 82
14 15 53
64 69 69
67 76 51
79 59 12
97 60 93
28 99 13
46 42 55
74 82 18
28 10 21
34 21 57
18 71 96
36 87 68
22 87 11
30 75 25
34 47 71
69 32 9
93 16 49
71 52 75
6 2 74
57 53 81
61 59 52
98 62 50
96 7 75
5 32 6
91 50 18
67 64 56
31 71 62
97 7 73
25 6 6
94 36 13
69 14 20
5 61 30
13 46 29
33 44 24
31 49 86
2 64 50
42 84 18
60 34 60
45 66 25
66 53 34
34 66 29
54 35 1
65 65 87
79 75 7
62 99 79
17 24 88
77 55 15
2 74 67
38 51 31
27 13 44
97 39 30
20 10 67
77 28 26
35 15 76
25 90 96
31 69 99
28 13 11
42 54 96
63 18 64
41 90 46
46 26 76
19 3 46
73 1 77
66 4 71
36 6 56
7 77 80
32 58 97
10 82 25
52 56 4
76 91 79
35 92 31
40 96 90
70 63 28
8 51 38
20 74 23
77 31 5
18 60 94
51 76 47
30 23 45
28 84 34
16 37 75
85 99 97
41 53 97
49 13 64
67 44 79
93 24 67
11 24 44
7 58 44
78 43 97
40 74 12
20 58 96
93 30 46
77 60 11
89 21 48
70 39 29
61 24 39
91 98 49
35 66 31
81 12 82
99 5 51
62 11 91
60 28 17
0 63 50
35 66 64
22 10 66
35 34 36
33 75 45
11 2 58
19 5 40
70 43 40
13 95 8
81 96 45
40 23 0
74 13 75
65 14 18
73 13 95
78 49 74
13 87 99
19 3 49
60 27 16
59 95 13
10 38 27
62 27 16
58 28 77
85 1 97
9 36 58
24 23 17
52 78 48
74 5 65
51 0 20
54 47 84
75 74 28
61 5 5
46 40 53
98 67 52
53 94 50
26 0 15
70 57 55
89 43 9
67 38 67
55 40 97
67 38 64
22 18 32
54 73 35
59 87 23
38 74 30
19 79 85
34 21 60
48 52 77
55 37 62
84 15 41
33 87 50
92 51 63
4 24 88
75 12 15
17 26 71
59 81 43
50 13 94
95 87 53
52 5 38
38 98 7
64 81 4
26 99 35
97 7 76
74 60 7
37 98 89
31 58 94
75 30 28
18 79 88
64 16 65
14 15 23
3 73 82
97 53 70
44 65 26
67 39 17
90 17 80
35 36 84
59 84 62
67 35 87
76 91 91
65 35 30
30 32 63
83 4 84
27 98 28
22 4 82
69 69 49
60 40 2
72 83 62
14 98 98
36 61 90
64 33 28
41 34 22
8 32 56
78 31 45
78 39 90
53 47 83
50 78 2
70 34 29
20 70 80
39 73 11
48 98 39
65 23 82
72 80 37
22 67 56
75 34 58
63 31 66
38 43 86
76 2 17
68 42 28
11 41 83
62 34 36
56 10 13
37 52 18
63 62 74
69 89 63
67 1 45
38 12 72
67 60 67
41 7 92
43 97 72
97 84 75
63 66 50
98 84 44
48 55 43
7 34 58
28 29 65
66 9 23
95 68 78
62 4 27
93 64 27
50 5 79
56 81 67
99 85 96
41 70 44
69 13 21
0 21 61
95 53 6
16 22 2
80 19 5
63 89 0
20 75 25
89 22 1
18 77 27
20 3 35
66 22 86
75 1 17
2 9 65
36 33 37
60 70 79
24 26 40
89 78 32
36 20 94
62 21 46
16 11 19
1 66 1
36 8 82
38 73 31
35 58 65
80 26 21
33 80 9
30 48 70
75 26 23
25 27 67
88 35 96
60 1 29
22 29 97
25 43 27
31 79 70
58 73 21
70 4 37
95 37 47
35 18 99
43 31 58
33 50 72
56 29 33
12 2 58
25 30 64
42 87 5
83 59 43
45 61 2
75 21 29
29 14 10
65 8 24
79 63 21
19 97 22
13 35 20
3 22 64
68 41 65
5 43 75
74 71 77
42 6 93
33 20 91
27 68 76
83 65 11
83 69 2
17 80 88
89 13 20
95 40 14
68 38 68
52 26 96
3 21 2
31 11 65
0 94 50
2 44 58
84 79 54
59 98 77
61 91 70
98 20 39
11 41 84
41 45 84
62 78 15
35 5 58
65 59 19
32 70 0
64 93 47
47 15 51
17 46 77
51 23 79
83 54 35
82 71 88
2 1 6
30 33 63
25 75 99
5 28 87
18 7 90
54 28 78
50 37 22
39 38 2
50 46 65
70 6 29
41 90 48
17 29 65
23 27 39
48 82 37
46 15 46
68 21 38
85 10 63
95 53 70
14 12 16
33 67 95
29 68 45
27 45 26
3 42 12
88 6 50
99 97 59
21 14 82
27 71 58
12 88 21
73 40 31
79 19 6
76 70 85
10 53 33
71 32 0
65 98 94
84 78 55
44 54 51
69 2 47
23 42 62
65 13 53
23 84 18
17 96 0
32 86 73
88 78 32
91 61 87
3 73 46
74 54 35
8 4 10
69 54 95
13 23 46
65 76 26
51 77 47
86 69 28
66 57 91
35 31 13
96 89 81
33 15 76
