77 80 73
56 26 91
46 50 80
68 18 11
38 36 72
37 80 81
78 3 44
25 62 65
70 23 2
52 33 3
75 17 7
56 87 34
46 58 3
14 57 27
21 68 61
72 76 30
62 83 61
50 46 82
66 13 95
52 88 52
49 49 69
28 25 45
19 63 72
0 47 31
71 92 57
76 53 40
11 75 58
26 22 71
99 10 97
10 80 98
80 62 35
12 61 80
77 64 57
58 51 92
90 90 76
64 32 48
10 50 40
17 97 92
97 50 19
33 28 70
6 59 78
20 40 13
5 60 78
7 18 98
49 3 58
47 99 31
66 20 68
85 45 38
43 27 90
11 54 13
92 8 4
66 89 41
98 41 68
80 21 38
87 49 78
49 98 40
63 0 25
90 48 30
69 27 21
89 16 73
24 69 9
85 59 76
98 92 7
10 63 30
20 26 49
54 27 92
23 92 45
95 69 42
19 10 23
70 81 41
95 35 93
25 44 52
18 19 12
67 7 65
70 58 68
77 91 33
66 53 67
3 77 48
68 94 42
43 12 87
39 42 15
52 99 46
40 20 75
20 98 66
92 77 45
2 55 14
75 81 24
74 40 95
66 64 14
40 8 24
13 4 77
8 91 78
6 17 66
26 10 80
48 76 35
29 45 49
94 15 65
63 73 45
96 23 17
61 44 93
96 2 71
96 56 79
72 7 57
37 25 67
46 7 36
80 8 56
38 6 60
18 63 64
74 48 54
37 57 51
94 99 59
75 94 72
69 54 52
70 53 22
88 93 22
57 68 86
88 55 65
89 32 98
71 63 18
41 92 7
46 68 28
25 64 74
78 73 92
79 23 62
70 12 94
19 69 34
41 50 65
73 5 66
19 54 68
80 42 44
46 21 10
67 52 45
85 54 73
40 30 61
45 43 68
14 5 52
36 37 81
17 95 10
83 7 63
23 15 4
26 15 10
36 47 17
22 42 92
91 93 20
51 19 35
94 69 32
63 85 71
52 25 91
88 52 52
16 20 49
26 99 11
86 9 46
27 11 17
94 17 43
0 84 73
8 57 91
24 71 24
29 52 66
48 2 38
89 37 65
99 85 24
45 3 10
84 90 29
25 12 56
15 90 86
27 90 96
34 31 65
68 61 84
78 87 2
33 19 14
58 69 66
20 40 91
70 48 85
70 22 30
91 83 3
33 33 86
30 87 68
77 60 33
53 46 97
88 40 18
2 12 91
77 76 60
96 91 7
4 53 91
2 28 97
39 4 70
97 38 41
42 22 81
74 59 10
86 46 52
89 91 11
38 11 16
64 85 84
48 81 60
69 0 78
95 65 13
2 61 55
62 21 95
30 54 48
69 80 60
20 13 96
37 42 45
15 61 73
72 67 97
7 25 59
66 4 64
85 11 28
87 1 59
83 60 88
81 42 23
6 84 62
60 13 68
30 84 73
46 32 49
79 48 94
6 18 70
53 51 65
94 36 93
36 25 46
17 64 24
75 20 3
20 1 25
51 6 93
68 2 65
55 52 8
58 83 54
42 46 94
92 24 0
21 42 50
75 11 77
2 8 87
32 2 91
97 69 36
59 57 21
22 74 25
76 14 80
83 83 34
47 61 5
10 37 10
64 42 35
94 44 66
78 2 36
69 75 95
80 63 90
59 76 21
0 9 13
5 15 40
32 86 15
76 64 32
0 57 20
55 29 0
27 44 83
30 79 61
61 52 40
60 80 54
3 0 23
97 14 90
12 13 92
84 18 73
14 70 31
70 44 36
24 98 29
41 49 11
5 81 33
26 13 63
42 90 40
18 23 33
29 46 5
1 62 26
58 56 37
98 58 67
18 94 70
60 15 2
38 50 30
63 38 80
83 21 34
66 83 67
26 34 26
58 76 58
86 20 69
57 19 37
72 88 70
88 85 73
74 55 87
6 51 2
34 72 79
81 26 37
44 75 14
66 37 2
59 83 38
48 40 11
90 58 42
67 8 27
24 99 46
21 73 88
42 58 14
98 85 22
86 7 86
48 88 94
78 94 34
31 29 49
84 44 98
76 35 44
76 50 9
42 45 0
61 98 89
17 73 27
9 69 70
60 90 69
17 94 28
47 63 89
19 66 40
94 14 28
17 42 20
37 61 34
60 92 23
34 6 32
63 45 2
82 57 52
3 19 50
96 36 67
90 53 24
3 90 16
39 4 91
77 50 77
11 63 70
86 50 35
61 19 89
26 96 75
2 30 74
28 51 91
15 65 10
7 39 42
71 50 38
98 9 72
95 3 80
74 99 31
36 18 45
23 91 59
16 72 56
91 77 59
88 95 21
58 98 65
8 84 50
33 42 10
11 63 48
30 78 19
64 11 12
88 12 89
39 42 92
13 69 80
75 73 98
51 59 49
51 63 90
27 32 56
14 44 87
82 92 1
11 36 6
81 25 95
34 89 15
67 71 79
53 21 82
29 46 80
56 57 36
35 58 36
23 95 37
91 69 93
16 30 51
95 36 72
59 22 6
18 87 83
18 72 27
85 3 81
97 51 57
89 25 17
98 82 16
76 0 18
83 23 24
61 70 59
77 14 40
51 41 75
63 61 14
67 92 10
78 51 72
66 55 7
82 3 51
81 24 38
87 5 98
65 58 92
7 87 44
43 44 45
4 38 85
82 22 45
82 68 58
89 9 60
35 73 19
86 19 34
34 79 43
51 15 0
64 29 28
33 63 99
22 87 39
60 82 38
41 47 36
58 66 58
98 12 66
45 22 86
25 49 65
54 47 19
66 19 49
3 66 16
88 75 24
2 76 81
71 82 30
61 53 44
34 29 77
35 92 67
88 37 28
70 13 58
98 5 35
38 80 38
20 63 51
88 38 84
52 67 75
24 32 46
19 75 72
73 75 72
22 5 95
14 92 83
65 85 34
43 34 16
65 61 4
38 77 85
74 36 51
41 12 29
14 12 15
55 50 59
1 30 68
12 39 81
51 22 73
83 73 78
90 52 23
11 27 91
61 17 83
28 64 80
33 30 94
89 86 12
81 82 86
90 85 71
24 67 51
72 78 43
2 95 18
31 99 1
83 53 49
35 78 62
61 10 36
48 50 70
7 92 63
58 93 44
69 12 29
24 1 76
67 71 29
65 72 39
28 25 67
23 68 12
93 41 82
42 76 14
25 74 42
95 18 64
37 85 15
47 18 1
58 60 95
68 29 85
2 92 70
96 36 9
39 93 87
17 64 18
3 67 17
56 0 63
0 35 38
17 81 48
12 89 20
55 93 39
20 66 46
59 28 68
34 34 96
98 30 50
49 7 14
17 88 26
27 76 35
70 53 23
16 83 58
71 82 92
56 83 93
70 11 81
70 25 8
69 6 86
35 94 88
43 83 11
52 5 72
96 73 99
85 79 71
10 19 61
15 70 82
60 75 12
68 26 61
47 29 23
32 19 53
5 23 45
81 17 45
9 25 32
87 36 42
47 91 94
35 89 56
7 35 19
9 18 38
17 19 8
68 24 39
70 22 3
72 64 0
84 80 45
58 67 57
50 46 54
14 93 23
60 42 76
67 13 74
76 19 28
50 28 37
49 68 74
28 68 65
71 31 48
22 7 57
12 46 58
51 64 36
81 3 22
27 80 90
72 18 15
89 28 84
85 35 80
22 71 84
6 92 57
16 84 14
22 89 43
22 91 63
35 44 20
29 98 10
81 36 63
38 94 7
52 61 6
23 91 46
10 2 70
57 9 50
26 9 19
65 87 54
20 80 53
93 73 22
94 2 79
35 9 2
82 96 13
37 58 25
12 19 62
88 59 49
23 20 57
81 10 33
88 0 98
39 35 97
68 63 74
69 97 65
98 43 21
1 16 55
74 46 67
80 11 86
18 5 47
31 95 8
20 75 49
13 32 39
52 68 68
4 74 3
23 75 59
62 60 36
19 82 94
88 71 22
68 92 0
51 91 31
72 69 95
4 43 24
31 65 47
53 27 54
80 33 40
21 65 5
96 2 42
60 94 85
17 26 29
92 96 99
33 45 66
72 13 49
76 24 5
44 64 42
51 82 48
83 79 74
43 73 74
93 67 95
26 74 49
28 98 32
36 16 90
44 17 56
33 43 2
77 38 73
60 68 6
56 8 89
65 45 6
21 24 21
90 23 77
22 2 53
23 25 95
42 24 71
26 86 97
31 95 39
79 84 39
48 74 95
95 57 22
0 31 76
41 5 60
34 26 0
78 66 37
44 37 46
90 1 8
37 65 13
55 98 88
14 21 64
68 28 86
61 36 94
61 85 33
58 56 21
28 46 35
71 11 61
35 50 25
3 77 36
7 42 36
83 72 5
87 32 49
2 10 3
67 45 9
82 42 90
42 36 41
94 37 23
4 35 71
28 19 55
84 82 76
15 38 9
7 69 49
36 14 8
20 26 50
82 67 98
11 80 76
68 10 49
15 99 14
85 70 42
75 64 95
70 65 92
57 94 97
49 96 23
31 18 79
42 47 30
40 34 93
75 12 2
66 82 57
69 35 41
33 42 99
50 69 90
52 96 72
96 68 99
86 56 22
12 22 7
27 71 95
73 0 40
72 63 50
76 60 49
52 42 43
50 38 68
17 41 24
61 86 92
88 28 81
20 74 12
29 60 97
18 52 56
37 63 60
68 90 64
47 94 69
15 42 27
2 25 9
50 59 27
95 23 97
14 57 0
46 70 20
4 52 37
99 69 74
89 13 15
75 3 32
31 43 25
87 96 87
49 92 99
55 88 83
70 43 27
42 7 37
69 10 68
83 10 57
13 21 70
8 69 50
74 96 80
66 68 71
94 30 68
42 52 77
29 44 42
46 32 0
71 53 15
76 72 35
52 60 3
54 64 40
45 69 31
76 91 11
72 69 53
90 9 44
20 64 21
13 38 20
72 18 99
90 70 87
90 76 70
96 30 20
35 35 6
75 8 37
2 25 47
37 17 88
7 16 1
77 83 95
59 98 19
39 63 64
14 82 42
45 10 42
94 59 69
71 11 93
43 76 81
34 71 22
61 89 74
77 5 52
60 94 20
2 66 61
24 45 7
14 1 35
3 65 18
3 3 39
5 86 88
53 32 93
43 74 11
74 63 1
52 75 64
24 38 53
59 11 38
22 77 82
50 96 72
68 42 66
18 5 83
21 47 17
34 71 5
73 93 83
79 94 35
62 55 73
86 65 86
17 58 83
17 3 7
69 14 10
2 23 77
98 15 46
24 55 73
66 78 52
47 54 52
76 49 90
78 74 22
45 47 59
9 9 82
88 99 96
80 67 97
40 33 62
98 43 86
79 61 67
16 65 39
94 9 21
49 67 43
15 63 5
19 61 28
27 9 83
50 89 60
79 35 41
7 46 83
38 8 55
15 13 5
98 61 52
56 96 92
31 16 66
79 13 68
47 37 23
1 93 86
86 36 36
19 71 12
66 35 15
90 31 62
26 96 38
59 8 62
14 41 60
21 61 85
63 5 7
72 97 39
63 37 68
14 68 24
23 43 91
44 53 90
67 10 62
32 49 53
85 25 43
36 51 92
39 73 1
48 32 43
45 98 75
60 35 77
3 0 85
88 17 41
71 42 5
22 19 27
20 40 40
52 73 31
78 75 38
84 84 85
94 3 95
70 54 99
50 71 72
74 45 51
13 86 93
97 5 17
67 7 14
30 68 22
9 40 29
2 29 32
46 37 35
58 69 75
19 46 8
30 83 43
8 27 27
40 64 67
32 33 56
42 58 31
26 6 75
51 96 92
30 13 67
9 18 64
98 37 81
83 31 26
92 89 26
13 92 8
67 68 42
38 57 30
43 10 99
62 44 0
16 62 84
22 64 26
68 93 56
92 7 62
52 37 39
34 43 16
59 63 77
75 31 67
13 45 10
88 84 82
1 77 77
85 23 51
7 69 41
81 43 44
61 43 81
27 79 57
74 32 50
92 53 40
36 29 36
81 20 37
33 72 20
60 40 0
62 53 94
97 8 71
95 69 6
76 52 21
35 76 77
14 23 48
15 9 91
46 77 48
30 76 95
14 29 17
70 7 2
83 38 89
60 38 20
15 92 73
27 40 50
50 39 61
90 38 51
84 98 6
45 3 54
69 76 93
83 81 24
81 53 41
44 50 94
56 76 8
2 33 99
97 57 79
82 76 13
47 33 43
1 78 78
13 53 54
15 40 64
54 59 16
59 39 88
45 97 50
83 33 16
35 94 13
88 77 96
28 46 63
2 58 78
57 44 12
78 87 51
15 83 63
77 44 95
6 90 10
10 57 2
37 79 47
31 69 93
65 76 86
20 78 96
88 40 28
95 66 37
93 81 86
71 84 50
38 62 1
82 84 47
79 63 99
28 78 33
0 17 90
52 68 50
15 3 26
78 27 42
38 85 32
50 94 50
48 34 95
28 8 29
38 41 56
24 98 95
0 48 28
51 15 44
65 40 97
52 19 7
71 90 50
29 3 25
11 2 16
34 54 84
34 45 13
3 24 84
63 21 23
95 61 99
97 35 47
85 83 55
37 35 88
38 30 4
23 3 86
96 88 41
57 93 30
47 92 49
47 67 11
28 0 24
23 42 58
49 73 13
12 16 28
94 81 77
86 90 89
63 23 50
31 55 66
9 71 39
79 36 40
79 84 28
27 51 88
27 49 26
70 91 37
3 44 12
93 75 99
34 28 22
51 11 93
58 73 63
69 4 86
89 33 15
46 0 99
8 20 7
54 60 89
90 30 17
17 46 33
92 34 59
55 0 64
89 23 78
87 33 10
14 3 77
74 49 54
78 45 84
86 11 14
72 33 3
72 69 48
39 69 80
42 24 26
6 22 3
92 57 14
28 93 34
87 91 44
1 79 51
52 36 85
73 88 55
82 72 48
30 66 76
56 71 7
53 25 86
29 91 75
36 83 98
99 99 74
41 20 99
84 18 96
47 84 82
76 71 50
57 19 67
21 35 34
92 96 82
83 18 42
84 43 86
11 11 22
16 45 11
78 13 8
60 79 12
92 56 43
16 39 84
73 97 37
29 71 26
96 27 87
98 18 73
48 99 9
58 1 85
44 18 59
39 79 98
32 16 31
12 30 66
75 29 63
4 55 50
71 37 61
75 11 51
54 49 86
49 54 7
73 71 75
19 53 30
42 15 10
19 24 20
95 65 15
43 54 19
11 78 8
78 51 79
14 44 58
19 27 74
0 98 41
67 31 32
11 95 23
49 46 2
5 13 75
52 1 80
30 89 51
4 74 19
20 50 56
35 2 90
33 33 53
49 2 66
23 29 30
21 16 32
79 78 49
90 13 16
49 74 5
97 66 15
22 43 95
17 57 23
66 34 90
97 2 31
84 19 71
45 14 3
46 93 26
23 81 49
35 2 99
10 5 50
80 53 27
59 90 6
57 2 33
8 65 31
71 55 29
57 77 61
63 11 62
34 27 21
35 91 61
87 10 33
49 42 74
36 90 83
5 69 84
56 32 58
46 79 54
59 79 48
89 39 83
88 59 9
40 31 66
38 84 79
48 36 35
68 25 33
13 14 92
44 70 46
81 58 7
12 12 34
44 66 16
85 10 87
15 34 68
4 39 62
18 68 55
21 19 48
80 46 0
36 94 56
72 18 25
43 20 40
25 96 18
22 43 4
4 54 36
16 3 28
60 43 75
27 81 53
36 63 51
20 76 30
46 16 44
92 64 97
45 41 6
9 18 14
45 60 95
20 46 72
9 39 75
60 1 72
30 50 69
20 22 3
76 85 28
68 2 28
4 90 51
91 61 28
4 33 35
34 76 82
35 75 74
7 68 89
17 83 80
95 20 88
32 52 15
29 76 69
18 66 31
59 11 89
67 42 43
85 60 35
72 14 5
83 88 13
63 67 62
67 2 71
18 82 48
67 55 7
1 99 86
14 76 29
9 76 38
90 81 64
0 88 66
42 10 78
32 44 78
6 23 52
91 84 55
66 48 21
35 35 26
13 60 51
33 23 79
19 13 37
46 46 8
41 22 89
10 45 99
52 78 95
63 93 87
84 58 13
4 55 60
25 10 95
43 56 20
15 21 45
40 59 49
45 41 63
89 62 51
56 48 41
54 10 78
47 63 11
57 14 44
87 35 52
50 72 67
10 38 13
64 17 59
12 10 39
47 15 21
33 10 74
36 87 86
14 72 30
57 86 35
19 47 25
60 94 92
55 36 79
80 13 43
51 22 37
61 34 12
30 95 40
68 32 16
62 56 70
25 62 12
52 35 25
6 75 64
83 56 47
31 45 46
11 90 25
4 5 43
78 36 63
17 80 34
17 57 54
68 91 64
55 12 45
5 14 88
38 60 10
53 90 91
60 25 2
66 62 47
45 12 2
65 8 76
76 49 34
25 0 74
10 29 26
7 41 64
74 11 60
33 98 45
49 64 22
47 34 29
39 10 73
46 58 82
0 48 54
3 44 25
14 55 6
99 50 81
32 11 2
74 64 64
6 97 27
75 24 23
79 89 99
3 53 37
74 20 92
6 46 63
39 86 17
31 77 81
75 82 17
20 47 47
11 69 54
59 71 64
80 71 8
54 77 54
31 0 77
35 29 21
19 23 17
51 13 13
2 23 16
3 25 84
36 27 88
96 81 89
2 66 98
83 12 76
32 12 11
0 17 64
86 75 27
84 6 51
79 20 25
79 33 39
60 36 41
64 93 56
1 15 84
4 8 38
48 11 66
10 95 43
26 34 47
23 22 72
34 44 31
11 76 1
8 12 19
20 15 80
64 35 48
24 31 13
95 93 21
73 79 83
58 75 78
72 95 7
80 91 86
23 73 87
28 16 13
32 85 68
78 25 11
7 55 69
33 46 66
4 15 93
31 88 65
27 69 44
17 24 83
81 40 79
42 8 12
77 53 39
41 69 67
0 17 56
2 0 28
85 52 56
21 81 21
92 41 82
17 13 85
72 85 43
25 70 10
41 30 31
22 7 51
2 71 60
83 72 23
9 71 84
86 69 29
18 30 84
54 95 83
61 66 11
2 67 31
33 53 22
86 0 69
14 4 63
96 34 1
89 16 0
53 32 66
90 3 36
16 33 54
35 80 43
54 95 31
77 23 42
89 23 71
17 56 88
79 45 15
86 17 75
91 69 83
19 69 1
25 34 25
11 88 84
92 26 91
69 62 14
6 73 37
82 95 36
72 36 9
15 33 8
52 78 64
52 66 24
77 71 77
49 69 24
12 28 36
8 12 70
82 57 79
63 49 20
19 12 54
1 33 52
10 61 47
95 97 15
45 33 49
0 95 89
83 53 4
80 4 36
65 45 88
74 17 29
31 66 50
34 64 98
16 51 66
66 41 63
41 57 20
6 74 81
75 51 68
11 67 6
59 37 57
46 64 70
26 93 42
55 22 30
68 66 79
5 43 17
62 48 33
38 45 62
59 79 98
88 57 54
68 80 81
54 44 88
11 42 83
25 37 35
37 24 27
36 80 78
46 17 49
46 63 71
10 6 64
77 83 80
52 11 23
25 51 15
29 69 66
28 31 70
27 47 6
47 96 89
20 4 75
31 20 6
39 69 92
71 68 8
47 89 30
0 82 24
54 86 10
18 32 31
73 69 89
11 45 7
59 86 67
27 69 66
24 51 76
6 79 89
32 6 87
8 76 17
6 2 55
91 69 96
31 56 32
49 88 90
50 12 2
71 69 25
61 91 98
8 67 46
9 18 76
95 85 68
94 82 32
38 61 76
33 32 59
63 12 33
62 33 80
75 20 4
97 94 43
88 42 74
21 7 27
40 40 93
71 90 61
6 7 38
83 98 13
76 51 48
9 91 28
26 59 71
78 64 98
97 7 45
5 97 78
44 41 74
61 3 85
14 96 39
63 68 87
45 1 47
19 79 90
91 80 47
83 11 64
87 69 66
62 45 23
10 10 35
85 6 30
40 16 23
95 85 58
83 60 4
97 20 74
52 45 1
41 50 38
69 68 69
22 63 94
9 96 26
91 66 14
91 85 60
23 9 86
55 96 94
14 85 69
91 19 82
34 77 97
28 92 81
68 60 71
18 24 77
1 37 59
16 95 86
69 71 44
47 65 77
51 72 22
95 54 24
59 68 38
67 13 7
5 82 24
87 42 8
41 37 83
73 31 14
45 12 89
78 79 48
50 20 27
28 26 38
95 90 95
39 34 26
59 81 53
56 42 23
18 70 59
49 70 60
64 45 78
34 17 83
8 77 45
23 8 99
74 61 73
71 34 67
61 35 93
72 85 18
0 90 82
99 15 20
11 24 43
67 34 43
5 1 73
79 30 62
53 23 22
86 71 33
38 5 96
87 93 23
10 39 94
47 10 2
32 62 82
48 71 80
96 12 25
13 36 13
79 83 22
92 69 8
82 40 48
69 37 15
87 20 38
80 14 42
54 37 38
85 92 55
24 50 60
38 45 43
13 5 60
68 70 50
72 37 5
73 31 13
96 92 50
71 77 21
21 30 10
69 35 11
75 6 94
0 61 57
83 93 51
64 63 1
35 6 85
78 89 39
9 63 89
95 8 69
57 84 66
53 15 0
23 60 33
91 83 30
59 95 86
44 72 60
0 53 30
22 63 59
98 54 9
4 28 81
57 47 79
28 8 83
40 25 20
10 64 49
50 2 46
88 38 63
68 10 4
76 81 44
60 71 31
2 35 0
42 93 43
35 60 15
86 58 1
27 62 18
6 57 2
24 32 76
75 64 35
50 86 30
23 53 33
84 90 9
54 80 27
11 11 52
10 45 76
21 57 82
53 63 57
82 6 57
41 72 0
54 37 81
19 21 42
57 12 6
27 45 22
69 42 99
39 48 27
93 89 32
33 18 41
21 93 92
11 6 64
33 97 73
48 3 51
34 61 19
36 12 33
6 13 37
7 8 56
40 32 94
32 50 69
47 32 0
97 67 68
69 60 68
41 81 91
20 10 37
15 19 44
39 9 50
8 95 25
92 70 32
63 52 37
43 74 98
64 25 44
49 64 46
78 54 98
70 47 96
55 45 72
97 59 33
4 90 73
95 81 72
21 14 18
61 77 21
80 94 10
16 42 49
92 88 88
79 37 49
55 59 66
62 73 23
18 91 95
57 78 91
82 64 45
0 43 40
35 98 99
90 11 42
99 73 50
64 78 15
92 95 73
72 32 17
58 18 21
77 89 12
52 84 39
14 73 78
80 75 36
90 58 66
76 99 55
40 50 2
4 11 4
39 18 75
89 50 83
36 54 99
30 35 96
47 83 75
69 37 75
32 27 9
70 82 53
30 26 89
31 47 97
81 51 46
13 89 75
83 70 88
82 58 64
77 24 15
37 44 30
84 57 62
60 56 57
88 33 49
91 64 85
90 3 76
56 55 48
28 28 84
60 37 15
84 94 57
0 52 71
97 46 60
41 0 8
38 86 77
52 35 64
77 24 21
2 99 73
6 67 21
9 29 53
47 95 54
38 77 66
70 54 81
58 73 24
56 42 1
17 25 86
73 63 12
36 61 55
63 15 66
67 43 67
95 56 56
64 0 69
51 33 11
49 3 47
96 97 95
89 25 41
33 33 7
21 75 28
70 87 0
72 38 54
0 83 46
82 43 85
56 9 62
11 7 4
40 19 92
15 55 90
33 29 11
14 2 77
36 79 33
96 39 55
19 80 25
4 2 73
1 18 95
77 92 90
45 8 69
43 79 68
17 0 41
28 63 39
29 3 12
47 60 24
52 64 48
66 87 75
48 5 11
95 51 16
57 6 94
61 95 91
70 5 16
66 53 66
65 49 23
62 50 92
52 74 57
97 61 37
1 93 99
33 34 16
34 90 94
17 91 36
55 9 12
16 51 41
44 17 73
9 18 21
85 64 69
54 23 44
55 67 57
91 17 55
79 70 17
78 56 25
76 28 51
1 43 92
68 37 31
84 56 93
44 20 8
40 70 5
44 15 29
22 18 80
65 45 58
23 80 60
55 5 33
57 16 71
95 40 68
65 29 91
56 64 10
8 67 55
75 46 72
50 39 36
30 98 79
20 39 12
27 67 74
89 57 81
0 99 66
82 11 58
15 76 3
47 37 37
77 24 43
93 44 31
87 22 49
7 59 9
10 1 98
86 6 24
78 30 2
24 94 84
56 63 74
90 71 71
44 3 56
20 99 84
83 12 63
24 91 45
95 9 48
2 97 70
76 31 80
76 44 63
69 18 10
60 99 58
6 40 9
72 45 78
16 13 28
75 40 26
59 82 4
89 42 33
51 55 25
27 48 27
7 24 58
97 36 67
17 97 93
33 1 76
39 23 53
80 12 67
17 25 23
59 0 86
50 93 99
8 14 41
99 94 81
55 40 80
8 84 84
59 32 69
31 80 40
88 82 17
25 84 27
66 26 6
1 90 92
20 92 93
28 27 68
53 16 65
51 94 27
30 36 30
88 12 68
85 85 45
20 49 83
98 21 63
54 76 62
61 77 99
54 88 61
37 52 20
32 66 50
74 86 45
85 39 22
12 26 22
20 11 10
85 38 32
61 22 20
76 39 27
63 77 3
17 73 22
20 69 27
70 37 25
83 30 98
10 25 44
20 29 33
77 11 69
23 1 82
54 45 82
58 99 18
15 24 47
79 41 76
57 76 59
33 98 74
63 68 73
46 24 33
58 17 94
80 49 15
33 72 23
81 12 5
97 16 22
68 94 31
87 76 21
9 93 5
6 67 5
0 92 15
28 20 35
1 30 84
29 46 86
18 17 5
20 40 23
36 56 80
54 9 90
27 34 69
34 40 50
75 27 41
47 41 25
87 2 46
58 64 32
89 57 41
87 92 41
88 80 69
17 27 72
42 63 42
22 1 46
75 2 70
91 56 86
54 15 21
18 27 11
92 7 82
29 78 12
19 40 86
1 24 10
22 80 33
35 80 33
81 21 30
30 76 80
84 39 65
60 9 85
17 81 21
52 91 11
0 40 11
68 37 43
36 48 6
65 8 54
54 59 32
8 76 27
36 2 88
15 29 80
26 74 24
78 93 61
54 20 16
16 86 15
61 86 54
66 26 54
51 43 4
76 36 83
99 37 53
6 18 80
39 41 9
77 53 13
12 50 32
36 51 21
80 53 73
87 87 71
70 69 57
40 76 23
82 73 50
35 39 76
88 9 82
45 31 62
24 8 0
15 61 38
13 41 5
61 52 56
63 35 57
54 53 61
84 3 63
5 94 43
33 96 14
72 8 13
61 69 24
71 95 44
81 57 59
56 27 87
18 65 17
61 55 70
82 41 35
56 9 11
34 0 22
29 95 98
90 85 20
16 97 59
61 41 51
72 96 80
43 16 95
70 54 98
73 36 5
67 47 82
83 56 10
71 45 93
43 47 58
54 56 85
20 70 95
59 19 36
11 67 73
97 59 58
89 59 54
94 27 65
3 51 33
0 72 87
90 75 99
9 76 26
74 92 65
56 10 98
25 76 33
42 99 46
20 31 96
41 72 86
93 45 30
23 55 86
20 62 56
48 11 82
86 14 72
8 83 32
33 90 11
99 1 56
45 46 53
59 93 90
68 48 68
87 34 44
77 68 36
10 2 37
46 39 73
62 53 34
74 57 82
95 1 35
83 20 59
86 67 59
16 97 53
78 84 65
31 15 35
12 9 69
51 64 84
10 53 27
35 8 42
61 21 84
53 49 45
84 25 63
35 40 20
29 7 31
8 95 31
10 86 22
4 67 67
60 2 5
48 65 28
94 21 60
51 9 1
40 57 96
31 26 74
79 65 78
41 84 65
7 87 24
99 78 76
79 53 62
71 10 97
2 92 25
71 94 97
67 92 82
22 60 64
33 95 25
76 76 58
90 76 29
22 79 76
64 9 24
33 3 72
43 31 91
48 94 78
24 37 26
90 73 47
54 28 12
58 13 6
1 83 39
49 24 59
49 63 33
22 56 91
98 1 9
44 46 61
67 96 69
94 84 10
49 35 35
35 79 42
52 57 25
29 47 30
51 34 76
40 34 71
7 88 66
47 23 14
65 43 62
90 56 64
62 13 1
75 20 12
12 38 21
82 5 48
47 64 83
88 92 94
62 78 12
26 59 70
51 41 57
18 86 10
75 16 71
63 22 78
0 79 96
19 98 7
94 42 42
10 29 70
41 83 28
90 72 75
93 17 13
41 26 4
11 62 30
16 37 69
38 90 73
61 83 62
78 67 75
53 90 80
31 4 48
41 15 46
83 16 77
77 18 98
30 78 92
57 55 36
0 48 62
66 49 45
37 30 99
21 25 24
97 42 47
98 28 70
45 16 27
13 33 22
39 45 63
69 44 24
92 25 21
19 46 2
76 39 7
60 25 46
37 26 24
17 89 46
51 41 99
88 88 62
77 10 29
45 31 46
96 66 5
56 51 22
9 21 47
64 92 95
26 45 4
62 13 54
65 43 72
32 27 44
79 62 24
82 6 8
66 65 71
38 49 16
99 86 65
80 81 41
81 1 14
17 12 18
97 8 69
71 9 28
48 29 33
66 86 53
19 99 90
90 50 57
76 49 4
25 21 76
8 18 99
24 79 47
40 54 8
17 46 70
72 73 56
6 82 37
81 42 75
77 58 20
97 29 4
47 26 43
78 86 19
51 81 82
70 59 67
58 33 77
49 74 42
20 87 24
63 79 58
69 28 43
77 14 94
73 82 67
10 22 54
80 58 56
89 50 58
36 48 90
66 97 56
23 22 95
7 27 74
2 7 83
32 79 32
32 61 28
69 86 62
3 98 19
25 44 13
98 74 82
73 37 91
96 34 97
19 52 97
37 95 16
30 69 81
9 71 16
53 52 38
8 6 89
83 59 29
49 57 62
20 73 78
52 17 58
96 93 4
65 5 87
87 51 28
62 79 83
65 34 15
67 71 37
43 56 81
49 35 54
40 33 36
19 13 49
12 78 7
48 24 23
48 45 99
48 62 15
67 51 82
65 87 46
85 36 30
65 67 95
50 90 97
11 90 97
37 95 29
55 70 78
75 13 97
46 40 62
47 0 53
17 93 4
14 33 57
65 39 11
57 61 47
54 10 62
79 77 56
76 10 43
42 97 54
37 2 36
33 55 94
29 6 58
25 17 54
20 16 32
80 85 6
23 23 15
51 64 21
99 34 34
78 85 99
54 58 94
36 28 80
94 67 44
66 75 84
50 61 64
49 81 88
28 73 3
80 39 60
61 77 31
42 54 18
85 15 64
12 12 74
85 26 62
70 62 24
25 27 77
29 88 61
78 99 66
81 29 90
24 71 98
62 10 4
6 25 7
79 29 22
39 24 80
78 13 29
6 91 74
36 68 21
87 3 2
96 98 23
85 72 26
90 26 12
81 75 39
5 47 9
12 91 95
71 5 47
57 95 74
89 89 35
51 91 98
93 70 20
36 40 33
80 56 88
56 56 73
56 67 79
6 13 91
76 9 25
56 55 1
73 30 72
70 90 51
73 53 34
70 56 38
83 79 56
25 12 73
76 1 31
64 76 62
84 41 19
66 55 79
74 36 11
55 23 69
12 99 11
23 94 17
48 66 11
64 80 51
56 94 97
99 36 52
83 37 46
74 19 89
47 85 16
23 63 11
27 2 69
95 21 93
37 57 3
94 83 54
1 53 56
6 2 13
19 20 23
41 29 83
99 77 24
81 43 76
9 58 0
39 69 91
84 16 87
45 18 22
62 65 18
16 9 61
9 66 61
40 45 1
0 86 26
53 44 11
58 13 14
2 81 27
97 4 65
92 57 21
62 85 61
39 20 69
73 16 29
65 57 92
60 39 53
94 52 92
38 10 68
15 31 76
77 56 63
33 4 21
32 11 93
52 89 95
59 90 53
11 61 33
39 13 27
81 67 1
60 48 31
24 83 24
14 51 49
69 71 43
18 84 97
76 73 10
87 68 59
57 88 25
54 52 7
83 68 46
51 72 3
13 99 59
27 63 28
6 18 45
71 56 76
36 27 4
16 11 11
23 15 86
69 44 26
25 0 14
44 53 10
2 52 1
25 96 84
41 16 57
44 60 10
11 74 90
28 46 59
33 82 57
83 21 77
14 43 98
66 32 65
18 34 22
72 70 8
84 18 70
47 34 90
49 12 77
0 79 7
28 88 67
47 72 39
62 69 86
65 42 72
2 63 25
44 29 44
9 1 46
80 61 18
56 53 57
49 27 95
78 79 81
34 44 85
53 11 39
83 53 29
86 65 84
96 20 32
56 0 80
73 93 92
80 12 26
80 45 21
31 29 11
6 79 86
33 36 31
5 45 69
20 9 23
72 9 4
49 19 3
44 60 1
53 58 45
64 33 21
82 73 86
7 76 77
63 77 44
8 93 35
80 80 36
9 6 66
55 94 56
65 1 90
90 59 41
76 30 0
41 79 83
68 92 36
82 51 29
36 11 35
76 70 17
12 89 56
83 96 90
72 32 88
7 47 98
49 11 39
37 90 22
88 66 91
38 33 74
26 71 46
60 90 2
68 57 50
34 11 51
50 86 62
62 46 30
37 89 13
19 13 11
70 15 92
97 49 37
34 69 86
42 76 60
77 40 23
9 5 4
31 67 47
64 0 59
18 29 60
58 41 65
93 68 75
2 41 99
72 10 87
48 61 73
37 77 0
74 86 46
84 22 31
32 30 4
10 79 68
68 29 24
25 25 29
88 92 72
22 83 85
75 69 7
48 10 6
6 13 71
15 45 88
73 33 65
99 7 74
70 12 35
84 61 65
15 78 40
25 2 42
16 78 74
36 82 35
78 30 57
46 20 33
16 25 22
25 56 98
1 94 87
51 2 30
15 87 5
42 99 42
62 20 22
41 14 43
72 96 45
10 10 21
34 85 38
60 37 84
30 14 71
24 42 34
90 77 7
47 46 77
55 8 44
82 83 51
24 70 38
70 2 8
49 50 87
32 66 87
90 4 38
27 40 22
17 97 19
78 56 9
96 33 23
66 0 5
1 15 63
36 2 89
14 98 10
15 58 86
5 11 26
99 24 5
17 18 78
57 48 40
90 4 80
75 81 21
9 26 91
92 36 33
10 99 63
47 45 78
80 18 79
67 77 68
28 36 63
39 99 16
73 18 76
72 75 99
39 40 87
81 48 14
58 13 62
52 12 36
16 30 1
48 97 0
8 36 6
88 81 44
29 95 80
94 22 60
90 3 37
91 49 31
12 91 38
32 31 9
90 69 17
20 5 75
27 51 62
44 22 4
74 68 65
94 5 93
38 84 5
98 33 69
50 11 88
83 9 83
96 24 18
94 36 40
80 92 41
74 66 28
30 8 15
13 55 15
60 22 91
3 70 42
83 15 12
31 7 98
6 78 63
71 89 69
24 12 92
78 89 38
92 51 51
8 40 26
42 17 94
62 28 24
56 98 54
86 61 41
60 2 72
79 93 3
8 38 75
93 80 79
3 41 82
89 94 22
50 14 96
56 99 22
80 29 88
85 48 31
58 10 14
68 51 31
14 94 63
6 32 97
91 68 12
7 89 44
88 70 33
45 77 85
14 93 93
68 71 45
45 52 52
63 61 29
22 51 20
31 70 5
90 95 91
50 33 26
9 66 12
72 92 87
6 75 26
49 13 18
41 49 19
78 89 48
70 77 92
31 61 4
48 26 28
55 31 44
55 9 11
70 53 80
92 41 72
77 38 74
48 91 22
56 29 69
89 27 76
71 6 20
72 6 8
11 24 54
88 79 57
63 93 62
11 92 83
71 97 76
67 34 21
23 62 83
72 39 54
29 51 84
24 28 24
23 80 48
80 18 51
97 47 76
63 36 39
1 24 82
39 92 43
84 14 30
17 61 29
28 54 44
55 39 81
91 35 27
54 80 88
52 50 79
59 47 45
71 32 9
80 47 9
33 26 86
52 4 41
45 78 28
26 62 98
55 52 22
90 57 93
2 53 38
49 79 29
12 19 26
42 9 49
43 92 11
32 31 42
52 50 76
63 69 66
66 86 69
63 47 23
25 91 73
68 83 24
98 88 96
68 59 93
37 95 42
30 95 81
34 95 99
63 91 86
63 70 24
48 1 76
95 5 36
28 92 99
93 53 20
2 49 49
36 17 21
60 13 88
16 40 33
54 19 38
36 88 95
59 86 66
74 93 69
71 76 84
40 94 28
47 15 45
98 83 55
44 26 77
31 49 41
14 93 57
81 66 41
70 93 12
51 21 18
28 58 19
8 96 55
60 65 90
35 6 45
40 45 63
94 40 35
70 14 82
20 46 64
97 71 5
7 53 86
70 60 89
81 4 31
88 11 27
58 21 5
56 87 25
23 50 48
16 98 26
92 29 18
70 70 50
92 78 52
5 8 41
30 86 20
17 77 96
22 59 14
43 12 59
11 24 16
62 96 65
69 68 90
97 19 27
12 68 72
9 78 44
63 68 78
21 35 0
80 13 58
30 78 77
19 74 74
5 73 84
35 43 20
11 15 35
93 48 99
82 79 33
98 83 95
11 25 23
20 49 34
55 64 22
45 16 34
65 48 54
79 9 53
52 63 99
34 13 81
88 7 60
48 40 53
49 64 68
36 61 71
70 34 76
40 57 91
83 10 66
5 75 64
70 99 27
73 80 87
38 42 26
51 88 46
9 97 28
25 99 7
4 85 64
76 11 17
48 58 42
73 47 82
82 92 15
31 56 2
58 62 92
74 24 18
9 72 3
31 12 2
3 37 4
8 64 30
35 78 41
80 53 59
12 99 59
21 73 47
81 66 60
69 13 62
3 39 64
12 89 4
84 45 52
94 3 86
61 74 0
28 42 3
70 39 69
92 0 85
59 24 95
70 42 28
44 78 3
64 73 95
35 26 34
49 86 45
67 59 94
82 44 24
9 29 25
41 71 65
58 83 70
42 94 26
88 93 40
14 12 21
87 55 35
72 56 29
56 25 81
42 80 94
65 40 38
41 90 8
71 69 51
95 71 97
42 2 69
56 17 13
93 54 6
58 60 39
90 0 87
99 98 21
1 21 21
28 58 67
58 58 22
39 5 89
22 58 95
19 32 12
4 15 58
28 4 38
33 82 72
33 25 12
61 85 53
19 11 40
30 27 23
41 28 59
68 62 64
13 6 26
90 21 41
86 95 10
24 54 64
45 51 87
73 5 9
68 18 82
18 69 93
74 15 14
16 74 15
54 62 24
31 82 13
26 11 14
52 47 6
89 71 50
31 8 83
89 74 87
66 84 92
30 12 9
57 61 42
45 99 13
95 72 23
88 61 68
55 18 18
51 59 50
27 19 97
62 26 96
94 81 78
65 9 8
96 23 18
80 34 41
49 1 67
10 88 89
22 14 79
36 11 85
91 46 10
44 61 2
5 49 7
32 89 51
59 27 98
96 75 70
64 96 75
60 29 25
48 61 25
33 24 77
92 24 18
75 82 32
27 47 9
3 81 11
77 98 54
36 33 46
31 80 33
25 21 83
64 57 34
90 16 5
77 48 4
45 56 36
40 39 32
5 13 52
35 76 37
17 51 9
60 13 24
81 48 47
65 75 15
43 63 41
10 61 24
31 90 36
10 90 61
63 10 4
91 45 45
23 20 0
95 56 67
11 0 62
85 32 65
47 20 10
63 96 26
61 90 16
30 16 35
12 21 90
5 40 11
4 91 98
90 68 23
9 63 46
58 39 13
57 2 25
29 0 74
67 70 91
19 10 81
13 46 13
8 38 50
47 15 11
33 71 68
5 20 99
96 80 70
69 76 86
52 42 31
75 75 58
52 41 57
98 69 26
72 13 74
63 48 23
26 22 54
98 84 48
67 85 54
27 33 60
21 25 7
95 62 4
94 88 98
53 92 70
46 3 97
23 69 74
87 20 64
84 33 25
58 77 41
95 12 96
53 62 56
21 98 18
73 96 67
23 22 49
20 65 52
39 51 45
47 44 32
94 80 72
80 15 33
50 96 35
56 16 78
35 94 14
34 14 25
18 49 54
24 91 14
37 99 14
79 53 1
67 77 38
4 90 42
82 18 2
98 39 64
68 60 22
3 44 79
88 49 96
58 13 83
19 36 7
95 17 39
41 13 59
49 93 6
68 71 27
13 6 68
10 2 52
29 49 68
20 39 11
26 22 89
77 78 77
63 84 26
45 84 72
14 49 4
98 56 29
51 16 59
83 51 89
74 30 13
42 23 34
37 67 57
65 32 22
73 40 67
64 58 8
47 60 54
82 46 67
89 2 7
44 75 19
61 49 20
78 17 72
87 17 59
65 35 41
2 26 66
24 90 7
80 59 85
66 63 13
79 13 89
41 48 82
25 70 9
58 81 90
23 42 3
67 3 36
87 94 97
1 50 85
43 90 82
14 34 58
4 21 14
71 0 28
80 41 76
99 52 79
97 79 42
46 53 97
48 68 47
58 51 26
61 18 72
40 90 26
9 56 30
36 47 86
4 11 36
67 10 33
21 18 57
54 89 46
74 99 25
65 94 14
43 72 67
83 72 99
35 74 68
15 41 48
45 1 39
30 68 47
48 11 76
4 31 73
35 85 63
1 99 44
45 34 27
28 3 78
80 95 51
18 78 0
8 28 97
86 7 72
73 12 22
16 15 78
27 72 38
57 42 40
61 64 11
32 38 75
88 22 59
79 62 98
44 97 25
94 17 33
36 49 13
37 45 30
57 88 41
14 28 44
61 90 4
86 28 26
62 17 72
1 45 82
78 69 21
58 45 4
23 24 33
70 83 79
94 55 25
51 25 54
15 26 53
25 92 42
40 47 19
65 6 19
99 68 8
35 82 99
67 71 62
4 61 91
44 72 66
32 50 5
33 51 38
84 10 58
38 14 76
34 57 99
48 94 2
82 57 3
29 16 61
79 86 2
21 87 85
36 34 42
33 90 47
60 34 27
13 7 69
75 75 5
49 77 84
3 40 32
20 69 26
88 1 20
95 57 18
83 82 68
69 88 18
93 56 1
89 71 49
11 16 4
76 70 44
73 95 42
49 3 92
5 98 96
9 48 33
74 41 93
90 10 44
76 75 3
50 14 14
7 24 84
15 98 85
93 64 0
50 75 41
81 56 96
82 9 24
62 59 80
21 50 53
39 94 92
90 52 71
26 93 19
18 58 72
42 38 46
67 27 91
21 77 34
4 2 14
30 4 95
5 62 71
10 44 68
51 48 27
78 17 30
86 39 93
70 50 34
56 16 85
52 10 21
96 38 45
22 18 82
10 40 41
59 12 9
4 96 53
62 33 82
20 8 29
56 49 76
15 33 9
41 97 68
84 4 37
98 86 93
6 31 83
86 79 84
45 70 30
84 94 40
28 73 96
3 38 11
62 37 54
16 27 47
0 63 25
39 90 71
76 41 45
93 29 67
16 78 89
67 97 40
14 51 99
75 51 29
10 83 63
90 42 39
13 25 6
82 10 95
50 63 84
42 72 38
70 44 27
81 21 7
30 47 56
70 56 41
79 34 37
4 57 6
82 28 27
86 28 76
78 87 84
22 26 71
60 7 9
25 68 95
8 17 57
6 91 33
67 3 57
83 62 30
41 96 92
55 43 85
26 8 14
17 3 62
23 27 16
70 52 77
4 0 17
77 26 97
20 42 47
16 81 89
48 49 12
70 93 20
60 28 35
33 66 57
32 64 67
12 82 45
65 34 26
31 10 71
80 91 85
84 30 8
22 59 1
38 29 93
37 52 47
69 87 86
12 59 95
48 39 66
72 42 34
99 43 30
48 26 92
38 95 0
16 82 75
88 73 90
59 70 30
16 8 51
67 92 16
88 59 82
36 27 47
50 3 42
90 68 27
2 58 62
54 51 26
2 36 18
70 93 61
44 18 10
31 51 55
60 77 10
32 66 46
65 81 37
74 22 87
2 88 87
50 1 28
20 51 18
38 87 80
52 30 7
20 52 98
26 50 26
25 72 32
6 29 55
84 41 88
41 85 92
12 58 6
27 7 76
9 80 88
96 63 79
92 47 43
90 16 99
8 59 30
45 27 53
78 41 96
45 30 20
37 93 94
31 93 60
18 62 29
68 34 40
85 27 85
85 78 21
85 81 92
27 36 85
27 87 55
42 53 65
11 99 76
1 80 38
90 84 0
27 68 68
4 29 2
92 35 31
46 84 88
62 89 65
37 66 57
53 79 95
90 99 65
57 91 19
88 10 60
6 45 61
14 78 96
52 67 85
50 77 28
32 91 81
11 76 91
91 4 28
18 26 79
40 46 25
88 26 90
70 9 66
23 45 45
73 53 43
77 34 18
70 20 81
32 53 13
92 22 16
38 33 4
1 10 12
81 2 91
5 82 95
12 66 72
89 65 36
39 87 83
66 23 46
86 56 9
9 6 7
34 60 40
26 9 43
74 61 32
64 57 39
80 59 12
76 8 0
98 8 48
62 61 36
40 66 99
31 89 40
35 77 55
56 71 52
56 24 4
49 33 19
73 84 15
67 29 16
6 38 19
94 78 16
70 60 5
94 96 35
45 90 37
39 10 91
47 90 61
62 79 13
16 17 92
1 51 4
8 78 79
17 88 25
94 53 67
32 27 92
23 53 5
25 92 31
39 45 41
0 2 44
98 77 19
23 40 66
16 35 61
95 17 93
34 18 48
0 26 13
25 21 3
56 67 77
19 34 66
42 75 99
89 42 14
89 15 59
51 83 27
93 26 54
50 25 1
49 26 96
19 3 2
67 71 3
86 30 18
8 14 49
25 52 54
97 2 9
28 92 1
30 55 84
69 56 52
19 71 69
19 89 84
92 31 32
87 35 43
1 55 19
68 0 5
67 65 14
74 28 49
94 25 23
94 83 1
10 45 27
86 15 63
8 65 68
97 66 70
38 32 92
40 93 50
74 89 23
18 51 57
21 58 55
11 16 50
1 91 92
1 78 12
25 65 18
49 51 29
62 49 33
4 2 28
34 69 76
76 18 12
89 43 85
98 88 61
81 91 15
73 33 92
82 66 24
15 35 11
93 47 70
73 32 67
65 76 39
45 49 13
24 70 74
49 2 29
1 33 70
5 65 39
40 28 56
42 24 33
55 73 59
45 95 49
84 91 73
50 58 96
26 61 99
72 4 93
47 17 26
40 11 87
66 0 62
67 72 97
62 47 62
35 24 17
17 59 99
79 0 61
61 25 95
70 17 90
79 69 7
30 1 39
79 88 21
81 62 54
14 27 6
86 66 85
61 33 81
3 25 99
44 4 54
0 85 15
95 20 85
65 96 35
51 38 50
64 78 43
86 57 99
17 74 42
91 87 42
36 83 93
54 49 76
95 79 30
29 39 38
31 57 10
99 38 53
50 81 9
65 64 47
98 49 54
61 28 48
22 68 19
12 77 16
92 95 19
2 60 69
9 11 21
95 36 97
19 34 92
62 51 84
9 64 21
34 88 46
36 89 78
37 81 20
77 4 71
81 47 87
40 3 39
38 79 81
52 31 63
77 54 54
34 55 8
7 98 52
13 76 71
99 15 42
0 94 93
46 96 49
79 48 27
32 38 67
81 44 23
35 15 65
50 92 0
35 73 90
71 3 39
72 43 90
84 30 26
39 10 77
25 33 97
12 37 50
63 19 27
86 56 34
56 8 94
52 6 99
68 14 11
48 73 59
71 99 7
85 9 87
2 76 46
0 58 31
80 31 62
4 80 64
44 94 16
66 21 32
13 70 25
68 58 7
61 98 90
94 28 80
39 81 24
41 30 63
13 56 37
84 40 96
36 34 27
13 18 48
95 65 56
48 15 8
15 10 26
60 0 67
72 86 73
54 52 25
31 34 34
53 49 75
68 56 49
89 20 84
39 25 17
64 59 35
98 86 72
70 45 92
29 79 74
5 56 52
88 10 76
84 77 18
91 23 7
4 86 75
1 86 32
50 88 22
65 91 91
89 97 81
45 25 19
32 65 3
98 35 33
44 88 6
87 95 22
27 74 70
61 82 79
76 69 16
42 55 77
10 1 53
55 2 58
9 15 46
22 45 46
52 65 45
33 45 33
31 99 64
14 61 94
49 51 93
3 0 14
61 69 81
28 12 92
76 97 8
42 98 6
73 96 84
45 33 70
1 90 81
87 47 15
55 43 88
49 81 17
51 38 96
43 51 76
97 65 80
97 11 99
45 2 68
23 57 5
29 38 80
84 67 84
53 75 50
83 88 93
13 36 12
10 4 75
90 24 92
54 16 7
45 64 54
34 42 26
4 6 23
52 29 26
63 39 44
83 42 75
51 46 69
39 86 28
73 63 33
15 37 15
66 54 15
69 12 99
9 22 36
13 81 14
65 85 84
91 96 98
67 92 6
9 16 34
75 67 12
4 18 4
67 27 61
3 99 50
97 94 23
18 65 69
39 72 76
39 24 99
80 87 15
50 97 18
83 31 43
20 36 33
55 66 78
0 25 49
18 82 54
17 77 91
4 34 17
41 8 77
57 5 75
25 85 84
79 66 71
71 71 52
21 76 81
97 90 18
87 94 36
46 28 74
33 22 57
5 33 31
42 15 94
87 36 85
79 13 63
78 94 41
34 21 26
94 31 55
37 83 66
40 9 91
81 43 71
23 88 25
75 54 87
28 12 38
47 7 74
15 21 71
24 95 18
75 97 54
29 93 61
99 19 39
95 15 23
81 10 96
88 56 24
42 32 38
10 92 54
58 48 14
70 54 85
91 70 76
0 27 87
16 92 27
67 31 73
88 39 57
26 11 80
72 53 93
6 65 72
87 23 66
87 0 97
6 87 13
20 28 32
56 37 32
86 54 50
54 72 83
6 66 51
96 37 45
69 37 22
8 12 29
15 84 19
45 44 90
0 53 70
18 41 78
57 36 6
6 84 36
65 11 85
69 87 5
85 49 34
32 23 50
76 27 71
12 83 23
38 0 7
22 79 8
81 60 94
24 11 10
82 53 40
65 40 7
79 73 30
44 57 82
67 9 53
87 67 86
32 39 13
88 17 99
18 3 92
58 42 13
41 86 35
7 50 3
23 73 86
98 32 94
13 0 51
25 13 40
50 58 59
55 60 50
85 23 74
78 17 50
55 61 73
31 25 63
66 64 13
61 49 72
2 87 14
89 62 54
4 19 24
8 44 39
27 15 12
38 16 87
75 94 48
80 84 40
39 81 48
25 50 16
12 58 34
34 7 38
26 68 52
31 59 27
78 9 30
10 62 39
55 42 84
36 17 62
87 47 16
63 13 34
90 8 47
57 7 57
65 22 27
70 42 9
40 10 4
45 46 47
33 0 56
46 54 43
82 95 23
9 25 38
98 32 48
78 47 31
36 96 96
85 55 63
34 47 67
74 16 26
52 87 45
32 33 64
22 74 11
59 77 96
85 53 11
74 33 5
45 33 81
6 75 16
66 89 71
39 18 17
84 32 44
19 14 29
5 72 54
32 60 11
42 5 31
14 91 66
95 80 76
11 24 52
26 51 91
52 42 91
93 23 17
38 42 37
15 42 72
26 66 13
28 31 5
9 91 61
91 83 76
58 51 71
31 50 73
20 88 20
65 17 56
41 92 81
34 12 38
25 43 36
68 54 55
60 88 30
41 59 15
16 42 19
19 39 31
20 88 34
68 48 61
7 27 49
51 75 46
31 72 83
59 40 40
60 1 24
95 45 14
84 54 11
73 29 91
26 15 50
40 34 41
40 31 28
27 0 62
91 14 18
85 12 18
40 52 99
80 46 99
68 4 46
25 93 7
16 7 90
57 21 84
56 34 71
53 90 94
14 93 35
81 77 93
24 60 32
94 57 58
40 48 9
29 79 58
91 33 81
2 70 75
18 82 89
34 64 8
58 98 75
55 95 11
36 27 58
41 56 23
53 5 83
52 7 57
20 73 13
47 16 79
86 92 98
41 15 61
66 35 13
14 49 64
69 64 8
18 96 26
25 20 72
17 6 20
24 83 7
15 38 86
76 62 69
13 39 57
70 2 48
48 30 24
44 87 54
20 72 14
34 33 63
93 13 74
91 94 73
73 78 84
19 85 1
78 0 53
45 17 52
5 55 59
72 78 75
46 67 94
93 83 65
4 45 21
26 23 65
50 82 47
55 40 93
62 11 59
55 43 75
0 99 75
21 58 6
20 52 29
43 26 44
48 3 79
43 8 17
85 88 54
38 92 9
95 40 46
81 22 37
14 29 62
15 21 48
17 20 66
19 96 77
94 38 64
76 2 93
66 75 51
96 31 1
17 0 96
14 76 12
87 13 55
14 47 42
48 86 4
57 36 56
50 61 86
17 18 29
72 11 83
57 24 73
42 4 15
3 49 60
38 42 95
78 3 83
29 96 53
29 39 21
63 11 90
89 87 60
3 25 31
10 59 70
54 30 59
39 34 3
13 85 68
36 28 25
86 70 44
31 58 99
27 52 91
24 12 52
30 61 76
27 34 66
86 26 30
8 74 26
0 73 76
83 97 95
27 39 61
15 50 49
48 90 35
36 96 43
20 95 17
10 5 24
93 65 63
71 72 4
39 7 55
45 44 29
59 34 95
8 74 29
39 21 64
34 12 99
49 70 80
13 77 57
32 43 54
23 49 4
27 18 8
92 42 79
56 68 49
58 2 42
32 71 56
48 54 8
96 59 68
58 48 95
65 28 19
72 60 48
38 42 14
30 24 36
39 95 29
44 48 88
51 36 10
42 46 93
4 85 27
12 4 54
65 48 24
40 32 63
37 54 68
39 83 5
79 15 22
92 0 28
75 35 68
4 0 5
66 31 70
31 83 96
72 12 11
59 90 45
0 54 63
83 30 54
62 22 83
85 49 74
63 40 76
52 52 59
73 57 30
45 55 54
47 38 27
6 84 45
7 0 68
88 41 22
0 73 75
4 43 35
0 24 58
99 57 73
9 62 12
57 29 91
99 20 56
30 83 16
12 97 30
9 36 43
51 42 10
74 66 17
51 22 81
85 95 56
73 68 81
26 43 72
11 92 43
19 29 60
67 87 24
24 25 61
3 65 24
77 29 17
19 7 32
74 13 55
16 81 74
1 62 65
36 98 50
48 9 66
70 43 67
81 48 46
39 33 32
26 63 45
29 77 55
20 7 56
44 25 12
55 47 30
23 38 25
24 52 77
65 96 57
3 73 80
3 43 67
19 21 29
38 19 55
19 71 26
30 3 81
2 84 21
77 21 31
26 93 63
30 63 66
98 42 19
35 37 63
33 80 53
77 93 14
52 83 16
17 71 52
14 97 27
66 9 75
10 51 92
35 91 0
3 24 56
20 41 64
68 52 91
66 77 85
73 77 64
15 98 15
56 65 12
97 78 56
54 8 43
40 72 84
3 60 58
1 29 88
14 67 70
33 14 95
35 52 76
18 82 51
35 1 2
84 50 67
17 47 32
37 99 90
76 55 77
76 80 93
51 50 3
93 20 48
13 29 62
35 2 23
71 89 23
33 92 60
69 48 85
80 37 58
61 95 84
54 48 87
50 12 14
51 82 90
35 11 45
4 59 22
7 13 71
91 12 65
77 64 49
25 59 96
74 64 36
62 52 47
89 42 99
2 19 39
52 11 8
61 13 97
35 26 60
23 7 12
51 32 51
46 75 80
16 74 41
77 95 89
79 61 47
82 53 54
72 5 30
43 48 21
29 79 34
19 83 90
94 63 19
75 91 10
12 42 83
38 96 79
83 74 5
78 76 82
27 4 38
25 51 19
60 82 52
1 14 84
2 45 37
81 42 77
8 97 24
31 42 70
35 99 91
93 4 60
16 20 12
99 91 28
54 97 26
96 15 54
67 66 22
42 24 10
94 54 0
55 44 72
11 87 3
60 28 14
27 1 18
92 84 12
90 68 95
17 40 96
47 28 16
29 48 13
87 8 44
91 62 44
40 99 32
19 64 49
14 1 52
50 28 93
44 14 2
56 95 5
37 5 99
81 45 86
33 22 79
63 36 75
48 92 54
71 98 51
12 20 61
73 81 54
93 13 42
10 88 12
76 28 83
29 94 75
61 29 48
50 6 60
60 3 87
26 33 7
14 75 81
76 9 62
20 49 89
44 14 68
71 89 14
0 30 62
29 11 75
84 94 30
91 0 11
32 3 82
59 65 17
81 36 26
88 67 59
13 75 35
46 66 76
93 86 1
70 75 92
46 35 55
38 0 8
69 51 90
78 92 87
34 70 96
8 44 57
80 14 43
72 55 33
56 13 88
52 51 60
62 88 1
26 32 26
71 22 30
8 46 99
24 85 28
89 52 75
38 73 23
85 89 79
90 87 58
10 28 30
39 44 25
3 95 19
18 33 7
29 55 21
59 99 36
17 26 95
89 93 76
96 51 67
0 66 15
47 85 37
11 96 72
74 68 92
78 28 43
96 52 50
6 14 77
17 25 38
52 12 67
43 79 37
18 60 36
36 38 56
76 21 8
84 60 16
69 2 22
67 96 61
54 26 3
81 99 78
41 83 54
28 87 75
59 95 58
37 38 92
87 92 23
23 48 9
18 91 15
78 88 82
22 37 63
48 19 76
57 68 82
95 52 31
16 16 19
96 70 49
31 21 6
93 11 95
11 84 82
65 17 4
71 94 4
65 87 51
50 48 36
15 39 98
79 71 46
43 32 86
87 21 95
78 92 37
36 59 61
17 22 1
48 84 8
35 7 71
83 89 53
4 94 94
30 49 66
2 79 41
63 58 81
96 8 25
12 99 98
57 44 84
25 18 50
83 77 97
43 93 85
81 77 45
17 4 47
82 70 88
66 12 94
13 0 19
58 51 66
13 99 70
15 3 19
55 9 79
94 47 69
56 31 26
17 98 72
46 80 45
50 50 64
55 46 58
91 35 81
51 0 13
34 96 14
53 61 76
42 4 54
1 34 37
15 93 98
22 24 87
78 88 12
29 48 81
55 15 8
24 14 90
8 74 2
24 40 8
42 22 84
36 8 52
18 20 49
11 22 75
59 75 72
24 38 35
6 2 87
84 4 73
19 45 86
47 70 75
88 87 70
87 59 89
31 40 29
47 7 44
77 98 29
39 43 82
48 72 38
28 25 39
36 3 64
18 10 39
2 30 40
12 32 22
36 70 17
11 20 60
74 22 14
50 73 68
18 6 19
53 45 40
60 63 66
94 30 92
2 30 68
73 79 37
26 8 39
99 40 12
88 65 50
8 42 32
94 3 46
62 45 66
15 54 56
21 21 8
18 81 48
98 99 98
59 14 90
92 32 72
11 62 37
44 57 48
60 12 21
33 66 18
88 72 39
86 2 75
77 68 46
67 81 94
28 42 91
70 54 86
81 52 21
0 95 87
86 48 67
34 68 9
50 44 97
50 43 65
1 86 14
62 91 87
53 87 10
66 35 85
68 30 52
2 97 7
18 93 5
81 28 63
95 94 22
26 87 23
27 72 93
4 83 24
39 28 92
8 70 49
0 23 58
86 81 64
11 71 63
83 66 83
71 96 43
95 50 64
66 45 10
35 97 28
52 74 74
63 44 64
49 22 86
69 35 55
27 97 27
54 37 90
93 14 39
69 16 94
25 91 59
38 71 46
99 73 91
47 10 67
87 42 91
86 51 28
77 32 83
36 57 51
9 12 69
36 3 8
28 54 80
86 74 71
52 0 71
89 94 21
87 95 1
53 59 92
40 67 12
76 19 3
99 90 98
66 61 48
85 52 58
88 86 60
99 55 36
55 54 0
55 0 71
82 83 35
73 72 20
73 8 75
8 83 8
7 77 76
59 54 75
20 61 1
92 50 81
68 5 19
10 62 63
36 73 50
73 41 66
62 20 38
88 56 69
56 30 3
20 18 2
73 93 36
66 77 38
92 34 82
25 12 9
78 25 73
17 39 28
32 40 72
87 8 31
55 28 56
56 65 20
59 98 79
65 3 63
85 60 79
92 39 83
40 56 2
95 38 1
59 8 4
12 25 30
53 32 7
74 35 4
78 32 26
88 63 96
20 69 8
24 60 49
67 62 46
61 94 27
12 32 64
10 32 0
57 65 11
20 65 26
29 91 1
46 34 28
33 74 43
77 59 73
7 98 43
61 44 2
38 22 71
1 41 21
8 81 71
93 91 49
98 33 74
61 64 19
81 69 32
64 38 56
57 37 6
14 28 88
48 27 81
88 29 22
47 27 87
46 10 25
29 12 57
5 29 77
18 67 55
31 60 97
88 83 78
57 86 83
62 89 34
93 80 1
43 72 88
62 37 72
77 53 92
47 2 64
43 48 58
54 15 20
97 54 77
8 75 15
14 76 88
89 75 32
37 64 87
13 94 56
9 83 46
89 88 59
63 73 83
36 45 82
2 5 89
57 70 79
29 64 37
94 51 63
6 41 43
97 43 54
50 78 68
18 17 53
79 8 29
71 32 4
36 12 9
79 86 42
39 2 78
27 55 23
77 20 50
83 29 47
19 35 25
54 87 44
24 89 36
93 5 4
73 40 13
7 53 79
44 59 79
23 28 61
51 97 72
95 8 39
12 47 93
52 73 2
83 91 4
88 87 60
59 45 54
80 80 15
43 77 15
37 48 13
81 81 80
83 59 99
4 19 57
7 57 51
98 26 41
36 58 50
2 13 81
28 14 4
7 78 99
21 36 4
39 91 26
45 86 55
59 74 67
16 89 94
34 10 10
73 94 70
94 42 90
35 38 57
66 36 93
36 11 99
15 52 29
96 44 24
28 65 97
29 92 93
46 29 90
96 22 72
68 95 56
58 57 36
19 85 44
55 9 22
40 82 49
76 23 68
34 25 34
96 85 59
33 32 42
31 30 81
39 81 81
10 62 48
88 47 90
8 63 14
4 2 1
78 1 85
10 58 16
81 10 31
97 6 25
69 77 47
83 74 26
54 1 7
43 84 6
17 57 72
54 90 12
28 39 5
48 31 7
50 77 32
99 31 77
88 25 17
31 75 51
19 99 68
6 64 8
56 72 59
88 20 33
39 62 30
6 34 76
31 79 50
21 99 12
3 73 65
44 54 94
44 3 75
78 39 72
5 40 68
65 70 26
9 27 53
6 75 35
41 91 26
3 41 85
83 4 63
71 24 7
10 27 85
42 86 9
30 17 20
39 46 99
99 40 58
39 34 15
51 81 66
63 54 92
30 5 59
52 29 48
91 88 45
1 88 53
5 77 70
58 1 54
19 4 45
56 33 20
84 81 65
2 74 94
73 92 47
50 97 23
30 79 73
99 16 92
45 8 20
10 40 86
9 45 98
17 78 71
48 0 68
82 60 54
9 62 29
41 42 64
74 0 72
97 4 2
38 86 28
65 26 81
40 87 29
61 94 5
76 64 72
83 79 33
47 90 95
99 26 21
9 14 99
47 21 17
6 85 85
96 53 6
58 66 92
81 29 85
45 11 42
36 54 68
42 59 87
7 76 36
69 81 76
88 75 47
20 57 74
98 66 30
73 66 11
29 63 38
41 45 76
82 15 60
69 18 11
4 99 15
10 3 7
79 14 83
39 54 90
41 58 99
67 78 11
29 69 20
49 87 41
30 80 33
58 73 6
16 78 40
2 69 9
4 42 24
76 57 64
90 12 85
88 69 58
34 53 58
18 15 48
33 60 91
53 75 36
54 15 66
13 66 81
62 61 73
88 48 8
7 25 63
83 88 90
1 48 96
73 59 79
89 24 25
84 46 91
70 21 40
42 92 85
7 77 84
11 12 93
18 32 90
50 80 3
68 43 9
94 97 46
70 32 27
50 54 1
60 88 16
5 18 67
88 76 58
4 99 55
60 75 81
90 10 1
29 71 12
56 7 14
76 32 0
59 33 24
92 85 52
99 38 83
34 33 87
41 51 40
99 20 2
66 2 76
25 8 43
52 54 24
94 64 34
63 37 50
46 6 64
69 53 93
60 51 37
90 42 11
84 27 14
67 88 70
19 14 25
96 82 78
87 93 93
52 43 73
99 58 62
45 21 32
64 69 81
28 70 94
79 62 66
16 23 46
55 70 97
71 58 42
18 16 5
65 1 7
1 45 20
39 56 38
43 2 76
71 8 12
24 80 47
5 32 41
65 14 3
81 53 24
92 83 54
60 33 69
50 83 2
6 42 36
32 88 28
72 1 56
35 62 7
99 48 32
86 70 43
15 68 69
36 34 93
19 45 63
97 89 82
4 21 71
10 34 24
17 73 15
63 73 95
35 35 73
13 44 42
2 38 86
81 49 60
44 66 15
94 12 96
80 41 85
86 18 33
86 50 66
82 94 36
46 85 82
35 6 33
46 14 43
9 22 92
29 70 9
85 89 49
47 29 32
41 45 80
75 19 3
13 91 18
68 68 82
50 88 75
60 93 36
20 13 90
16 77 17
70 44 74
84 71 84
18 22 7
20 21 43
64 91 49
62 26 73
4 83 8
80 65 22
26 66 73
61 66 58
82 97 52
1 5 61
79 32 72
67 64 44
12 17 3
71 15 25
59 60 71
3 18 29
28 85 77
64 51 38
22 27 2
14 52 86
63 67 30
25 24 34
7 3 88
42 64 19
67 94 58
21 22 24
73 43 8
12 73 53
77 16 73
94 33 8
97 94 98
74 8 36
47 98 48
42 51 38
27 50 78
82 81 64
26 97 49
21 49 26
35 97 99
70 75 62
1 28 5
54 98 69
99 44 4
58 99 83
35 70 37
43 30 45
76 51 57
23 30 48
48 96 38
22 41 74
89 14 25
36 61 45
34 69 49
46 28 37
54 5 64
11 61 48
55 82 25
21 90 50
9 26 85
51 15 7
85 45 37
33 53 87
1 52 36
60 45 0
21 54 15
46 96 71
91 49 37
0 69 75
22 72 4
95 6 66
26 10 52
52 5 47
6 68 48
19 77 68
96 14 7
15 61 41
81 38 31
94 30 91
77 9 31
36 7 77
0 59 90
52 79 44
29 69 42
53 22 73
77 87 13
10 95 27
47 32 59
78 91 31
20 59 5
3 73 85
39 4 44
11 15 75
88 19 5
6 23 5
6 21 49
10 29 98
77 37 27
66 10 21
39 77 60
35 22 43
77 44 92
57 15 66
72 52 33
53 42 9
94 35 40
51 83 60
18 51 89
92 49 4
8 23 18
13 33 84
46 26 42
88 50 82
68 30 26
54 69 81
98 28 73
41 68 32
6 80 28
8 69 67
43 2 67
31 44 92
9 58 6
11 14 34
17 12 52
41 7 55
3 95 7
97 24 98
53 95 16
57 59 23
4 42 86
12 47 20
91 49 18
42 99 92
26 88 81
94 15 51
36 28 13
9 12 20
21 53 40
35 20 34
3 57 34
72 39 43
55 41 99
27 84 47
41 79 75
8 60 77
62 32 91
58 50 71
0 3 7
84 49 88
77 42 74
51 57 3
71 16 61
43 48 87
65 50 25
1 17 89
29 42 68
39 17 85
47 97 93
65 83 13
31 64 97
76 97 28
42 22 44
46 36 86
78 40 30
99 38 65
11 95 71
93 48 52
37 17 35
49 22 63
73 80 71
97 33 59
15 23 38
97 46 0
53 64 76
86 88 74
85 71 40
24 51 48
63 54 10
83 74 79
97 6 74
41 23 85
73 4 89
45 75 37
84 70 43
61 7 47
36 38 43
96 6 67
59 94 68
42 82 68
9 60 98
21 3 72
8 43 20
37 57 80
47 63 94
8 69 87
58 64 65
86 77 28
2 59 26
3 1 36
38 45 52
42 16 93
47 52 44
54 24 44
3 95 28
54 92 52
32 15 32
38 86 49
0 29 67
20 19 24
98 69 40
14 56 54
90 44 81
73 65 38
42 99 43
78 79 74
29 98 89
64 67 93
80 62 30
93 84 20
1 54 69
14 73 87
89 6 92
1 89 83
43 96 35
86 34 81
68 54 66
72 10 63
19 25 54
54 21 0
69 59 94
72 70 52
30 23 35
62 91 91
46 24 67
12 79 71
96 64 56
6 25 86
33 63 10
36 67 11
3 72 80
59 19 65
90 8 11
0 94 92
21 55 30
43 43 49
95 96 88
14 66 82
31 14 32
88 58 90
17 84 14
0 80 83
73 49 57
28 14 90
67 24 57
52 21 72
82 60 99
42 89 77
10 86 35
76 18 49
54 16 67
0 10 88
25 33 27
54 79 80
12 73 19
73 54 92
61 74 39
61 21 68
12 75 76
72 48 83
91 72 82
35 65 87
19 16 85
12 85 54
97 90 93
77 36 43
16 41 14
58 93 3
83 43 51
25 15 8
51 24 78
92 8 76
29 14 78
86 31 29
65 67 31
32 61 92
92 0 71
16 70 51
0 51 37
27 29 72
34 56 0
70 69 73
1 64 39
88 21 46
40 44 43
50 45 89
10 75 45
69 67 19
99 52 11
93 18 32
23 98 10
2 28 26
84 25 98
2 63 14
30 15 71
13 39 14
45 61 96
21 7 62
44 18 23
94 13 96
43 16 38
46 2 86
5 62 52
18 96 54
79 68 52
33 28 43
98 90 71
55 39 77
78 70 38
80 49 82
17 23 0
23 33 46
35 68 11
15 12 70
59 35 41
30 34 60
8 64 43
42 87 59
57 89 60
79 97 16
57 93 43
49 72 53
3 20 72
86 64 12
64 12 86
7 84 86
76 96 90
43 46 21
11 11 99
38 79 27
77 46 20
75 58 8
44 25 6
47 74 27
52 89 80
93 48 63
0 62 72
72 45 69
34 68 6
70 98 77
84 24 23
36 75 12
99 33 61
14 33 84
13 62 23
26 59 50
32 17 50
2 11 31
2 84 32
26 98 49
53 58 10
84 31 53
61 40 86
81 36 57
21 69 39
85 70 95
61 69 48
77 71 61
22 42 44
55 26 72
22 28 82
92 90 31
17 55 25
44 4 55
2 80 36
19 71 95
97 81 52
21 91 62
68 20 64
1 57 32
69 99 84
4 51 1
77 69 27
27 6 86
7 3 13
22 75 25
21 87 16
46 32 5
12 68 14
31 62 51
55 71 43
86 49 85
5 44 35
40 24 21
65 84 56
8 96 48
93 34 15
41 4 47
56 40 92
48 78 10
39 64 33
70 74 63
35 38 23
68 81 95
0 88 18
35 19 63
36 37 79
35 62 62
1 16 63
75 65 44
73 33 16
87 71 66
82 57 71
29 42 17
64 16 27
3 59 94
10 2 91
47 31 11
47 27 29
2 0 44
3 79 84
27 40 94
78 71 58
30 42 63
13 85 50
21 48 89
91 84 37
58 5 50
54 50 74
18 90 97
18 14 62
50 3 81
1 87 99
75 53 21
27 5 9
80 71 55
49 46 40
57 23 32
83 93 5
38 95 60
71 11 87
3 83 62
75 28 2
72 93 7
28 12 0
92 93 35
95 78 37
1 57 4
50 4 87
77 92 73
70 30 82
1 61 74
75 58 5
74 17 41
82 75 98
49 5 53
45 1 28
16 5 29
90 74 16
29 70 51
67 50 92
56 73 51
73 19 80
99 78 42
69 1 5
19 50 39
66 8 85
51 59 97
66 95 89
11 41 76
97 55 80
62 11 77
44 0 38
97 86 21
42 22 34
35 81 96
31 4 75
8 9 49
44 34 25
49 72 11
54 99 30
68 32 67
92 26 70
19 9 15
57 48 7
61 51 18
95 42 19
28 17 5
22 52 40
11 3 10
37 15 96
55 8 85
17 29 30
57 19 66
14 80 52
30 28 44
2 22 45
55 11 24
19 46 93
35 3 87
44 92 8
57 77 98
79 44 14
20 30 7
2 34 70
22 74 32
93 47 40
70 70 81
37 91 81
20 16 8
59 35 95
56 13 26
27 92 35
32 99 83
61 53 82
60 94 90
44 74 11
66 41 46
73 68 10
85 87 73
82 38 52
61 66 74
57 27 25
53 91 83
47 88 56
98 68 54
48 64 59
40 63 23
26 82 41
43 3 45
34 81 45
16 41 2
78 15 97
46 50 68
41 46 24
33 44 17
71 60 85
91 20 0
58 35 60
80 49 92
48 4 99
84 32 42
38 91 64
50 51 48
78 0 7
24 12 31
19 30 83
78 80 16
24 88 11
81 48 28
41 15 26
16 84 90
92 49 80
45 95 7
2 71 14
28 18 97
76 8 79
34 65 33
44 79 11
19 64 29
21 53 71
48 56 96
5 67 50
40 28 34
3 14 17
7 13 28
51 67 69
16 48 97
36 4 76
28 99 23
68 69 91
91 69 55
49 8 89
38 9 13
12 57 78
60 25 96
5 47 8
58 31 29
30 48 65
25 96 95
57 91 50
16 12 80
43 28 53
80 93 33
52 76 25
52 31 49
87 14 56
53 91 74
29 26 51
12 48 50
80 83 24
30 8 16
1 3 76
16 59 85
71 56 59
28 61 77
28 42 67
24 91 9
88 47 48
53 12 19
41 75 51
1 52 92
11 23 44
0 37 71
22 40 75
30 40 99
38 43 35
57 61 43
12 81 60
14 66 95
81 61 85
29 47 43
26 32 80
80 67 10
43 6 79
47 51 55
86 42 10
90 25 19
94 45 94
66 27 20
7 54 42
4 33 42
51 67 78
84 42 87
65 28 62
47 69 33
42 93 11
98 15 21
73 43 98
6 4 88
29 63 26
59 7 16
29 82 21
59 75 59
12 91 8
77 35 15
84 82 54
64 94 9
31 83 31
29 99 62
38 41 3
94 13 21
44 68 41
80 99 29
31 13 27
21 78 49
56 14 67
47 63 70
80 47 27
93 87 18
77 36 42
69 20 85
69 22 46
4 73 64
95 98 53
36 57 92
49 98 41
82 35 35
35 66 75
57 31 94
84 99 89
38 42 78
5 70 68
10 99 38
81 2 10
24 60 65
36 22 85
30 6 93
56 18 17
62 87 0
89 43 15
18 78 6
38 46 47
67 74 58
44 1 67
18 59 8
14 98 82
47 19 99
94 63 87
44 23 10
79 32 30
31 27 91
79 28 71
69 26 52
52 17 54
96 41 61
82 55 66
64 13 70
55 9 43
44 98 36
59 9 64
88 28 41
14 7 67
87 59 65
13 64 98
7 55 12
5 62 50
11 52 29
54 14 9
9 6 74
99 76 92
35 4 95
17 76 62
64 14 80
33 46 69
25 89 69
52 73 57
9 38 32
92 87 78
67 94 56
33 75 39
77 18 49
49 62 0
44 60 60
34 53 23
27 80 3
95 2 7
52 98 13
26 21 42
15 17 13
24 3 10
22 56 4
79 2 82
6 23 22
42 14 43
11 59 94
22 45 47
8 0 90
40 28 93
85 11 68
14 60 63
8 0 89
46 99 5
5 84 39
98 84 63
22 38 0
72 91 0
17 50 49
63 43 70
41 22 25
53 45 99
68 4 13
51 98 64
49 92 82
55 56 75
51 27 56
88 29 17
34 19 80
46 78 61
84 76 39
33 95 2
35 86 62
51 34 21
71 92 51
81 72 93
57 63 67
93 22 1
14 89 33
46 18 43
68 64 15
81 12 38
78 90 47
35 51 37
57 57 95
24 59 99
89 15 62
29 53 3
2 84 68
20 90 42
43 48 74
2 51 93
14 52 42
38 27 24
52 55 93
9 29 99
34 15 61
20 69 25
26 74 29
49 1 81
27 71 98
55 68 35
36 22 22
16 79 80
9 45 77
72 50 8
76 73 71
48 89 58
84 96 34
31 48 5
84 26 5
22 37 60
48 68 92
88 63 75
38 79 46
79 77 7
85 14 95
28 2 48
22 48 28
53 87 24
30 7 53
13 70 31
30 11 63
54 1 69
68 45 48
20 54 8
17 50 21
74 19 31
23 13 0
84 48 24
86 35 16
41 67 11
82 9 78
23 66 34
62 57 44
27 87 52
91 37 78
9 76 65
52 34 10
18 10 89
53 73 85
47 38 72
59 56 36
41 61 28
18 80 77
53 15 71
91 25 21
24 92 74
84 95 34
21 99 74
35 47 75
35 2 24
41 54 87
3 70 0
97 85 7
40 83 68
14 6 67
14 21 38
44 14 58
32 61 36
68 95 66
38 5 89
8 10 49
62 67 73
65 75 50
79 56 13
90 66 1
28 90 12
46 45 59
69 87 17
23 11 20
37 23 53
17 69 3
35 91 67
17 87 15
29 88 23
28 39 70
72 39 11
99 9 48
77 49 73
3 5 78
53 51 86
63 53 48
90 69 55
95 7 70
99 30 99
94 52 16
67 65 61
35 72 59
96 7 68
26 5 8
88 34 9
67 17 14
10 63 27
18 45 27
37 48 24
35 45 83
1 58 56
36 84 16
69 26 63
40 67 25
63 60 39
36 60 21
50 30 97
67 61 85
79 74 7
63 0 74
12 26 91
74 56 4
97 70 70
31 56 38
19 8 45
96 45 27
13 9 69
77 32 21
30 13 78
28 90 0
25 72 97
30 13 6
41 59 88
61 23 59
46 89 41
43 17 82
18 4 42
66 7 75
59 6 72
32 1 48
96 80 83
31 59 98
9 73 25
59 53 4
80 94 69
40 89 39
31 91 93
61 62 27
1 49 37
17 64 26
76 33 8
22 52 95
49 75 51
26 21 48
30 86 33
11 39 75
93 2 95
39 57 90
50 12 58
64 38 76
85 20 72
8 21 44
10 53 43
76 45 98
49 68 7
18 56 1
83 29 58
81 60 13
92 23 44
83 42 25
66 24 42
88 97 48
38 58 34
81 17 87
99 1 47
64 8 89
57 40 18
93 64 55
38 63 68
21 11 64
37 39 36
25 81 48
15 9 66
14 12 42
69 44 41
5 91 3
73 95 41
46 29 5
79 15 73
67 19 10
77 7 1
79 54 73
24 81 97
19 4 48
54 23 20
61 2 20
15 38 27
63 30 20
54 31 80
92 7 2
10 33 53
22 17 17
50 79 46
69 2 66
51 91 20
54 44 77
74 68 27
61 97 12
49 33 54
98 63 48
57 96 49
23 5 19
73 66 57
90 47 10
69 40 67
53 44 95
65 44 58
23 14 35
51 68 34
59 93 21
37 75 31
16 77 88
35 16 64
47 55 75
59 34 59
89 15 44
28 94 43
93 50 64
6 25 83
78 10 18
16 30 68
61 83 47
48 15 92
90 89 60
52 98 35
36 0 3
67 78 1
22 2 34
94 10 72
77 57 3
26 98 90
25 61 96
68 28 21
16 79 93
59 23 60
20 12 20
90 70 77
6 55 66
44 63 25
63 46 22
88 21 78
38 31 82
58 82 53
65 33 85
84 88 92
69 36 32
33 34 65
86 6 89
39 99 29
18 11 77
69 69 50
61 40 3
71 85 62
8 98 96
39 63 0
61 32 25
40 35 20
9 32 48
81 34 41
82 36 94
48 43 74
49 79 1
72 30 24
20 66 78
49 68 5
43 99 47
63 25 75
64 71 34
17 67 56
74 32 66
51 30 63
33 37 84
76 4 18
74 44 32
20 52 87
59 37 33
57 8 12
33 47 26
63 64 71
67 94 57
61 99 51
39 9 67
62 62 64
45 3 93
46 94 71
99 82 74
62 66 57
94 88 41
44 52 40
0 34 53
40 31 67
64 1 25
89 60 75
60 1 23
91 67 25
50 4 81
52 82 67
0 88 98
47 74 55
67 18 17
10 17 63
93 55 10
18 23 2
82 17 4
54 90 91
19 65 30
82 23 3
17 67 32
14 0 35
65 22 84
77 1 18
5 9 63
42 39 39
51 64 87
14 34 44
82 86 26
39 12 91
50 13 46
11 12 24
98 66 7
40 4 89
39 72 32
37 61 57
85 30 9
31 86 7
25 54 63
78 25 16
32 17 65
88 36 92
64 97 36
21 30 3
18 43 25
39 86 64
71 69 13
65 9 45
94 37 41
32 18 3
45 35 60
24 42 67
57 26 37
16 9 66
26 29 66
50 88 6
88 59 52
52 60 2
70 17 33
36 20 99
67 95 30
88 61 23
19 95 25
19 30 17
17 22 72
69 47 60
1 40 77
71 75 74
44 3 96
31 18 88
23 66 74
81 81 14
83 66 99
15 83 95
87 9 22
90 38 16
70 40 68
55 25 94
2 24 0
22 2 52
4 8 51
94 37 57
83 80 56
58 8 74
58 95 72
3 18 45
20 52 88
40 43 84
56 80 21
37 5 52
62 60 15
27 75 97
64 92 44
54 19 49
28 43 83
50 19 80
84 65 30
79 68 92
4 95 12
31 34 73
32 71 97
9 28 88
20 99 94
53 30 85
52 37 20
39 46 1
52 44 66
73 12 25
50 87 46
12 32 68
21 34 39
48 83 28
51 21 41
72 24 42
77 8 59
99 45 64
8 13 20
32 75 89
28 64 48
23 48 27
3 45 13
89 7 53
97 98 49
22 19 81
20 72 69
13 84 24
80 42 29
81 17 5
78 75 88
6 54 26
76 27 97
57 97 99
82 73 66
46 51 51
70 91 50
22 33 57
65 18 45
25 92 18
17 94 95
25 88 80
81 82 30
93 63 86
5 70 49
75 53 39
18 4 2
73 47 91
15 24 39
63 78 25
48 78 44
87 69 32
61 55 77
37 37 8
88 91 86
26 12 84
