90 53 65
66 83 90
66 24 83
79 7 6
61 21 79
55 41 79
0 3 57
39 56 44
88 81 86
25 4 89
83 8 4
98 72 11
56 27 0
6 36 43
42 48 33
56 98 38
81 58 63
64 31 89
82 83 82
54 72 40
50 47 50
22 22 30
20 56 75
6 26 44
87 76 59
78 55 28
26 73 48
14 16 66
3 27 12
25 69 0
97 55 40
21 54 78
57 49 46
72 30 91
0 68 73
53 16 47
38 32 36
23 77 6
92 22 9
20 19 60
40 38 86
20 26 11
39 39 86
16 4 1
55 74 40
46 76 21
71 34 48
93 23 21
63 19 85
15 57 8
94 81 87
69 80 34
0 28 71
81 15 16
92 33 1
54 76 27
78 2 10
92 26 16
84 16 14
99 22 75
47 50 92
9 52 49
20 74 16
4 37 43
18 19 45
72 10 79
23 62 30
4 51 45
5 6 18
69 81 33
8 33 88
35 38 31
14 27 12
76 75 59
93 45 74
98 65 61
80 27 76
6 55 44
50 97 40
26 9 79
57 26 10
53 75 38
30 37 82
36 77 50
98 64 67
1 39 0
5 65 37
70 23 93
90 42 16
68 8 11
12 8 62
15 77 67
2 18 68
18 4 87
55 31 14
42 28 45
96 16 75
65 72 32
2 4 18
69 23 93
11 2 62
35 41 87
56 23 50
27 20 84
39 17 30
0 3 62
47 77 43
41 48 34
84 26 71
47 50 38
98 69 70
96 70 65
62 53 34
86 27 11
2 78 11
74 36 89
94 42 56
7 28 92
91 40 14
59 63 98
67 49 97
50 39 77
94 69 91
96 19 70
84 81 84
18 59 14
47 48 51
90 74 64
14 52 75
94 22 24
65 11 15
63 52 35
87 28 77
28 17 83
29 26 81
19 6 54
61 18 85
24 71 3
6 4 62
21 3 93
19 7 1
54 24 6
48 23 97
4 78 10
58 7 54
7 59 36
78 61 67
64 83 86
95 26 26
11 6 54
18 98 0
0 6 59
37 94 21
98 1 54
98 64 76
11 52 80
16 61 4
62 27 74
54 74 29
97 23 67
13 67 8
71 3 6
6 66 36
20 9 38
44 54 79
27 93 82
24 20 60
73 35 83
97 69 94
37 12 27
77 56 68
15 30 87
91 34 99
83 19 16
1 65 90
49 24 81
38 71 49
91 29 14
68 24 94
91 25 13
11 29 7
87 61 54
12 66 5
37 43 86
6 34 92
49 79 44
23 23 43
29 38 82
80 30 1
95 25 26
12 67 6
27 5 3
80 62 70
53 74 42
85 71 79
8 65 11
14 51 54
78 84 80
46 51 31
88 57 58
21 4 92
46 46 40
23 54 76
77 45 92
7 16 65
75 75 60
67 99 35
0 69 72
2 50 55
83 24 16
21 74 46
85 77 64
39 70 49
41 14 52
84 19 99
2 18 70
51 47 51
7 34 88
30 20 34
17 38 10
81 11 2
33 14 30
68 72 89
88 73 62
64 27 99
77 61 64
53 24 85
5 32 5
44 24 47
87 74 63
9 29 6
23 2 90
6 53 46
70 66 29
49 40 7
76 7 82
5 73 13
74 23 98
97 34 4
41 28 36
97 30 72
60 98 43
3 72 8
94 50 75
68 82 31
2 2 15
20 21 44
66 52 93
77 65 26
2 35 38
73 81 89
12 39 75
33 66 38
57 65 32
79 58 64
20 74 18
98 18 77
12 28 4
97 18 74
3 38 43
78 57 26
32 64 27
59 23 6
18 68 39
15 5 61
51 71 27
8 14 26
50 25 98
10 56 38
58 61 33
98 39 54
36 76 52
76 13 4
53 23 13
82 22 77
83 13 14
79 61 65
21 29 16
52 51 48
76 7 80
52 14 51
95 69 64
99 61 72
88 37 1
41 25 94
51 35 79
81 17 16
70 51 93
69 22 94
99 70 13
45 25 26
97 56 46
77 97 9
22 62 32
46 41 91
58 27 4
15 65 8
94 75 65
65 56 95
96 66 61
25 22 28
84 17 98
56 15 45
88 26 11
58 25 99
76 77 81
14 63 9
43 47 75
81 63 69
22 81 22
59 35 81
45 50 30
95 10 20
47 22 13
52 36 9
42 96 26
25 7 31
74 28 98
92 44 55
7 7 52
97 24 73
90 28 14
11 68 40
24 5 81
83 29 89
15 54 77
94 28 15
80 86 79
34 73 53
10 33 80
52 24 95
18 56 9
24 24 42
66 66 27
97 15 80
0 20 84
60 96 37
27 16 32
33 73 50
16 52 60
12 68 50
2 80 10
30 21 81
27 72 45
55 24 8
13 58 42
51 42 8
74 10 5
1 17 87
53 22 87
40 45 83
80 52 75
53 61 35
91 51 70
23 22 57
5 31 76
88 70 80
98 35 3
0 28 10
59 65 98
93 51 72
30 19 86
61 21 85
56 61 31
43 45 33
27 65 27
11 53 52
15 18 45
98 26 73
76 13 3
44 54 78
15 62 9
99 18 83
3 49 51
94 12 16
7 75 37
77 96 15
87 17 13
50 53 41
63 6 43
75 11 76
90 41 17
64 85 26
84 25 78
76 28 0
5 2 56
63 10 50
94 81 85
73 35 86
28 76 46
49 47 35
13 32 86
62 15 45
97 55 52
6 2 58
54 41 6
85 11 15
42 64 45
48 11 10
77 19 16
51 26 98
21 61 29
0 69 13
45 40 31
51 50 39
96 17 74
29 10 77
19 47 77
78 27 4
61 6 57
35 59 27
99 58 34
12 53 54
4 67 10
58 65 33
46 51 68
42 68 47
87 22 15
56 25 51
72 3 45
39 69 26
11 55 44
98 34 77
61 37 78
20 25 24
26 73 49
89 52 66
22 3 84
43 59 82
53 96 38
66 11 12
88 38 6
59 51 85
62 10 47
50 78 25
16 8 0
44 24 45
99 23 69
8 30 75
26 19 84
92 51 64
90 27 13
16 30 82
77 86 79
51 41 81
19 6 88
98 66 95
96 52 71
2 64 72
20 52 59
3 73 16
13 85 17
56 66 94
3 40 49
38 62 41
58 6 55
49 48 51
22 79 52
49 98 40
58 0 37
30 1 78
69 68 28
61 68 32
18 18 66
48 50 96
95 29 77
69 52 94
33 59 30
97 17 68
68 53 92
68 79 90
73 35 89
72 16 80
11 79 49
92 17 14
65 61 89
47 48 99
35 60 28
82 68 71
21 24 42
27 73 43
21 72 22
56 73 32
15 57 39
78 13 75
24 25 4
8 19 43
70 4 7
24 64 28
32 61 34
86 27 12
28 74 48
92 70 88
70 96 71
84 81 69
81 13 2
86 73 75
65 72 85
61 60 99
81 84 74
34 45 85
0 60 71
4 16 66
41 46 84
67 83 27
64 44 43
48 23 25
20 18 52
8 9 51
65 6 44
11 6 51
61 17 42
66 58 95
46 73 41
98 9 17
15 20 46
20 2 97
53 9 40
88 80 87
76 43 92
5 64 42
51 51 38
45 27 42
21 81 19
77 19 79
54 24 51
58 4 39
56 11 56
60 40 78
52 42 75
73 34 47
19 8 37
11 22 48
56 66 29
1 84 17
46 53 84
80 12 9
1 32 78
86 26 99
46 48 84
28 77 45
27 72 17
24 62 28
34 73 52
56 26 11
59 68 97
93 23 70
57 63 99
56 30 98
23 61 31
12 1 61
49 14 54
36 93 22
85 61 57
29 73 47
8 61 33
99 19 83
24 2 0
2 83 13
53 34 6
6 16 67
97 55 46
15 17 65
84 7 12
11 79 5
21 7 85
80 33 90
94 68 63
1 17 18
7 11 60
84 24 78
91 72 64
21 8 36
57 64 1
14 59 41
25 25 42
60 42 78
47 53 88
31 61 33
59 59 31
47 52 79
5 59 35
89 66 87
47 97 40
96 67 90
2 19 23
40 56 40
45 18 40
59 12 42
48 50 95
10 2 52
82 56 72
9 14 24
13 77 3
63 22 75
97 6 59
85 11 5
50 54 35
56 71 42
89 54 64
59 43 77
32 41 84
18 94 38
31 65 25
63 88 84
33 20 35
29 39 86
81 22 79
75 42 93
70 77 85
77 23 1
15 25 13
81 7 84
50 81 46
23 5 92
28 21 85
23 68 99
38 73 23
2 72 14
60 34 95
92 26 9
9 31 81
50 74 45
22 6 89
96 56 43
40 16 50
13 77 10
69 45 94
87 74 78
6 17 68
72 15 81
73 30 93
2 72 11
69 65 29
23 29 23
78 77 59
53 25 13
16 66 31
17 24 24
95 66 90
3 9 52
1 3 13
80 24 6
91 29 6
40 35 28
20 23 40
97 27 74
18 23 27
89 55 65
16 27 9
8 55 46
23 5 2
18 19 46
97 64 92
40 50 81
57 1 42
18 74 12
2 51 42
71 37 91
87 36 3
79 75 82
52 5 41
25 10 75
42 45 23
79 39 73
89 78 88
82 59 62
55 20 40
29 40 85
59 33 94
78 64 70
33 43 86
1 54 31
15 29 10
57 50 89
59 98 43
65 71 33
58 50 47
49 47 37
66 18 78
20 29 21
75 74 84
87 25 1
48 53 94
54 29 93
12 44 54
45 54 44
82 64 68
45 75 53
3 17 22
2 7 11
56 66 28
5 30 9
18 55 4
70 51 96
1 35 48
38 47 74
95 7 13
62 97 37
56 27 7
12 76 54
62 58 96
69 58 88
60 55 27
51 77 26
87 77 62
1 5 63
6 17 69
9 55 47
96 72 65
79 34 89
97 23 74
65 25 85
43 38 33
65 20 91
87 27 10
94 61 38
57 30 97
56 63 32
68 50 98
77 93 14
72 70 37
68 3 45
52 36 7
2 15 21
89 79 87
10 52 53
13 69 51
98 12 17
23 25 4
66 98 40
7 10 51
64 87 84
2 4 13
93 68 89
74 1 8
42 57 42
28 72 42
53 2 55
94 45 59
85 80 83
58 54 80
53 40 7
79 62 69
87 77 59
39 95 24
14 53 56
20 26 8
24 83 26
36 59 28
8 3 20
14 74 57
81 41 74
68 50 92
77 43 92
57 70 42
45 23 46
57 5 53
44 48 86
76 64 70
82 23 74
9 75 63
20 27 12
55 43 1
83 69 70
97 66 62
47 51 50
7 48 56
23 53 78
18 81 14
82 6 6
11 9 63
95 97 36
18 54 77
87 56 57
45 49 37
89 35 0
95 57 37
41 24 42
11 77 63
11 78 3
97 67 90
30 27 82
7 46 57
91 48 58
44 49 31
0 3 17
58 30 14
47 49 94
9 37 43
26 98 80
53 5 58
58 14 43
7 32 86
48 78 41
18 2 97
4 50 49
77 76 83
17 15 66
87 76 65
39 26 32
14 72 99
18 24 43
47 52 93
82 22 7
98 23 66
26 64 29
58 76 34
10 20 48
50 42 81
77 98 5
59 99 42
79 22 75
2 54 29
49 24 96
64 27 95
55 24 50
42 47 40
67 7 44
52 26 95
59 52 93
56 9 57
45 74 55
79 10 79
14 12 71
97 2 55
83 19 0
18 25 19
36 36 31
59 71 31
95 60 39
98 67 73
96 81 86
87 36 7
59 41 80
70 45 48
14 70 5
15 81 14
73 98 15
55 39 6
0 15 21
22 23 44
40 25 37
78 52 68
16 35 6
24 62 35
3 14 23
41 58 43
23 18 59
59 69 37
20 10 75
62 1 97
14 5 62
3 17 68
11 31 86
87 21 12
1 62 34
21 74 8
66 73 33
59 69 36
64 80 90
73 27 97
45 44 90
18 59 8
87 62 59
9 4 62
42 26 38
55 23 9
71 35 87
70 40 51
43 40 22
99 67 72
41 57 81
98 7 59
17 67 32
95 23 24
75 25 79
34 67 37
62 11 50
98 36 45
37 23 30
82 14 15
52 41 6
72 25 95
86 36 8
96 14 79
2 64 92
74 63 25
53 36 78
8 7 53
25 0 82
56 30 15
56 52 88
16 36 8
90 77 89
85 16 98
79 22 10
25 77 54
36 38 29
67 19 76
7 39 56
11 78 7
51 78 39
78 51 74
6 66 9
93 24 24
65 27 96
62 59 98
5 32 90
36 42 87
85 38 10
55 10 57
41 58 82
12 45 55
12 29 49
61 27 98
78 21 81
48 71 45
86 22 10
57 67 95
2 66 90
61 22 72
39 38 85
76 24 2
3 62 42
26 76 55
83 18 96
17 74 10
15 54 8
18 93 35
47 43 92
80 53 71
47 50 87
87 23 14
5 52 46
2 66 72
86 61 55
57 28 91
4 65 43
96 67 92
19 62 24
4 27 8
54 63 38
25 81 24
57 10 41
40 70 24
78 72 53
64 19 90
34 8 28
58 46 48
58 71 89
7 27 43
60 8 53
78 23 0
70 13 3
83 73 56
25 12 34
12 89 15
53 35 79
58 23 4
8 27 74
78 12 10
23 44 89
6 7 53
1 64 69
21 9 85
19 6 87
14 79 69
8 74 41
40 96 26
50 69 44
56 51 98
32 67 25
43 27 44
56 53 98
5 11 26
94 51 56
11 75 61
62 7 57
62 27 77
17 67 31
58 15 42
3 62 37
51 26 94
52 23 14
52 97 39
98 38 2
3 63 87
37 15 29
74 79 82
76 56 68
87 72 74
92 15 15
63 68 95
93 5 11
78 29 89
99 13 16
6 32 42
71 33 47
81 68 72
80 7 85
91 15 14
13 7 62
84 27 71
80 23 81
8 87 17
82 20 1
71 72 33
57 38 77
47 27 30
2 7 13
3 52 35
31 65 26
8 76 43
21 71 42
77 20 80
88 59 58
97 54 51
53 40 76
58 51 97
77 85 79
36 71 52
63 67 89
10 79 50
65 81 89
2 18 86
70 70 90
73 69 36
75 72 64
19 28 20
13 75 56
66 7 43
90 29 4
18 7 4
44 39 23
0 85 16
68 84 27
1 37 46
9 29 76
60 0 41
34 58 31
11 31 83
2 21 73
73 2 6
85 73 77
57 25 48
64 64 92
35 14 30
15 17 60
97 8 59
12 48 55
68 43 48
99 4 59
69 28 94
60 26 99
85 34 87
7 31 41
66 12 5
14 26 12
15 60 19
51 69 24
12 69 7
91 37 1
10 21 47
10 14 70
17 71 36
81 19 16
21 83 20
72 23 97
14 13 75
31 20 80
27 63 30
10 63 10
13 42 56
23 5 81
23 19 58
29 24 77
46 19 13
8 8 20
69 74 36
96 7 14
61 54 97
29 43 87
18 30 84
5 34 41
73 14 79
94 15 46
96 18 72
74 79 89
62 65 2
16 97 41
66 67 93
11 0 52
78 58 25
72 0 6
54 4 41
6 37 49
73 60 24
51 48 38
32 24 80
37 14 28
41 65 45
85 6 12
67 27 85
56 55 77
37 47 86
46 19 42
55 71 39
59 74 33
99 35 76
86 37 10
21 18 62
58 42 79
53 61 25
54 11 40
13 29 4
34 59 29
87 39 12
24 83 22
68 46 94
95 77 65
12 39 74
2 29 73
18 53 58
24 13 33
90 34 8
45 74 41
80 9 10
28 18 32
25 74 9
22 26 8
1 37 47
25 81 26
77 20 78
19 94 39
40 57 42
15 62 10
45 15 50
33 41 85
62 23 0
1 3 17
63 46 86
11 38 76
9 36 76
78 71 64
61 26 76
21 4 94
95 59 36
80 4 9
27 75 46
1 55 34
36 34 34
55 39 80
52 35 78
36 44 86
15 78 68
8 28 6
55 28 7
48 48 73
17 60 13
76 80 82
56 18 41
0 54 34
96 19 82
97 67 94
50 52 41
85 74 67
28 74 43
77 28 0
11 85 83
17 63 18
8 59 37
14 69 51
26 76 46
67 76 83
51 30 85
8 14 62
16 70 43
79 24 9
37 19 26
10 56 43
46 50 71
23 14 32
59 24 3
73 78 83
46 22 98
59 52 84
87 71 73
91 38 15
14 50 55
22 99 95
51 70 25
16 22 50
47 51 37
27 33 49
2 52 47
39 28 39
30 23 81
72 45 97
56 6 56
4 10 53
59 43 79
12 32 8
78 73 62
22 83 26
67 10 13
26 7 78
56 54 76
3 39 42
99 71 12
6 32 40
80 74 82
77 10 78
64 4 44
56 9 53
79 23 5
37 73 24
82 20 6
49 51 49
49 48 99
40 23 31
22 74 49
96 54 47
41 28 44
20 80 20
7 77 45
69 42 52
22 62 27
13 47 56
82 65 68
60 7 55
10 30 6
71 45 96
63 0 96
70 84 90
63 68 32
64 80 91
84 72 70
92 25 23
25 19 87
97 8 18
6 22 47
99 6 65
40 72 47
52 70 24
42 25 35
30 16 87
61 36 82
4 49 50
1 20 24
15 53 7
37 39 85
20 3 0
89 49 64
14 87 18
83 12 10
87 69 79
0 36 48
83 83 84
9 21 48
68 52 93
54 39 79
3 62 33
43 46 33
16 54 57
49 53 42
96 65 96
79 59 60
22 5 82
38 16 28
13 26 11
70 10 7
97 6 15
8 28 74
24 8 82
13 74 57
31 41 86
77 6 81
23 4 1
99 21 71
98 56 34
6 2 55
61 5 38
58 12 41
43 25 37
83 61 61
97 97 80
11 1 52
27 7 72
26 66 28
35 37 30
13 16 67
56 25 14
12 69 6
15 8 1
19 5 79
60 47 42
20 7 96
9 67 39
87 67 82
64 47 78
99 84 10
92 72 87
47 49 86
18 9 1
41 68 48
86 12 5
8 41 55
63 23 75
10 32 6
39 71 48
15 92 37
9 17 72
90 26 3
40 19 26
79 55 27
41 60 43
6 12 61
95 16 46
0 38 50
53 45 7
94 29 77
17 6 86
70 80 34
48 51 93
35 19 33
29 9 70
15 69 52
98 55 33
39 48 86
97 53 40
11 19 71
66 60 89
89 43 15
12 58 38
50 33 7
92 15 78
14 3 57
8 29 93
93 80 84
88 17 79
70 0 43
13 28 49
43 65 45
46 98 39
62 6 41
98 20 72
47 25 93
88 22 9
79 6 83
8 50 53
17 56 5
20 29 15
43 53 80
7 30 90
93 41 17
10 58 38
66 95 39
79 19 2
99 34 4
50 55 41
68 47 95
95 53 72
53 35 11
15 25 47
17 11 73
86 28 78
78 25 8
26 9 72
10 19 43
12 56 41
16 81 14
40 15 52
13 72 1
90 40 4
68 5 43
72 29 90
58 3 41
39 58 41
52 27 97
23 50 46
82 20 73
50 71 25
38 47 85
85 27 77
48 54 90
61 48 45
46 54 45
28 64 28
43 21 36
83 34 88
2 18 17
57 64 30
59 41 75
64 56 95
3 41 53
85 69 75
70 27 93
4 30 76
38 36 31
36 18 33
54 37 78
48 17 52
46 53 46
16 4 57
95 51 70
67 10 11
51 45 1
53 43 76
18 17 60
24 26 8
67 71 84
24 19 86
25 9 1
53 35 84
77 44 93
42 70 23
7 63 32
1 73 8
19 29 18
99 48 70
21 61 14
78 61 66
51 43 76
12 53 78
14 73 56
22 7 78
12 63 11
10 9 61
10 57 56
54 25 14
71 69 90
66 79 91
94 56 36
80 74 84
10 55 46
19 7 80
2 63 70
5 63 35
47 49 52
46 53 71
58 4 56
71 15 78
81 11 3
8 76 42
93 30 73
34 15 29
53 21 84
85 63 61
7 77 44
3 84 12
67 68 29
18 85 20
19 55 76
95 68 91
8 3 54
13 9 72
63 20 77
86 74 77
22 7 65
89 51 71
53 74 28
44 50 79
17 68 40
5 1 65
93 49 61
77 22 11
23 83 24
65 96 39
42 23 30
2 66 67
97 62 94
2 18 73
65 25 98
40 32 36
80 55 64
47 42 90
16 87 20
15 60 18
0 62 68
19 7 83
76 75 84
24 75 47
96 17 76
57 52 88
24 3 83
80 31 89
10 17 70
7 10 57
14 73 64
68 72 32
60 36 77
69 50 95
3 52 31
62 68 28
68 4 2
10 60 37
95 37 1
63 22 80
80 20 5
67 74 85
68 75 35
54 12 52
22 23 26
13 74 3
39 17 27
78 59 63
58 27 7
27 72 49
56 70 42
76 24 77
27 8 74
18 66 35
18 79 14
81 31 88
86 19 78
73 29 92
4 63 34
38 60 80
1 1 18
15 24 48
55 14 46
14 10 72
96 10 59
71 13 9
98 54 41
66 73 84
1 78 12
4 35 90
65 79 92
52 35 81
61 39 81
95 9 19
13 31 9
5 65 35
7 65 10
63 9 48
79 21 5
96 3 54
64 5 43
43 26 37
98 67 68
20 46 76
44 40 33
16 2 55
68 71 34
80 23 1
80 20 4
0 68 65
70 84 28
21 6 97
79 24 2
85 76 76
14 52 56
2 65 65
89 39 5
23 8 77
4 74 13
39 49 87
95 16 77
83 64 67
49 10 10
50 37 7
6 61 35
81 57 73
51 54 41
5 28 45
16 55 56
0 41 99
5 29 72
69 28 90
27 97 80
46 26 27
12 59 43
52 76 37
94 30 70
69 2 1
69 77 35
66 66 32
6 36 93
51 72 28
49 26 85
88 38 13
53 36 6
41 26 95
16 51 73
64 69 28
21 98 33
36 46 25
89 3 18
97 71 12
9 10 60
10 37 77
49 31 87
55 64 38
4 3 64
59 50 91
76 9 79
17 19 51
73 10 3
51 22 12
74 25 97
40 33 35
8 70 39
29 19 33
24 76 4
17 4 57
29 3 77
55 75 33
51 30 11
46 14 49
24 13 36
10 8 60
21 6 86
62 25 77
66 20 91
20 70 53
92 47 74
66 49 83
26 9 34
16 18 51
42 11 53
15 86 19
6 59 35
59 58 32
60 51 91
60 9 57
55 62 33
87 37 11
85 33 7
70 28 84
0 51 45
12 76 52
11 76 53
35 96 21
69 82 30
2 83 11
40 35 39
37 50 79
3 6 53
48 52 44
68 81 32
22 75 6
63 72 80
96 58 46
98 38 45
67 66 92
69 4 44
0 59 65
1 68 7
93 14 79
83 18 13
39 9 24
78 94 14
58 69 27
42 46 85
96 61 38
95 41 55
96 68 70
61 24 1
16 82 15
26 21 86
91 29 3
53 30 99
21 22 3
56 39 78
75 23 76
27 6 2
87 61 58
44 51 70
12 53 83
93 24 25
5 68 73
7 55 51
89 44 58
82 12 8
40 41 23
90 45 57
45 24 44
4 10 52
8 49 54
1 20 85
54 46 52
45 52 70
74 15 2
96 64 71
6 38 58
3 48 52
48 11 9
42 72 51
67 18 77
84 12 9
12 79 50
36 58 27
10 17 42
47 70 46
39 61 42
74 34 82
35 92 23
68 26 97
16 8 80
68 84 24
44 52 43
79 72 63
81 24 75
4 51 50
80 73 65
23 6 90
51 77 38
12 76 1
91 18 23
32 35 86
16 63 9
91 70 91
62 12 47
11 61 41
90 29 5
57 76 35
17 81 15
30 8 76
44 26 94
26 7 3
13 6 62
52 46 7
10 28 47
17 61 22
13 11 72
7 30 8
91 74 87
25 7 74
60 45 78
21 63 31
49 32 13
21 0 2
52 69 25
54 62 37
83 63 68
70 3 5
92 24 8
70 78 90
81 75 81
73 0 15
80 27 75
79 27 11
74 30 91
78 58 60
0 38 46
15 73 6
22 24 9
62 70 87
23 74 24
72 9 5
10 29 46
27 21 86
99 2 18
92 49 57
50 14 51
58 69 41
7 5 58
72 65 29
76 62 25
60 7 49
98 36 76
77 22 15
95 63 89
67 8 9
58 53 94
44 21 31
20 6 79
82 23 71
27 74 47
55 5 40
81 71 74
99 27 72
81 85 80
74 43 95
13 51 56
84 23 80
53 66 24
23 4 83
20 25 10
52 41 78
90 41 1
10 78 48
0 6 64
29 44 87
41 26 38
62 7 42
93 25 19
63 14 46
25 45 90
22 77 14
63 95 37
81 18 5
24 2 82
71 33 87
94 49 58
50 78 41
19 9 72
5 2 64
24 61 30
80 19 37
98 66 75
76 14 76
98 37 51
80 7 5
79 71 61
96 35 4
84 21 76
4 3 20
85 26 12
65 55 93
91 21 21
54 67 25
52 22 15
7 15 64
98 24 73
23 77 7
28 5 79
49 18 54
88 75 64
15 26 15
86 72 78
63 59 96
19 71 38
14 72 98
66 18 80
42 57 83
78 13 76
34 61 35
15 63 22
19 61 22
81 11 1
16 70 2
23 75 5
18 19 67
54 76 36
35 94 25
40 43 23
77 5 81
5 65 42
20 33 84
1 20 71
75 57 67
1 73 5
76 69 53
56 27 6
40 58 41
93 65 64
92 25 14
5 15 23
22 82 17
87 21 15
73 12 7
86 25 13
68 84 25
17 59 9
17 60 7
83 21 15
85 16 99
14 25 49
19 20 45
86 75 65
19 11 78
70 27 90
73 2 7
9 8 52
88 26 1
51 51 49
29 4 78
81 55 67
56 10 55
68 1 2
89 27 12
52 41 8
83 11 2
99 2 20
79 1 12
4 60 35
19 74 7
47 52 89
5 77 10
36 18 31
9 32 83
14 38 76
21 4 98
22 29 15
51 31 84
84 74 76
19 18 61
47 52 72
56 10 40
51 64 23
7 74 38
57 67 29
96 55 45
7 68 39
99 61 69
9 14 69
48 53 35
23 7 38
91 70 60
4 49 54
68 11 11
13 30 14
3 67 73
60 54 97
10 30 76
1 6 12
21 63 26
51 47 7
83 12 13
53 38 78
98 28 74
77 81 79
15 62 3
34 93 24
98 36 1
57 17 42
60 24 0
85 77 58
56 61 30
15 64 17
24 5 79
10 32 79
33 4 25
93 71 62
38 10 25
26 73 17
80 61 64
58 11 59
45 24 24
87 18 79
10 22 46
0 21 75
31 36 88
88 38 10
5 32 41
55 26 7
85 25 79
99 62 71
84 57 64
55 42 6
70 73 35
63 24 78
97 70 74
27 10 69
19 79 15
6 35 46
16 28 8
66 46 47
60 49 45
50 47 53
6 2 63
17 70 35
55 68 97
74 99 14
70 48 96
95 65 65
90 45 59
76 87 79
48 49 98
48 50 49
94 27 19
73 9 4
37 6 29
27 97 83
16 65 23
26 77 50
62 47 44
88 71 75
72 78 87
87 36 6
81 22 1
71 28 89
91 37 14
88 31 6
44 26 43
77 30 88
47 51 86
52 13 50
43 48 75
2 42 52
95 28 66
98 23 67
6 27 46
35 45 86
2 64 88
16 64 16
88 63 61
71 79 91
16 62 11
51 74 27
13 32 3
64 47 83
93 26 18
47 41 90
41 47 33
66 77 84
89 79 65
23 72 21
30 5 4
2 8 63
43 25 42
79 73 80
80 26 76
61 15 44
96 56 41
23 84 25
64 19 78
59 56 28
2 47 68
93 9 40
3 7 62
89 47 60
11 0 51
88 62 55
28 17 31
10 4 62
62 37 80
6 29 46
25 13 33
78 87 79
38 28 38
91 21 72
55 24 11
35 7 29
16 70 34
19 72 12
42 50 69
75 11 2
67 50 97
92 19 71
49 10 8
57 28 89
20 17 64
86 30 78
43 67 51
18 72 13
40 57 81
97 38 52
83 81 82
15 67 9
93 80 87
87 71 75
39 54 42
44 74 24
86 59 65
4 58 36
47 47 74
76 98 8
63 73 81
30 9 77
70 68 91
46 20 12
97 54 49
68 12 5
74 11 3
21 73 41
44 18 41
56 66 30
47 26 92
21 75 16
42 25 42
85 69 67
13 65 6
54 60 25
43 64 44
53 68 26
55 25 13
74 13 77
62 22 79
23 77 42
69 13 4
81 21 72
8 48 50
68 0 3
84 10 6
1 15 22
99 3 58
60 36 81
99 65 90
69 84 28
19 55 75
43 24 41
29 72 16
86 77 67
31 18 85
5 68 89
24 71 2
93 21 23
12 15 60
71 51 97
35 49 78
95 11 18
31 37 89
5 36 43
12 40 75
44 72 52
80 58 64
83 32 88
69 60 87
24 14 36
45 14 51
79 5 84
91 13 79
47 53 85
57 60 32
6 39 53
68 44 46
24 24 4
17 27 16
98 35 50
1 21 72
45 22 30
99 8 16
60 41 76
80 26 11
97 12 18
18 31 84
83 20 2
60 8 58
38 15 30
22 62 29
65 24 96
0 67 69
59 0 36
38 30 38
31 42 86
58 64 24
15 22 48
81 73 83
24 26 7
50 15 53
81 26 76
23 22 28
72 63 26
0 86 17
79 33 88
55 25 6
21 77 41
3 64 42
0 84 15
17 6 4
97 16 77
57 1 38
55 11 54
86 60 56
25 97 82
0 40 51
87 35 7
11 16 69
17 4 2
17 95 39
71 43 96
21 52 58
83 58 63
14 61 40
90 27 0
75 67 24
5 33 3
25 21 77
79 95 15
64 71 79
93 46 73
78 9 78
57 29 16
17 64 19
52 48 38
55 9 41
86 81 82
86 61 67
10 15 64
1 40 49
99 40 52
63 23 81
81 73 55
22 4 91
9 21 49
13 13 71
23 63 23
49 33 10
84 62 60
15 86 17
21 27 8
35 47 85
72 16 82
6 35 89
46 24 95
58 66 97
51 42 78
13 61 10
40 27 39
12 27 3
91 27 11
49 48 49
47 48 83
60 27 49
16 72 7
76 78 83
91 26 15
81 55 71
81 21 7
66 73 30
53 33 83
42 22 40
38 15 50
23 22 77
13 69 6
53 8 39
32 36 87
72 50 93
85 30 75
52 52 47
86 23 14
90 64 90
62 56 94
23 76 7
47 74 25
90 54 68
92 81 85
28 32 48
48 72 45
24 70 1
22 22 56
78 25 3
54 48 50
55 75 35
98 58 66
63 3 44
47 72 46
50 76 26
54 25 96
19 2 58
20 23 29
7 8 20
97 65 98
19 28 14
71 47 97
21 22 43
79 53 74
72 36 90
47 24 84
4 50 45
80 52 72
48 52 43
67 59 88
52 44 0
61 10 51
0 70 11
50 69 23
97 16 70
16 14 67
92 22 71
70 67 28
12 16 70
34 68 37
86 73 65
84 83 80
55 50 91
70 2 99
0 8 15
85 15 13
28 10 76
83 8 12
11 78 51
50 35 7
12 79 8
4 80 12
99 53 39
94 8 12
4 61 39
0 38 1
23 76 6
82 70 58
83 66 70
6 72 40
63 57 95
15 62 21
40 39 24
81 22 82
45 49 52
72 34 89
11 31 7
61 94 36
72 36 91
91 30 72
82 73 57
77 60 25
63 57 31
98 59 67
17 4 85
61 97 37
79 54 63
90 17 12
73 34 81
80 20 3
45 18 43
23 71 4
23 72 8
57 50 98
65 74 33
78 75 82
10 21 45
92 20 23
85 81 76
36 92 24
49 46 99
36 77 49
8 29 6
52 31 0
18 69 41
12 50 57
10 88 15
18 27 15
47 49 70
8 62 32
90 28 1
18 54 7
53 35 83
86 78 74
44 24 29
66 67 30
18 6 55
43 48 69
31 37 87
14 67 9
44 64 13
70 12 9
8 60 38
94 14 77
14 52 8
53 49 50
29 36 82
57 2 41
73 34 86
60 48 43
90 41 0
26 9 73
9 16 70
98 39 51
36 7 29
62 85 83
62 98 98
81 71 57
2 37 42
36 8 29
96 65 93
58 56 27
16 62 21
11 27 47
68 72 31
15 70 7
96 66 97
90 48 60
46 79 20
63 27 98
2 50 44
59 52 97
26 76 51
51 39 7
16 19 46
83 30 90
24 26 5
20 75 17
20 8 84
59 56 26
19 99 1
72 42 97
8 40 95
20 10 73
22 17 54
70 44 95
40 49 80
41 50 41
35 65 40
86 80 74
16 29 88
64 45 45
25 27 9
77 45 94
96 17 71
80 40 73
26 25 90
2 65 91
37 71 50
58 68 33
88 52 70
81 25 76
11 57 37
37 29 37
9 79 46
74 66 23
44 25 45
64 82 87
7 55 54
50 28 86
57 5 55
89 26 16
7 48 54
95 12 19
84 72 75
86 70 80
82 7 11
82 25 15
25 7 3
41 55 82
41 44 23
5 21 48
6 5 18
91 77 90
67 80 89
69 45 91
54 46 50
78 20 13
11 52 53
38 50 81
62 75 29
22 74 24
68 93 40
15 3 58
50 70 44
87 72 78
97 57 45
80 83 84
57 55 80
51 97 39
90 25 17
41 12 52
71 66 28
39 64 41
95 73 90
75 14 79
43 24 97
54 4 55
42 74 22
94 68 89
60 20 80
18 93 37
71 0 5
65 70 32
47 79 40
39 63 40
59 56 30
32 82 8
22 83 17
83 81 83
0 37 44
62 49 84
38 61 39
82 24 15
20 80 15
40 58 40
60 9 59
15 15 58
59 43 76
10 53 50
6 33 91
84 81 81
47 52 47
58 53 89
93 65 65
84 11 14
21 21 4
21 73 46
83 20 11
19 25 20
94 72 62
44 50 75
95 66 91
66 7 8
15 12 74
6 32 77
68 42 49
98 14 81
57 5 41
92 45 57
19 60 30
23 14 35
41 48 83
39 70 25
61 12 52
57 8 55
14 26 14
50 26 98
14 73 0
70 7 13
22 73 8
50 73 25
77 11 9
42 13 53
96 66 66
17 6 3
47 73 27
69 16 78
49 82 47
23 28 23
13 63 7
65 21 78
56 3 55
98 64 60
48 31 13
76 98 15
68 28 96
60 50 86
70 1 45
45 22 10
24 75 10
89 38 9
0 13 17
75 97 11
0 19 70
24 5 80
22 70 3
21 52 80
3 11 28
3 31 4
17 15 78
40 28 38
0 21 83
4 64 35
15 30 83
19 23 42
13 1 60
65 20 79
85 82 74
79 56 67
24 23 56
59 68 98
75 7 83
89 67 91
62 21 83
90 26 11
56 76 34
56 6 41
16 19 1
79 73 85
97 33 3
4 63 41
62 72 82
92 20 71
70 0 44
93 27 17
26 67 29
25 8 2
14 61 20
24 20 86
40 50 42
29 6 3
88 50 65
1 15 88
61 66 93
99 23 74
71 79 89
93 76 66
2 5 19
5 12 54
5 68 40
94 57 41
60 68 98
2 55 28
80 87 78
8 51 44
85 8 6
23 0 94
22 75 49
94 70 63
17 18 1
4 74 12
1 39 49
0 15 20
71 79 86
52 11 38
78 73 58
97 56 44
78 72 64
90 65 87
8 35 76
93 50 58
3 31 75
3 79 11
75 80 83
54 7 40
85 82 79
78 56 26
73 10 5
75 58 23
27 76 51
94 8 10
15 61 18
17 68 37
98 54 43
59 53 81
14 72 96
67 72 33
48 49 38
64 71 29
49 24 12
53 43 1
95 74 89
40 21 32
27 44 87
83 68 71
13 63 16
69 11 9
58 24 5
5 66 42
79 52 73
52 24 97
54 12 50
45 26 44
72 9 4
74 33 81
6 46 56
81 22 80
42 69 25
88 14 78
96 28 76
98 84 17
75 98 13
8 15 64
99 61 68
81 66 69
42 59 83
88 70 67
80 19 15
42 45 85
62 13 47
52 31 89
24 29 24
16 96 40
61 7 49
5 47 55
53 16 45
7 27 73
52 71 30
66 99 36
7 37 44
42 39 34
66 17 81
19 22 41
62 72 79
76 29 87
60 47 40
75 15 1
9 31 95
23 8 82
51 1 55
20 96 35
51 52 94
57 65 24
96 35 82
99 36 49
21 96 35
6 12 25
48 12 53
58 63 0
40 36 27
65 30 88
78 53 65
79 59 67
78 24 11
34 71 53
3 68 9
4 68 89
88 37 4
42 71 45
63 72 83
66 64 93
87 70 73
67 80 32
29 23 80
71 2 46
26 97 84
92 23 10
9 41 56
38 11 29
77 81 81
37 46 24
60 9 52
64 67 90
78 61 65
87 73 67
86 66 82
40 72 21
46 14 51
2 65 66
31 23 82
34 40 29
11 77 47
2 48 43
79 97 11
36 9 27
26 80 27
29 78 44
88 52 72
25 16 35
61 41 76
92 24 19
84 82 70
20 49 79
3 63 93
11 40 76
99 47 70
64 96 38
94 7 18
75 12 2
45 78 20
42 47 32
21 80 22
96 12 16
70 71 34
14 70 53
12 2 53
41 73 20
46 48 90
48 42 5
50 81 44
12 29 13
85 72 67
98 49 71
96 9 18
44 49 74
19 67 34
80 55 68
16 28 86
77 5 80
52 39 77
25 72 50
14 71 54
56 25 11
23 85 24
41 26 96
2 61 35
13 70 98
4 14 24
22 27 22
69 48 95
38 9 30
69 44 49
0 4 62
56 30 95
25 6 80
6 3 57
43 22 39
47 55 46
22 52 81
72 16 77
56 27 95
76 4 82
21 74 49
60 97 38
87 66 84
42 42 21
55 72 30
20 84 20
26 98 85
22 77 42
84 9 7
53 61 34
1 46 68
1 82 12
52 25 98
58 31 97
81 12 9
17 57 5
19 4 0
93 8 11
6 36 48
43 63 43
89 46 59
25 76 51
14 58 40
90 48 63
88 76 61
1 29 72
19 72 7
97 36 50
97 69 75
2 71 6
23 23 7
83 21 76
97 68 75
79 83 81
60 54 28
61 57 96
90 66 90
39 44 24
53 70 29
87 37 5
85 25 18
96 8 17
40 61 41
41 83 70
45 76 22
8 69 38
18 8 5
99 52 44
74 61 24
72 9 78
59 52 80
61 53 31
58 61 99
71 70 35
33 44 86
24 24 80
75 14 3
2 41 0
57 63 31
3 68 74
13 85 18
2 4 20
23 51 80
69 67 30
26 5 80
43 45 89
17 36 7
7 11 61
24 8 35
40 69 50
24 7 4
80 60 63
26 10 36
36 17 32
48 17 54
56 48 52
4 4 19
99 2 54
80 91 16
22 50 81
64 22 84
76 97 14
81 85 78
46 43 91
85 10 8
16 58 8
68 48 96
65 52 92
18 3 1
73 24 97
99 60 66
23 10 76
10 75 60
2 73 7
22 5 0
55 47 48
60 67 0
6 58 34
95 42 56
37 9 26
53 61 36
62 87 85
82 85 82
94 51 57
70 1 0
2 4 19
59 13 43
29 23 78
42 54 81
20 4 78
64 85 82
94 36 2
69 46 92
0 39 0
23 63 34
73 80 90
18 72 52
84 70 74
77 20 11
53 70 26
47 50 69
95 11 15
96 58 37
49 26 97
12 60 7
97 67 69
48 53 73
22 64 24
43 50 69
59 57 29
96 8 12
88 34 7
57 67 34
39 40 24
8 11 59
34 62 35
19 56 9
69 10 11
96 24 25
76 42 93
49 53 34
3 36 39
31 64 25
24 77 52
71 2 99
3 35 50
22 4 93
96 40 54
14 2 59
95 23 72
66 10 15
41 97 27
38 92 23
27 18 31
18 14 77
0 38 3
18 65 6
0 55 32
10 57 42
73 16 2
55 6 41
21 5 81
96 51 72
10 76 63
21 61 15
24 47 45
68 9 7
33 63 39
9 34 5
1 63 71
68 65 93
53 62 24
85 58 65
44 24 41
8 58 36
88 75 62
78 25 11
23 21 30
22 75 42
87 59 57
23 23 57
21 2 99
6 64 10
77 90 13
77 76 61
66 72 85
45 46 73
98 17 69
87 22 12
62 77 28
4 27 11
55 63 37
25 76 11
87 74 66
19 25 26
19 53 58
47 52 36
52 65 24
10 75 53
84 9 13
54 73 30
30 17 87
57 67 96
39 10 30
11 42 55
23 71 7
59 67 98
89 35 8
70 79 33
22 71 42
95 19 81
96 30 72
73 65 24
7 35 77
3 36 91
82 83 74
18 27 11
97 5 56
50 79 42
71 1 4
57 98 36
18 2 57
14 3 54
60 25 75
20 25 9
18 11 86
90 53 67
0 67 8
61 46 79
46 23 99
3 51 32
59 26 50
82 21 82
81 19 4
35 21 33
44 56 43
79 19 14
83 26 75
76 29 1
43 48 40
2 40 55
12 78 9
71 52 96
77 25 8
88 78 66
7 5 61
54 15 46
99 21 68
24 70 5
94 51 73
90 41 15
86 76 75
54 32 84
48 51 92
85 65 83
23 25 7
60 99 40
89 71 81
6 33 86
43 73 53
22 23 57
2 6 15
61 98 39
89 26 1
35 39 86
11 60 40
55 26 99
60 73 32
57 65 27
32 26 79
46 73 23
6 31 47
62 22 82
23 12 35
56 3 39
20 8 53
56 72 43
97 85 18
74 0 8
40 61 42
8 54 53
38 57 44
39 34 38
53 75 28
39 59 40
25 24 89
12 20 71
39 65 44
22 76 43
40 25 33
20 11 77
96 68 65
45 47 91
15 32 82
78 3 84
95 87 17
18 5 78
33 60 34
42 27 36
79 31 0
62 23 78
91 21 70
96 66 91
63 67 98
96 9 22
56 25 6
40 42 23
49 96 41
15 23 25
72 1 4
86 20 11
33 25 79
2 32 76
94 56 38
71 27 95
18 26 20
89 53 68
2 53 32
45 17 38
14 17 46
27 63 28
43 42 21
76 98 7
4 62 94
62 66 90
78 54 64
3 65 86
41 61 41
50 25 83
43 39 31
2 5 64
22 9 76
56 30 92
40 96 21
78 43 92
20 18 54
98 68 94
46 54 80
38 36 30
24 64 33
77 20 15
18 3 58
91 68 90
60 53 82
20 25 39
17 60 6
3 80 9
92 27 10
88 49 62
5 68 9
98 41 3
99 60 65
2 4 16
72 71 32
96 66 63
68 72 87
14 73 95
5 31 41
71 24 92
68 4 45
78 52 74
69 11 8
10 27 74
13 74 63
30 41 85
58 30 15
88 37 10
99 83 17
73 33 90
37 37 33
64 71 86
5 42 56
34 6 25
17 54 76
48 46 36
73 13 80
15 62 12
9 88 16
23 1 91
36 47 75
11 39 75
57 28 8
61 4 39
90 26 7
60 54 31
82 82 75
67 10 9
6 9 54
20 6 81
39 33 37
70 11 3
12 0 55
71 15 80
32 13 29
68 29 89
99 34 5
25 21 78
93 98 34
12 74 56
10 32 82
9 50 52
68 51 97
68 93 39
46 49 88
99 37 2
58 45 43
19 24 25
9 57 37
40 72 50
62 52 32
96 22 73
43 52 79
58 0 41
43 25 94
77 58 25
20 73 47
95 27 19
11 32 2
90 80 84
61 36 80
52 32 12
60 56 27
87 11 5
41 49 40
62 58 32
91 19 22
24 45 89
85 20 12
97 28 75
92 71 85
12 17 68
74 9 4
59 49 87
10 10 60
15 69 35
31 22 80
92 28 15
65 64 90
71 27 92
19 5 2
12 3 62
21 28 13
75 32 81
15 88 16
80 84 83
39 37 32
44 50 76
44 27 28
43 97 25
43 23 38
43 56 43
41 54 45
34 61 27
82 20 16
49 81 48
92 72 86
87 13 6
12 54 81
27 11 78
47 52 32
80 53 69
40 47 90
30 27 80
77 56 25
20 27 39
24 5 87
23 2 92
31 73 49
9 53 53
65 65 31
19 3 54
75 99 9
8 49 51
29 21 35
52 1 56
0 52 46
4 51 51
56 65 26
1 15 19
87 64 60
66 13 6
42 51 41
68 84 26
41 57 39
68 80 33
84 75 76
38 58 82
70 6 11
50 42 4
43 72 52
67 13 5
47 24 96
51 24 14
32 59 29
11 20 45
90 27 6
66 50 82
17 55 8
21 11 76
16 69 2
11 52 51
91 22 23
94 80 83
1 36 43
50 18 55
86 34 6
39 18 27
63 70 87
37 74 52
8 38 44
54 19 39
1 19 86
98 57 36
0 64 89
19 29 83
38 65 42
46 49 50
18 10 73
20 72 41
3 66 89
50 43 77
4 35 94
20 23 41
59 54 81
77 62 66
44 55 43
60 53 84
94 14 78
37 93 24
5 3 58
8 22 47
13 68 7
90 52 70
59 72 31
61 70 82
41 50 80
2 81 12
10 18 71
54 27 9
7 30 7
87 75 60
41 38 32
66 67 28
84 16 11
83 82 76
55 29 6
95 9 13
20 7 87
3 3 14
91 75 67
40 53 82
44 47 74
6 60 38
57 56 78
61 8 56
92 36 13
20 80 17
32 59 33
25 16 34
76 63 26
61 58 32
89 38 14
88 80 83
9 4 54
59 60 31
59 52 90
48 74 27
36 63 39
61 71 32
69 83 91
38 22 30
77 92 14
82 14 2
98 9 18
9 63 9
85 36 9
8 73 39
42 72 24
62 87 83
52 6 57
69 85 29
16 9 79
42 25 97
39 51 82
24 64 27
97 39 54
48 51 71
27 80 26
30 66 26
45 40 32
8 1 53
8 60 33
60 21 75
13 18 46
6 30 9
26 15 33
98 8 11
22 4 97
72 34 87
13 40 74
59 52 92
95 35 5
7 4 60
98 72 13
6 11 53
66 84 90
64 81 88
19 79 16
92 66 92
91 14 16
15 16 45
38 38 33
20 76 16
26 96 83
53 30 90
61 54 35
31 61 38
45 55 79
18 22 42
61 16 43
93 25 8
76 96 10
91 43 16
59 7 48
98 12 19
12 65 4
2 16 23
98 16 69
37 46 74
21 70 54
21 9 86
47 73 46
3 73 11
12 43 55
12 48 46
27 7 34
16 71 2
11 59 7
49 49 99
58 66 33
57 65 30
20 81 24
53 41 77
84 8 5
91 38 1
24 76 45
0 81 12
74 16 78
71 68 28
25 9 99
95 28 69
68 41 51
68 78 34
62 27 99
46 47 73
69 7 12
0 22 73
5 38 50
48 16 53
35 22 32
51 51 40
48 69 44
93 57 63
64 45 85
51 51 95
92 74 88
35 9 27
25 9 78
85 72 66
91 65 91
82 24 71
37 13 26
19 56 4
90 73 62
81 84 81
86 5 14
96 66 93
34 7 27
79 96 16
57 50 45
12 33 3
7 49 55
70 15 79
95 7 10
50 79 39
10 60 9
6 28 73
40 96 23
61 47 41
63 76 28
88 38 12
10 64 11
7 74 42
65 66 91
67 29 88
7 60 34
39 35 31
55 38 7
10 23 46
1 72 8
62 69 33
2 48 51
57 10 57
54 37 7
27 71 19
3 79 8
99 39 55
16 7 3
5 36 90
17 29 85
79 30 90
12 55 36
43 66 42
29 2 77
52 44 8
91 70 59
92 32 2
26 14 34
56 40 79
88 16 78
96 36 51
50 26 84
13 1 54
40 47 82
96 96 35
15 72 4
49 70 44
88 24 15
61 18 75
84 25 17
24 19 58
63 58 97
59 48 86
60 99 44
75 17 78
88 20 12
25 8 79
18 29 85
37 33 35
51 11 39
98 53 43
69 79 90
67 75 88
81 6 7
57 70 40
78 98 10
95 76 65
7 56 45
6 33 45
97 11 59
18 72 46
61 66 1
53 10 39
37 60 29
78 29 0
76 77 82
10 32 86
48 74 26
21 19 61
9 29 45
6 31 89
38 18 27
10 5 53
12 53 57
70 5 4
17 8 6
29 21 82
79 58 68
56 66 25
38 42 23
66 29 87
65 69 31
86 81 75
45 24 28
60 58 30
11 77 52
87 31 5
39 67 50
12 41 54
98 17 76
93 62 97
4 32 4
12 75 52
11 62 40
66 54 93
82 75 80
11 85 82
29 8 3
51 52 96
20 23 42
60 60 98
1 80 11
40 66 51
63 46 81
71 65 27
66 26 84
14 2 55
53 5 56
14 16 44
40 38 33
54 62 34
40 39 25
48 75 43
40 48 88
66 27 96
13 88 15
91 53 68
18 19 2
0 84 10
58 64 99
84 70 70
30 25 82
39 60 79
91 17 11
71 26 93
63 65 99
68 22 93
66 24 84
40 40 86
2 27 13
27 23 80
11 53 82
20 30 82
6 49 55
51 50 47
93 70 90
13 31 8
11 8 61
5 31 4
71 12 4
50 49 38
41 43 22
21 81 24
66 13 16
59 55 32
93 37 97
68 28 84
48 73 23
76 64 27
14 30 9
85 32 8
82 80 84
4 11 27
28 71 18
81 62 70
12 77 2
85 68 82
14 20 45
79 44 95
8 31 9
63 45 43
8 78 46
3 79 13
24 55 76
59 44 78
22 6 87
79 92 16
78 99 16
59 15 44
18 29 19
71 33 88
13 4 57
33 72 52
43 52 80
1 14 18
26 7 79
31 19 79
57 55 79
88 47 59
71 72 36
43 47 85
10 66 40
6 73 41
31 24 81
16 17 65
20 24 39
71 77 86
98 33 77
1 7 64
2 76 13
37 14 31
6 21 46
41 68 49
63 86 83
86 20 78
18 65 19
89 36 1
27 9 32
68 74 83
8 16 71
24 73 9
96 66 70
36 75 53
94 98 35
94 11 20
89 80 85
1 55 30
40 14 50
38 65 40
54 65 23
87 35 0
37 49 77
8 29 74
21 81 21
73 15 77
93 31 71
18 5 87
87 34 3
42 49 70
94 24 71
10 79 4
6 77 10
19 19 44
43 24 36
95 27 66
60 39 82
10 50 46
6 8 54
83 21 14
16 88 21
12 64 12
54 22 85
6 39 57
8 31 74
67 22 92
14 62 40
79 81 79
89 68 91
93 27 14
25 20 30
92 30 72
19 72 20
62 67 96
47 52 91
96 64 89
18 4 1
94 24 23
80 20 98
93 63 37
54 34 84
86 78 59
8 50 56
54 25 7
92 81 83
24 98 81
77 24 3
49 74 25
42 24 95
47 49 85
8 32 87
14 0 53
26 10 33
58 51 47
58 68 40
86 79 73
0 4 61
69 33 88
23 20 57
90 42 15
79 24 77
12 62 8
1 51 45
12 84 19
7 26 50
17 8 0
65 86 83
97 67 66
3 72 15
44 66 47
51 44 2
6 34 46
53 77 28
32 62 37
50 34 9
60 99 37
5 32 45
71 26 91
24 20 56
91 17 12
58 5 57
69 2 45
58 75 34
79 11 10
81 25 5
63 79 91
50 47 36
46 75 42
58 68 35
97 59 37
13 25 48
7 19 43
88 39 19
61 71 88
91 44 58
64 24 76
57 4 40
56 71 29
22 20 60
49 53 93
0 74 4
93 35 15
81 20 99
74 12 77
11 63 10
79 61 68
65 13 7
60 16 45
5 7 19
8 55 48
28 79 25
16 98 43
25 76 53
95 50 55
9 15 63
50 24 95
62 20 78
96 10 14
39 38 26
11 38 78
50 47 0
20 21 5
23 78 52
35 50 78
45 51 51
61 20 84
34 6 26
56 26 50
61 71 83
52 78 27
38 36 34
61 53 33
2 69 10
57 28 5
46 22 12
36 35 31
25 63 29
82 26 73
16 20 48
61 74 31
50 43 79
59 46 40
55 6 40
93 23 7
92 36 15
80 40 75
19 24 28
39 15 51
34 19 32
44 73 42
92 9 16
93 8 17
54 30 99
90 34 7
85 77 56
21 77 16
25 99 81
30 18 86
78 19 76
63 99 97
28 66 26
88 68 81
51 37 6
1 41 52
60 25 2
35 67 38
0 32 76
40 47 75
45 51 77
53 32 0
82 67 70
41 8 9
24 21 55
50 70 26
85 72 76
56 74 33
48 52 95
28 20 88
77 91 13
49 80 43
78 22 5
24 49 45
77 43 94
22 82 21
13 16 65
24 77 13
53 52 95
11 30 77
87 46 59
12 19 45
82 75 55
49 24 26
45 69 46
48 51 96
23 20 59
78 7 81
92 13 79
87 66 83
15 71 6
98 68 69
32 21 34
15 50 54
77 51 69
63 48 84
13 74 52
35 42 31
25 10 73
55 71 41
68 24 95
32 23 80
77 12 77
11 79 51
48 48 96
8 30 40
36 29 39
68 76 82
69 5 9
0 64 66
57 62 99
5 10 55
82 16 15
14 16 59
10 7 53
17 16 59
11 75 63
6 38 53
93 75 87
68 77 37
5 33 2
24 76 6
13 62 9
6 4 58
37 35 35
0 74 7
59 48 44
64 32 88
7 13 25
85 81 70
83 81 71
69 4 5
7 23 46
53 23 86
90 74 66
37 76 53
53 22 13
77 79 82
0 65 68
4 8 50
13 54 77
46 19 41
21 8 86
23 75 46
37 16 31
3 51 44
55 29 95
51 25 95
28 10 71
53 40 79
25 22 57
86 17 14
14 63 16
41 48 74
10 78 6
25 24 56
12 26 47
41 71 24
41 72 46
25 75 11
22 82 23
92 48 60
90 67 90
49 77 41
45 43 22
66 81 89
14 62 17
28 20 83
24 8 0
62 38 81
26 74 47
41 34 29
12 50 83
18 7 1
92 36 99
61 70 32
55 2 55
36 61 41
59 26 0
96 41 54
70 25 94
75 12 8
66 70 34
56 26 9
21 24 25
39 73 22
53 25 84
47 24 25
53 24 84
11 61 38
15 3 56
79 26 12
30 26 83
60 23 71
62 65 93
81 8 11
69 99 42
98 11 58
17 74 7
96 9 60
63 65 90
92 80 88
79 72 58
14 55 57
2 7 54
79 88 78
86 26 78
76 25 78
43 23 44
75 62 25
44 47 41
52 63 24
29 76 46
12 0 60
93 25 15
41 48 73
20 26 40
6 15 64
36 40 85
8 41 96
83 85 81
5 13 63
65 53 93
21 74 20
11 28 49
45 26 27
71 64 26
29 20 85
97 65 70
94 48 71
46 22 86
28 75 45
16 15 58
1 68 9
22 21 58
34 58 28
80 11 2
25 12 35
56 26 49
31 72 48
36 48 74
46 75 39
27 5 72
82 27 75
96 24 24
34 21 34
44 55 33
34 64 39
20 4 55
65 11 16
58 28 7
45 21 11
12 54 79
80 72 56
13 53 53
1 30 73
18 24 22
23 19 55
16 61 8
20 4 81
16 65 7
60 5 40
35 74 53
40 55 44
0 16 17
27 25 56
35 64 38
0 82 13
46 77 21
17 54 57
21 74 19
85 73 69
45 25 95
63 65 93
9 27 47
24 48 44
75 31 90
81 54 70
86 60 66
18 73 13
74 44 97
90 79 64
55 3 54
64 47 82
15 51 55
12 28 86
22 55 77
63 84 85
50 30 86
21 63 36
62 68 93
3 41 56
6 33 41
26 3 80
90 37 0
86 68 83
58 26 99
99 4 57
13 16 59
38 7 30
4 69 9
40 65 45
90 34 99
61 9 50
83 57 71
69 27 95
69 9 8
60 53 83
24 14 34
11 56 36
16 12 74
8 5 62
93 52 55
53 29 92
63 69 29
55 46 51
96 36 80
96 98 35
74 9 2
69 1 4
17 17 66
20 1 1
44 20 38
63 72 78
9 64 10
91 75 87
1 39 50
93 43 56
59 98 37
44 42 22
20 63 25
46 52 78
8 67 10
76 93 13
5 30 76
44 73 52
94 67 90
89 51 66
23 8 35
51 41 3
79 60 62
97 96 80
6 25 50
90 27 2
19 85 19
61 20 75
25 3 81
99 70 71
13 28 13
8 67 39
39 96 25
11 6 55
70 68 31
65 12 15
99 40 3
70 27 84
30 44 86
81 15 3
25 79 19
99 66 95
9 56 55
15 28 87
67 12 5
22 28 8
8 4 53
98 57 47
40 72 23
12 54 43
15 1 54
68 17 78
73 79 88
73 2 5
61 67 93
92 31 3
46 49 71
76 13 78
47 67 48
79 70 60
6 17 66
88 60 57
98 5 57
17 75 11
76 14 78
35 72 52
57 11 57
56 75 41
85 73 79
19 26 10
40 47 85
2 3 64
9 31 78
27 9 73
4 72 11
9 19 46
18 4 86
52 97 38
2 84 11
22 7 77
72 67 27
85 22 13
91 47 60
18 68 33
59 37 76
3 67 90
79 50 73
43 21 38
62 67 97
76 30 89
91 73 87
59 51 86
10 42 55
64 5 44
76 61 26
76 82 81
43 22 45
89 66 89
21 27 16
84 19 16
44 23 98
18 62 23
2 41 57
33 59 32
0 67 71
1 65 66
6 14 24
53 26 10
14 85 18
15 30 7
41 61 6
55 3 41
12 31 1
1 66 70
6 41 54
27 45 89
42 70 24
5 70 73
79 49 72
57 11 42
2 36 49
15 14 76
17 20 47
81 85 73
39 68 25
8 35 45
22 22 54
83 9 3
4 53 35
81 5 9
79 71 62
68 84 92
93 73 63
54 70 40
41 71 50
78 72 58
19 11 85
1 77 12
50 45 0
21 73 21
4 68 72
24 23 59
28 21 87
92 53 67
99 37 45
6 8 19
5 52 47
25 10 1
2 26 10
30 74 48
79 82 83
86 69 81
80 59 61
44 44 34
5 37 94
96 54 50
78 39 72
2 29 10
3 75 12
42 52 42
13 30 5
64 61 98
49 75 44
74 69 37
15 72 94
61 26 74
13 60 40
74 32 91
92 8 24
19 78 15
65 19 79
19 24 27
80 49 74
66 63 90
4 62 40
20 7 36
6 55 51
82 82 81
17 74 12
73 33 80
19 2 60
23 77 14
31 22 82
96 28 68
42 20 36
36 76 51
58 70 35
51 46 52
45 19 39
0 34 76
67 7 9
56 68 97
47 51 48
49 79 39
22 23 41
23 77 8
19 13 77
79 93 14
51 30 84
72 11 5
19 20 1
10 70 6
22 22 6
28 11 76
48 78 39
19 18 53
17 8 80
65 46 78
37 37 31
11 24 1
94 74 64
7 33 78
58 37 76
0 62 70
3 51 54
38 45 23
50 1 56
62 96 37
61 19 85
59 68 32
22 22 27
42 99 65
25 9 35
4 9 51
98 7 16
53 40 6
5 17 65
83 11 7
59 44 80
25 77 12
41 28 35
77 52 66
9 31 88
0 23 69
92 64 38
26 8 31
97 36 2
1 53 47
2 16 24
9 2 53
80 23 77
41 48 39
15 28 11
28 73 43
91 81 88
76 81 82
97 25 74
7 35 45
43 51 41
72 11 7
50 31 11
98 52 40
90 71 61
1 49 44
91 69 89
49 27 85
87 35 1
75 64 24
13 74 0
4 40 56
54 50 95
63 26 97
67 19 77
11 61 8
86 70 74
0 74 8
74 15 78
73 34 48
18 74 9
25 70 2
97 20 71
9 68 40
17 63 20
57 51 88
9 61 37
28 10 77
9 56 46
6 14 64
90 48 61
16 51 56
5 48 54
95 66 64
2 40 54
79 24 7
45 75 22
60 44 79
80 23 76
26 23 88
88 13 77
39 8 23
78 84 84
97 4 55
83 82 83
34 72 51
20 94 38
34 47 84
26 6 73
98 35 78
90 26 15
75 15 77
46 50 38
18 11 72
61 68 97
52 31 88
91 46 63
26 21 80
3 79 10
13 77 8
79 28 90
70 49 93
82 10 2
17 67 4
63 67 33
1 38 51
99 64 68
3 51 34
71 35 90
80 69 73
4 73 14
93 56 38
86 70 68
17 72 8
38 51 80
46 50 50
20 55 4
91 40 1
80 6 8
44 48 69
19 96 41
83 27 74
59 10 51
93 44 58
72 80 91
20 4 95
1 76 14
69 79 33
1 33 77
19 5 0
3 17 65
4 16 22
53 34 77
65 97 38
57 10 58
69 49 94
80 64 69
74 74 59
87 29 77
96 36 81
55 29 99
8 30 94
73 10 2
8 15 25
67 21 91
82 21 0
84 21 13
97 65 88
48 53 90
45 54 32
64 68 31
40 96 27
17 19 59
8 38 93
75 44 96
19 59 14
27 95 83
41 25 34
17 94 37
85 27 80
16 69 36
73 26 96
25 10 74
2 16 19
22 74 45
99 67 66
9 32 80
65 66 31
94 62 38
71 39 51
67 23 92
14 31 83
26 23 87
87 21 10
65 80 87
37 8 29
47 78 42
24 1 83
18 52 58
55 31 93
35 50 79
62 47 80
1 71 12
2 65 89
65 48 84
77 20 77
90 35 2
22 23 80
44 27 43
68 11 10
35 40 86
13 63 10
42 50 79
3 62 38
57 54 75
10 78 46
5 56 43
0 66 67
75 88 85
52 29 84
98 18 83
64 45 78
50 33 11
1 41 53
23 24 42
4 35 50
58 45 77
27 10 71
61 98 36
81 19 2
26 3 1
6 67 40
22 24 82
40 62 7
96 6 55
62 11 51
15 37 8
50 51 47
29 64 27
92 6 7
80 21 6
38 38 86
44 49 51
43 23 48
77 65 70
96 15 46
6 34 85
60 53 96
12 78 10
99 65 68
42 23 43
94 63 97
70 53 95
57 24 6
88 56 66
79 43 91
7 13 61
13 49 56
11 4 55
46 51 37
96 95 81
20 6 99
11 69 6
18 26 9
45 74 23
46 68 47
76 58 68
21 74 6
24 3 1
86 74 68
7 46 58
21 22 55
73 28 91
23 7 99
7 34 41
94 26 15
58 48 86
61 69 87
64 20 85
2 19 72
87 64 59
58 62 32
22 61 30
68 9 10
45 67 48
99 10 57
38 43 24
3 66 68
41 37 27
46 51 70
57 41 80
12 57 42
98 37 79
26 44 90
10 29 8
90 73 67
14 54 36
66 98 37
7 15 23
68 76 36
98 57 35
78 74 84
62 60 98
16 53 76
35 93 24
23 24 8
24 4 89
54 31 13
8 31 82
93 12 16
33 63 38
36 78 51
47 55 90
52 50 40
86 12 15
53 34 7
7 34 75
34 65 37
19 76 6
19 73 51
67 28 96
23 24 81
82 23 78
2 30 74
66 68 30
11 16 42
15 62 17
47 74 23
14 32 89
5 3 63
82 12 1
13 31 84
63 61 99
38 11 28
30 38 86
96 29 70
65 12 13
77 56 66
73 34 85
20 1 59
44 18 38
8 75 43
23 76 44
22 77 51
77 74 57
22 7 35
67 13 15
89 49 61
12 74 58
94 66 66
53 6 41
40 67 49
3 27 9
69 6 10
5 30 77
45 22 97
24 75 49
28 22 79
93 45 56
3 36 42
49 54 73
86 72 65
2 25 11
47 73 23
79 89 77
49 74 24
63 98 99
82 31 89
3 61 35
66 57 96
99 13 19
10 33 7
74 15 3
39 57 82
99 40 98
89 55 68
85 83 78
53 3 55
59 23 71
57 28 92
16 63 18
76 51 70
96 55 48
21 34 84
11 58 38
78 43 95
50 32 12
64 23 74
3 4 63
80 7 6
14 87 16
21 79 16
79 4 85
50 29 84
59 28 91
2 69 7
54 39 7
57 70 28
21 64 24
79 32 99
20 60 30
26 44 88
2 18 23
97 40 52
96 78 64
91 49 59
43 51 43
22 22 76
54 26 95
56 31 14
55 75 37
19 55 78
74 33 89
93 38 2
0 20 68
93 71 88
22 44 88
2 47 67
87 19 11
97 36 79
54 8 40
65 62 90
15 72 55
11 27 5
19 20 2
59 53 95
80 26 4
9 73 41
84 22 16
57 26 0
64 55 94
1 19 69
67 74 36
12 0 53
91 54 67
94 83 86
64 51 93
70 5 8
81 85 83
78 21 12
17 70 40
12 31 87
50 24 82
44 41 32
2 5 12
83 70 76
24 15 34
55 66 24
7 59 37
59 46 42
54 75 41
74 31 91
58 65 31
89 22 8
84 14 9
80 60 67
4 5 19
95 52 58
98 66 89
69 27 85
5 50 50
56 9 54
92 50 71
58 49 88
91 49 57
10 7 51
69 85 23
66 65 26
21 3 98
74 97 12
93 23 9
48 53 33
22 23 82
73 99 13
17 96 39
12 26 49
69 3 1
76 57 24
17 69 42
79 14 76
62 56 96
16 24 24
43 73 23
89 72 61
49 26 82
5 27 45
3 51 43
23 56 76
20 10 86
19 48 78
13 71 97
11 9 61
98 9 15
17 57 8
89 66 90
44 54 69
37 34 35
13 31 88
97 39 51
68 46 93
3 27 11
91 30 4
85 10 14
4 41 55
66 94 39
69 71 90
26 7 32
45 13 50
10 34 6
52 42 1
98 66 67
54 11 53
54 32 83
81 10 2
21 73 23
74 35 87
68 71 85
53 75 25
19 7 85
14 61 4
76 24 79
11 51 53
21 23 3
18 19 52
78 69 54
83 81 72
30 45 87
95 57 39
51 40 77
63 67 35
97 68 68
13 99 55
93 29 78
65 69 30
3 5 15
95 86 16
78 52 67
3 4 21
40 70 51
60 57 33
20 21 3
21 34 85
55 96 38
19 24 21
12 25 2
73 44 97
86 63 61
16 26 16
81 25 3
10 56 45
87 77 67
93 17 13
14 72 5
65 98 39
49 73 44
41 33 36
51 30 87
88 50 60
25 60 32
48 23 13
67 65 92
87 59 65
1 8 11
81 64 65
95 35 3
79 64 70
34 58 32
36 30 38
97 36 52
14 27 50
55 74 31
47 22 84
94 8 18
42 56 39
40 60 39
57 12 57
25 11 50
13 56 42
37 91 23
22 61 32
12 30 84
48 12 10
93 23 20
53 35 80
6 28 47
71 26 95
51 43 3
25 20 79
96 27 18
39 47 75
46 51 89
95 14 74
43 68 48
53 1 57
7 54 45
25 74 48
97 7 12
8 36 45
86 23 16
9 31 87
59 99 38
25 6 79
2 64 86
21 95 36
16 93 36
28 19 84
78 92 15
17 86 21
59 47 47
96 58 39
47 49 95
36 46 85
40 9 52
18 7 79
92 80 85
1 7 14
8 13 62
8 37 92
87 24 13
96 85 17
37 62 40
26 19 31
76 18 79
57 76 36
76 59 24
46 25 25
5 11 54
40 62 41
46 24 94
93 38 1
11 28 14
8 28 75
24 21 76
90 29 2
83 20 12
74 36 88
15 7 81
66 47 98
18 67 38
42 48 75
25 23 79
19 30 84
16 55 9
23 84 23
28 9 70
54 75 39
18 73 8
6 31 10
72 0 7
68 68 31
15 33 90
3 56 28
91 24 8
66 65 89
38 70 52
10 5 55
28 7 2
16 8 2
35 40 30
34 7 30
4 52 33
67 45 47
67 25 96
24 60 31
55 38 78
40 39 84
74 25 96
45 50 51
22 76 15
91 34 3
85 20 77
70 43 94
98 9 60
52 25 83
79 27 13
5 27 7
62 21 74
65 87 82
61 0 96
66 84 28
57 49 85
61 95 36
31 20 34
68 21 93
85 24 16
97 29 73
5 69 72
1 48 51
25 11 33
44 17 42
85 59 67
8 20 45
16 19 48
7 34 90
70 32 88
92 57 64
96 57 42
43 48 32
75 28 99
92 52 65
96 14 81
27 12 77
93 74 87
53 31 13
1 51 43
84 76 57
38 37 29
96 14 75
78 77 60
59 46 77
17 55 6
25 18 86
20 60 15
52 32 84
64 47 85
11 53 80
49 52 41
97 58 37
13 54 36
10 74 41
45 48 42
71 78 85
39 31 37
50 15 51
16 85 22
77 71 54
35 13 31
44 63 42
98 22 68
19 26 16
29 62 64
13 46 56
92 37 0
64 70 30
50 73 26
91 52 66
60 70 86
89 64 89
92 29 13
16 64 23
7 40 56
41 48 86
0 16 87
39 59 81
50 72 26
87 25 0
50 50 50
77 76 60
18 25 26
75 12 1
89 37 5
72 71 36
21 23 24
80 73 80
28 22 84
40 49 82
13 52 57
13 32 85
29 80 24
55 48 96
13 52 53
76 73 63
92 7 8
15 72 3
36 41 31
54 61 32
12 75 1
20 55 79
34 12 31
4 50 55
28 72 17
40 61 79
63 11 48
19 19 0
58 10 59
27 18 83
78 44 91
58 56 78
22 73 22
98 5 60
55 76 38
98 19 82
20 28 17
63 48 79
14 60 5
88 35 2
65 72 31
77 74 63
42 47 84
0 47 69
10 50 52
61 49 85
19 6 81
22 64 35
14 73 2
57 16 44
12 46 20
73 3 4
64 10 49
20 6 0
28 20 85
96 16 81
23 12 76
98 14 20
56 97 37
53 27 96
95 13 76
16 53 56
5 27 48
25 20 85
56 29 93
84 33 88
7 52 45
96 5 56
47 46 39
67 28 95
18 67 36
92 43 18
99 40 2
95 10 21
22 78 15
3 4 22
1 29 11
28 44 88
49 83 47
14 31 8
63 47 87
19 5 55
43 24 30
3 28 11
44 14 52
67 71 88
8 49 48
40 65 42
90 47 59
24 23 27
98 67 74
76 11 77
95 56 42
86 27 80
13 31 4
19 26 24
54 49 96
15 14 68
42 24 37
26 24 55
11 58 41
45 63 41
56 73 33
1 83 14
48 98 39
21 95 41
10 8 62
93 62 95
78 82 80
40 56 83
90 76 88
43 41 22
12 28 6
20 91 34
79 25 12
79 29 0
66 13 13
20 92 35
68 59 87
90 43 58
42 48 71
83 24 79
54 42 1
87 71 68
88 18 12
51 42 7
6 9 56
9 28 75
4 35 40
17 51 57
25 15 34
97 96 36
11 61 39
25 61 32
74 43 94
3 8 53
79 22 80
62 8 49
18 65 36
1 63 90
64 72 33
90 50 65
42 37 32
60 42 77
44 53 69
7 71 38
13 56 24
50 79 40
19 71 40
46 52 86
22 74 42
33 73 51
86 79 62
7 32 46
78 5 86
9 39 94
95 59 39
20 12 76
11 89 15
49 41 7
28 74 16
23 5 88
14 61 10
46 53 32
61 74 30
91 33 2
21 27 40
46 25 28
82 60 62
10 78 45
92 16 15
27 8 35
69 24 94
55 55 97
53 35 8
87 58 66
56 22 9
92 69 90
11 67 40
19 17 65
64 23 79
41 53 42
0 20 70
95 55 42
84 19 12
90 47 62
86 30 76
51 23 13
83 8 7
4 65 87
23 70 0
23 5 91
53 13 51
23 77 43
41 60 79
19 28 86
88 50 63
36 37 32
28 73 44
10 30 78
6 64 43
76 75 58
67 30 86
22 74 7
19 7 53
70 76 84
17 65 6
73 64 25
20 1 99
93 64 64
48 48 35
44 22 37
12 79 11
44 70 45
83 82 81
17 71 51
78 18 2
0 83 11
22 1 93
7 72 39
8 59 38
2 42 0
66 75 84
97 71 66
75 14 76
41 47 72
80 29 2
61 6 41
8 55 54
56 76 33
17 98 42
26 81 25
14 59 17
33 62 36
86 32 6
61 72 31
84 82 77
12 60 41
77 97 10
21 28 22
85 73 75
65 46 86
82 76 79
12 39 80
36 40 88
82 71 74
52 74 27
14 66 7
35 20 33
64 64 91
21 11 74
14 14 44
39 24 32
56 54 97
53 7 42
65 45 46
98 23 72
20 0 3
60 26 1
88 41 19
96 36 8
18 7 2
36 39 30
21 81 18
63 85 84
64 73 82
18 27 21
75 72 63
20 64 37
22 23 29
12 5 56
68 10 12
16 29 84
23 6 78
60 62 98
1 72 6
88 21 8
20 5 96
1 23 73
14 61 12
92 22 22
93 49 72
62 70 83
20 3 96
66 82 89
29 32 26
30 64 27
64 72 84
78 30 89
80 74 80
69 50 92
37 31 37
78 44 95
91 56 63
2 39 48
79 53 68
76 19 11
68 59 88
46 69 46
13 54 56
42 59 43
65 47 96
21 61 28
41 10 52
43 65 46
17 28 10
87 81 83
48 47 50
55 27 8
54 24 10
89 42 2
4 29 10
59 48 47
84 19 98
67 73 86
60 16 43
41 66 46
48 46 38
1 85 9
34 8 31
12 19 70
4 61 32
24 69 7
90 24 16
43 22 31
44 51 77
91 39 0
72 1 5
8 66 11
63 86 85
92 74 64
51 32 12
62 66 98
18 58 11
21 50 80
56 28 99
9 51 45
36 23 31
12 83 19
15 89 20
59 41 79
19 32 83
63 72 82
32 66 24
97 50 72
3 51 48
66 76 88
26 4 2
10 41 77
80 84 82
0 38 0
76 19 17
61 25 73
58 70 88
77 70 53
17 15 79
47 15 52
96 59 38
1 70 10
44 19 38
6 5 59
77 63 71
25 21 30
11 40 53
6 64 36
60 68 99
12 12 72
22 53 79
39 26 40
52 40 80
61 21 73
24 70 6
3 40 50
53 11 49
51 51 46
4 36 84
15 23 49
7 34 78
47 21 85
51 25 83
41 40 26
55 47 49
19 72 46
44 46 90
95 51 74
44 39 32
15 51 74
93 63 96
31 17 88
44 49 36
9 32 96
95 11 17
4 37 91
76 11 9
5 35 47
11 27 50
61 37 79
90 28 5
62 46 43
69 50 99
57 64 0
0 1 19
83 17 97
11 26 2
51 38 6
75 7 4
51 43 8
53 50 49
20 73 8
79 26 4
0 63 68
65 85 27
51 41 7
47 76 43
30 38 85
94 7 19
60 67 33
66 97 36
36 14 29
19 65 36
56 75 37
47 53 45
89 23 15
16 66 22
57 16 43
85 81 79
63 6 56
20 73 50
97 68 72
55 26 96
54 76 28
93 19 22
54 40 77
67 83 91
94 74 88
47 23 83
21 72 51
26 68 30
99 85 16
40 54 43
24 7 81
23 98 94
38 9 25
89 65 88
95 36 6
46 53 92
46 47 41
89 56 58
26 22 79
47 48 97
32 73 54
66 80 90
9 48 55
66 12 14
58 6 47
47 51 70
90 29 73
72 33 46
58 25 47
95 29 71
86 30 75
86 78 63
56 4 54
52 75 26
57 74 36
90 19 23
19 3 56
94 43 57
45 45 91
1 40 99
9 49 47
7 30 46
71 10 6
16 10 72
11 75 59
66 67 92
27 73 46
53 24 52
62 24 76
39 67 52
78 57 60
20 28 41
1 67 73
86 63 59
43 64 42
99 5 60
59 32 97
41 56 41
51 33 8
46 50 90
19 75 15
71 0 6
20 21 46
0 4 16
19 0 0
10 52 81
91 73 65
4 13 22
43 13 53
39 47 89
40 38 34
22 69 0
29 10 78
77 4 83
14 53 76
22 69 99
70 2 5
12 63 41
25 75 46
22 22 5
77 95 16
24 50 44
77 23 77
46 26 29
66 25 97
72 97 14
79 73 66
71 67 91
44 50 53
44 17 41
92 13 16
27 9 75
51 55 40
5 61 39
28 96 84
39 66 43
39 22 31
83 75 57
1 65 89
48 54 42
6 31 6
23 73 23
51 15 52
92 42 17
85 5 13
5 67 41
43 42 31
58 32 95
52 29 93
7 5 62
52 23 96
97 65 75
23 63 29
65 23 85
5 35 85
9 29 47
39 16 30
59 31 96
7 37 93
21 18 54
17 60 5
50 39 8
69 75 83
45 49 87
70 51 98
38 13 28
40 47 84
9 37 78
79 28 3
90 56 64
53 73 41
67 95 38
51 25 98
89 17 11
24 24 58
58 34 93
10 55 48
19 93 34
96 67 96
91 79 84
23 63 32
49 23 14
20 99 34
47 77 39
2 38 43
14 3 60
79 69 72
69 45 47
2 57 29
49 41 5
59 4 41
22 2 92
82 26 16
84 15 10
71 49 92
96 74 65
47 31 12
60 56 33
42 65 42
93 36 98
23 76 50
24 7 89
19 7 82
60 40 83
65 18 77
59 61 32
65 48 98
32 72 50
32 25 79
96 12 18
33 72 54
67 94 38
12 75 62
61 26 78
38 7 31
53 34 82
30 43 86
14 64 6
42 69 50
19 2 56
16 19 50
23 18 55
43 44 32
79 69 59
25 5 80
14 15 44
80 54 67
67 77 36
92 38 16
31 42 85
26 79 18
42 23 41
5 67 8
36 95 22
24 20 54
50 52 93
42 67 47
27 74 17
50 41 6
61 19 74
79 21 3
10 5 54
83 28 88
15 10 73
78 27 89
56 47 52
2 51 48
95 15 78
5 35 93
91 25 8
55 49 52
36 62 42
96 15 76
19 1 98
92 16 13
82 8 7
3 36 41
6 31 41
54 24 12
51 29 85
6 53 48
67 52 93
65 44 44
67 49 96
60 59 32
51 35 8
67 20 90
72 35 84
96 66 95
83 71 75
17 29 82
94 40 17
21 71 52
44 43 31
24 17 33
19 26 38
11 4 62
85 15 12
24 11 76
26 94 82
56 51 90
21 5 99
56 28 93
77 75 62
54 71 28
27 22 86
22 7 34
85 71 69
79 73 65
48 77 38
40 62 79
55 30 94
15 62 15
57 27 98
88 57 67
49 75 26
62 68 88
67 67 32
6 26 49
18 58 10
76 23 2
9 53 80
19 93 36
24 21 29
23 63 28
11 38 79
95 80 86
55 27 94
58 25 49
78 23 77
97 19 73
14 21 47
11 49 47
83 18 98
55 52 97
11 51 82
3 6 54
90 39 15
97 6 57
83 23 17
58 9 50
6 75 42
52 35 10
85 77 75
9 0 54
77 78 81
72 14 9
4 52 48
40 57 44
13 4 61
38 37 27
18 97 40
16 5 56
18 71 37
61 54 31
20 75 6
96 66 62
23 3 88
88 77 66
78 8 5
89 79 84
84 26 79
15 70 5
22 7 37
72 13 8
77 97 6
3 15 22
74 13 8
75 8 79
95 82 86
11 22 44
20 27 14
20 95 37
89 73 63
71 0 8
67 28 86
94 58 40
40 95 22
42 21 39
16 70 52
79 72 53
24 80 20
56 48 47
93 37 2
82 22 74
64 25 96
82 22 71
16 25 22
60 70 32
38 94 25
52 46 8
43 51 78
24 20 57
52 47 51
60 47 46
68 6 43
42 67 41
0 40 54
9 28 73
95 88 16
10 15 69
58 73 34
72 77 84
1 67 68
53 5 41
63 67 94
3 70 6
32 63 28
96 15 79
87 39 11
59 70 87
54 30 91
83 17 14
42 51 81
78 73 63
5 6 17
36 49 78
7 40 54
66 48 97
78 23 10
80 6 85
48 25 83
77 60 63
72 17 78
94 70 89
78 21 16
23 21 61
96 75 66
33 66 26
23 5 84
69 70 34
69 27 98
89 58 59
22 77 5
58 29 90
77 19 14
46 23 9
10 18 42
60 13 43
84 27 81
66 28 85
62 55 97
83 20 15
46 47 75
54 51 96
52 74 28
84 81 73
54 97 39
17 52 59
69 41 50
87 15 78
60 19 86
79 98 15
81 26 16
8 32 78
56 19 40
74 8 5
53 27 8
79 32 89
86 63 60
80 73 54
27 8 72
93 47 72
65 75 86
44 74 54
98 63 77
64 67 34
18 71 39
49 49 37
9 20 44
21 18 63
79 3 10
11 54 49
55 6 39
99 55 33
70 77 84
78 57 67
16 66 5
20 96 42
82 7 8
4 16 67
98 40 1
14 31 6
98 20 82
64 0 96
18 59 12
88 17 10
16 61 14
24 82 26
81 85 77
78 97 15
87 99 82
39 36 28
90 53 69
18 24 24
5 62 36
64 88 85
59 8 54
17 8 5
32 43 87
27 4 80
52 45 9
44 53 44
88 13 7
52 52 96
23 50 80
83 13 9
18 16 65
7 29 91
39 97 24
19 22 4
48 21 14
43 68 50
68 83 29
57 1 41
5 13 55
16 14 77
25 24 60
60 22 75
43 20 36
17 5 56
19 16 59
60 61 98
97 55 47
57 30 96
84 10 15
22 6 98
78 2 11
76 67 25
23 81 20
16 37 9
7 17 70
83 25 72
6 35 79
94 52 72
66 74 87
61 88 82
49 40 77
95 64 96
98 63 93
41 52 81
93 7 18
95 35 7
83 22 75
66 80 88
94 6 11
50 81 45
3 65 66
95 28 67
98 60 67
80 70 73
82 63 66
7 4 19
8 32 79
63 21 84
70 83 29
47 76 40
89 40 18
57 52 91
79 73 57
49 16 52
13 38 75
71 8 79
92 28 12
7 54 52
22 76 17
23 22 61
46 49 89
12 29 85
25 98 81
73 11 78
41 24 30
30 38 87
68 20 77
58 99 36
54 71 30
16 18 60
17 25 23
20 97 34
49 13 52
53 10 41
1 3 65
5 40 54
15 9 2
58 49 86
15 93 38
50 23 13
98 39 3
7 2 55
14 98 54
20 7 80
32 62 38
20 73 21
86 24 19
97 20 83
68 64 92
8 28 44
79 85 83
80 76 81
98 59 68
49 48 37
82 74 56
23 24 58
78 77 62
33 5 24
25 75 7
37 70 51
4 62 36
8 48 54
8 56 46
77 55 27
18 80 16
88 34 1
16 20 49
1 66 9
19 94 36
97 53 42
72 31 94
23 23 5
12 75 55
22 11 76
