71 35 94
47 65 19
47 6 12
60 89 35
42 3 8
36 23 8
81 85 86
20 38 73
69 63 15
7 87 16
64 90 33
79 54 40
37 9 29
87 18 72
23 30 62
42 62 75
62 40 92
45 13 18
63 65 11
35 54 69
31 29 79
3 4 59
7 27 7
87 8 73
68 58 88
59 37 57
7 55 77
95 98 95
84 9 41
6 51 29
78 37 69
8 25 10
38 31 75
53 12 20
81 50 2
39 80 84
19 14 65
4 59 35
73 4 38
1 1 89
21 20 15
1 8 40
20 21 15
98 87 28
36 56 69
27 58 50
72 8 51
74 5 50
44 1 14
96 39 37
75 63 16
50 62 63
81 10 0
62 97 45
73 15 30
35 58 56
59 84 39
73 8 45
65 98 43
80 4 4
28 32 21
90 34 78
1 56 45
85 19 72
99 1 74
53 92 8
4 44 59
85 33 74
86 88 47
50 63 62
89 15 17
16 20 60
95 9 41
57 57 88
74 27 3
79 47 90
61 9 5
87 37 73
36 61 77
8 92 6
38 8 39
34 57 67
12 0 15
17 59 79
79 46 96
82 21 29
86 47 66
51 5 22
71 24 45
49 90 40
93 90 91
0 36 88
83 0 97
0 87 14
36 13 43
23 10 74
77 98 4
46 54 61
83 86 47
50 5 22
92 84 91
16 23 16
74 9 50
11 95 12
20 99 59
81 85 91
28 59 72
22 30 63
65 8 0
28 32 67
79 51 99
77 52 94
43 35 63
67 9 40
83 60 40
55 18 18
75 24 85
88 10 21
72 22 43
40 45 27
48 31 26
31 21 6
75 51 20
77 1 99
65 63 13
99 41 43
28 30 80
71 56 93
1 23 7
75 4 53
46 93 44
44 34 64
68 10 6
12 92 11
13 1 9
0 88 83
42 0 14
5 53 32
87 86 91
3 86 20
1 90 28
35 6 35
29 5 26
85 60 39
44 71 91
88 41 65
59 43 96
45 65 15
76 8 55
92 88 83
0 81 27
81 88 88
29 63 52
79 83 83
79 46 5
98 23 12
97 43 33
43 9 3
35 56 58
78 5 96
94 49 37
52 85 35
87 48 65
1 91 67
25 36 8
9 76 9
5 2 89
54 17 12
78 51 23
18 94 56
58 38 97
96 12 16
72 16 28
64 1 45
82 47 19
30 6 10
19 53 78
72 11 43
49 6 23
72 7 42
92 11 36
68 43 83
93 48 34
18 25 15
87 16 21
30 61 73
4 5 72
11 1 15
61 12 30
76 7 55
93 49 35
9 88 30
61 44 99
34 56 71
66 53 8
89 47 40
95 33 83
59 66 9
27 33 60
69 39 87
3 87 19
27 28 69
10 25 8
58 27 21
88 98 94
56 57 89
53 63 72
81 51 1
83 32 84
64 6 45
2 56 75
66 59 93
20 52 78
27 78 89
65 1 28
83 0 99
32 29 80
88 16 17
11 2 63
27 24 24
62 93 31
14 96 59
49 54 18
69 55 91
45 9 28
58 43 93
34 6 14
86 14 34
25 6 76
68 56 92
90 11 35
5 85 17
87 35 75
51 48 58
30 22 36
57 89 11
86 55 42
55 5 27
78 16 33
22 10 65
78 12 1
46 62 80
84 54 37
75 32 4
49 64 60
83 84 44
1 3 73
47 34 22
58 47 55
83 17 67
54 63 18
93 21 4
14 48 67
38 47 61
60 40 93
1 56 47
79 0 6
93 10 33
78 0 3
84 20 72
59 39 55
13 46 56
40 5 35
99 50 68
96 87 90
32 53 56
89 96 55
31 7 27
91 38 67
39 43 62
79 21 83
17 58 81
57 95 33
34 5 42
63 4 6
64 95 43
60 43 94
2 11 45
33 33 77
57 89 9
38 78 88
76 51 93
80 43 1
69 19 30
22 7 23
32 17 8
62 99 45
51 33 22
50 4 23
80 52 42
26 7 55
78 38 75
58 79 38
3 44 61
27 23 20
39 9 33
96 47 37
75 57 94
46 38 24
77 48 90
6 4 57
65 99 27
42 79 82
69 8 40
39 7 28
57 59 10
95 45 38
24 29 4
62 45 98
3 63 51
40 17 10
26 32 59
76 92 49
28 4 42
33 18 38
34 65 57
6 89 60
55 10 27
73 26 84
88 89 81
78 6 2
71 10 43
92 50 69
6 88 8
64 11 18
2 25 9
75 10 44
61 68 8
15 55 82
91 15 9
33 6 24
99 38 38
5 6 71
47 48 56
78 97 9
82 0 12
46 60 74
8 98 61
14 55 79
97 34 89
93 50 79
83 62 39
14 96 9
8 54 74
36 6 37
94 40 71
32 24 37
55 92 34
83 97 15
34 4 16
21 27 12
61 34 4
34 43 64
72 33 99
4 4 86
86 13 5
69 52 9
79 17 32
81 10 39
40 47 27
74 33 1
14 94 14
42 3 14
37 43 60
24 27 62
8 47 56
92 35 81
96 0 74
79 8 2
57 95 32
25 36 7
96 44 38
81 98 11
84 31 80
75 94 45
88 57 66
58 78 44
68 99 42
31 35 70
49 70 80
56 93 5
71 23 46
45 67 55
65 7 7
57 10 29
86 84 85
49 74 87
75 63 14
54 17 15
9 58 75
30 29 64
94 14 15
48 79 82
78 37 81
87 84 87
35 23 35
66 93 44
23 46 74
11 69 50
58 1 45
32 8 27
2 43 58
81 51 42
26 22 60
32 32 68
77 99 3
11 93 4
6 18 9
59 9 33
47 70 94
16 41 56
80 40 63
93 35 83
85 49 39
39 47 62
27 33 97
23 50 76
68 4 44
74 11 51
58 67 82
20 51 55
92 37 73
79 16 6
42 19 7
1 7 53
7 55 78
70 34 95
4 86 11
24 41 11
39 60 75
47 93 41
69 20 35
40 33 14
48 74 84
31 60 54
98 91 27
25 6 74
80 5 98
89 12 4
10 94 12
73 33 93
71 9 42
97 12 11
58 68 8
32 23 10
1 89 15
79 48 24
77 34 0
83 46 1
1 34 88
84 55 45
94 67 46
37 48 23
84 22 78
19 44 70
44 70 92
30 30 80
3 61 81
35 62 77
44 64 74
12 84 5
50 50 57
42 50 61
99 0 95
29 32 25
76 11 6
50 34 23
14 41 59
78 99 97
49 35 21
49 61 19
54 17 18
53 98 9
92 61 78
73 99 43
46 43 18
28 30 28
16 42 57
63 50 0
2 6 71
8 55 72
2 54 51
37 55 61
96 39 68
59 95 4
5 7 33
89 1 72
51 86 36
5 46 57
13 43 63
67 9 41
9 56 77
73 52 17
57 66 7
65 63 98
62 95 31
67 55 4
46 54 14
42 42 28
62 66 3
15 27 14
81 42 0
85 98 95
22 28 13
48 65 56
44 26 73
29 5 54
1 0 81
89 91 80
51 70 81
92 88 80
47 81 79
47 40 24
27 55 70
79 91 46
96 2 75
2 85 24
39 73 77
69 62 16
57 25 21
86 46 71
32 33 67
26 9 71
2 63 48
58 1 8
72 10 51
44 68 76
42 75 93
41 22 7
33 24 4
74 8 50
0 90 66
92 4 77
37 48 58
82 66 46
27 35 13
61 94 38
82 14 7
67 8 28
27 30 13
9 59 74
11 46 52
5 44 57
15 55 81
37 8 40
40 50 26
74 5 99
38 45 28
37 12 27
4 43 60
93 83 90
35 78 91
28 62 53
66 43 86
10 55 76
89 43 62
81 99 11
6 85 27
83 65 42
34 16 35
87 98 96
78 37 75
96 99 94
65 89 41
92 61 34
3 90 12
61 15 19
75 50 92
82 99 47
88 93 89
65 6 7
72 54 93
2 90 65
38 46 30
95 41 70
6 7 71
41 24 7
28 35 17
12 43 62
40 41 60
28 34 8
86 41 64
70 48 16
33 61 77
77 49 19
83 1 52
21 38 69
26 0 69
45 76 79
29 32 24
91 84 81
63 38 1
90 96 53
94 59 32
44 4 4
78 88 88
66 93 34
31 36 64
37 53 71
70 36 93
40 25 6
13 23 13
9 67 56
12 47 54
44 70 13
14 2 64
10 21 15
62 4 8
56 24 22
51 59 14
58 5 30
96 7 42
62 89 13
31 63 75
5 88 19
12 96 13
4 50 28
19 55 52
83 54 43
41 16 24
73 8 38
90 13 10
31 56 74
4 89 16
77 38 72
26 80 87
94 59 39
50 27 23
68 56 7
87 99 97
53 97 10
54 12 22
83 54 40
50 47 58
4 11 52
59 59 88
34 7 42
97 48 60
98 6 53
76 48 19
84 91 81
82 85 42
61 6 35
72 11 35
21 17 57
1 5 69
78 9 3
99 5 56
70 37 94
97 9 38
89 37 75
5 88 29
99 1 75
78 46 21
21 32 10
43 65 79
99 56 41
83 33 71
52 19 20
68 18 32
60 57 11
38 69 78
7 93 2
23 27 52
65 12 1
70 60 17
63 41 91
41 84 77
10 22 14
40 15 23
59 46 99
14 25 15
82 36 60
96 11 39
38 32 18
45 62 80
46 53 62
39 32 76
30 29 66
47 0 7
1 11 50
56 56 13
68 7 30
29 35 23
35 11 22
93 26 83
26 36 73
63 46 97
26 57 82
84 99 51
83 89 40
37 48 57
86 12 38
99 37 33
51 33 25
82 17 77
19 29 3
76 89 42
48 61 74
37 9 36
93 58 83
43 40 25
50 40 17
41 37 56
32 59 55
68 59 91
82 87 92
87 99 98
90 37 76
77 54 94
60 16 18
78 5 3
46 7 14
24 20 62
46 2 20
68 9 39
75 43 67
38 12 26
37 45 61
49 32 27
58 75 43
53 52 66
54 67 82
33 18 36
83 97 50
70 61 16
91 34 82
94 51 80
79 94 46
4 7 33
52 62 77
88 92 80
45 69 13
83 86 42
74 50 18
55 83 37
23 39 71
9 54 71
39 66 92
75 27 88
66 62 12
39 36 9
34 22 36
60 44 98
68 59 88
31 64 55
95 35 85
1 8 37
5 65 55
17 41 57
89 85 49
95 56 86
67 14 2
49 32 21
58 25 21
38 52 71
26 5 75
43 69 90
25 30 15
57 46 99
63 5 3
90 57 92
1 9 41
36 25 30
64 51 99
78 48 91
28 33 79
88 30 85
10 24 10
99 63 43
63 88 35
92 91 92
76 71 48
5 25 9
68 38 86
26 31 66
70 17 29
76 39 66
22 6 71
92 59 92
92 60 32
78 49 19
14 2 10
88 28 86
72 30 87
25 31 60
81 85 46
39 12 43
28 31 23
90 19 72
8 81 7
39 69 95
44 78 80
88 14 15
29 60 70
0 85 24
85 32 78
58 58 12
98 97 95
68 58 94
20 8 61
95 54 28
99 6 72
28 34 22
63 4 36
79 5 95
7 46 58
39 58 63
91 2 77
31 24 10
58 80 34
45 63 79
60 4 4
83 36 58
30 6 25
45 9 24
73 10 50
23 29 69
53 71 81
33 8 24
40 34 22
42 73 94
26 56 84
60 92 8
96 95 98
78 84 84
64 1 29
99 7 48
17 18 60
40 53 60
76 42 68
79 49 2
77 63 15
68 18 36
40 23 9
50 27 78
95 52 34
96 63 43
54 80 44
36 21 35
81 97 50
3 5 73
21 7 66
59 34 97
26 21 20
5 44 64
84 96 52
22 40 72
4 0 88
40 51 66
2 93 2
55 80 35
95 87 91
84 99 97
92 13 15
68 3 41
82 44 63
2 56 37
47 55 62
40 51 65
45 62 19
54 9 26
26 26 19
99 41 37
68 44 88
90 86 91
23 8 67
36 5 38
52 17 16
50 22 81
24 22 51
80 49 1
22 39 10
79 89 88
98 49 61
76 5 53
56 7 8
15 49 66
48 75 87
79 18 74
18 5 59
63 96 44
33 23 35
53 7 24
67 18 37
77 96 8
83 46 21
55 45 54
34 18 7
89 89 82
7 83 9
37 12 44
37 34 17
26 22 22
71 59 18
66 98 27
60 4 39
6 59 83
17 20 58
48 1 5
88 21 85
92 60 36
32 60 68
59 33 3
87 48 38
74 6 53
46 9 25
43 41 27
86 14 19
17 24 16
66 20 39
41 74 94
22 40 11
93 27 84
93 11 78
42 9 27
59 3 10
29 53 74
67 4 39
38 49 24
83 48 19
42 4 1
20 20 14
57 6 31
84 44 71
7 58 84
64 0 25
98 56 39
96 36 37
9 66 53
28 25 21
61 35 0
28 32 16
68 5 43
86 34 75
83 48 1
67 43 84
38 10 20
85 47 72
77 49 21
0 44 53
85 9 37
35 45 67
6 63 53
43 74 78
21 52 53
59 54 82
45 1 19
15 90 57
38 28 78
39 53 18
88 9 72
46 72 90
59 5 29
51 95 32
64 55 85
6 94 63
93 71 44
34 17 8
39 5 33
89 9 3
59 94 39
4 26 18
87 89 82
82 46 98
3 92 12
1 89 14
99 38 90
89 56 70
32 65 57
31 51 73
37 33 27
13 49 54
24 9 73
37 35 27
86 93 55
75 33 85
92 57 90
48 71 94
43 9 6
98 49 60
44 79 79
84 44 66
32 8 23
33 5 43
38 61 76
79 20 31
84 45 16
18 97 58
55 61 11
57 38 97
68 54 3
73 97 44
44 50 24
74 87 40
59 11 18
80 95 45
87 14 71
72 7 50
62 50 1
61 89 14
72 97 43
94 89 91
65 9 0
61 5 10
89 69 46
63 2 30
52 54 62
38 20 6
28 9 59
83 89 42
84 34 64
12 47 55
89 58 72
2 53 71
58 2 9
69 41 87
78 36 80
34 22 5
39 33 26
58 67 8
17 53 81
44 49 18
91 61 79
46 63 18
84 98 14
51 52 19
54 51 65
56 54 93
0 10 49
94 57 85
52 71 80
71 11 33
0 90 31
25 21 52
81 67 45
49 66 56
82 19 75
90 11 5
46 64 78
15 40 60
92 13 12
83 3 2
54 84 35
66 55 6
75 11 48
45 46 21
16 96 59
96 99 89
78 90 88
93 30 84
48 25 78
80 86 88
50 10 23
41 8 28
66 16 16
88 13 70
47 94 34
95 8 41
96 42 48
32 51 53
93 51 36
72 19 30
91 3 76
91 96 99
98 53 65
62 1 45
2 65 49
53 5 26
96 96 2
15 95 8
8 45 59
91 45 39
94 24 85
5 88 8
4 1 87
13 99 5
27 1 42
89 90 49
50 56 65
77 89 43
42 36 26
10 25 16
99 12 13
86 16 70
54 96 8
82 89 79
77 0 1
55 61 18
43 47 31
7 70 59
47 49 22
92 82 81
59 40 54
53 82 35
40 68 78
87 19 78
54 42 53
32 30 67
16 99 8
18 96 57
22 47 74
66 88 41
48 9 14
37 37 6
18 29 15
27 1 71
36 53 68
40 56 62
80 17 5
67 19 39
2 0 91
39 24 8
34 43 54
40 75 77
94 11 33
15 41 58
68 21 41
5 65 51
49 28 23
76 59 94
93 21 3
83 11 2
99 35 87
5 95 62
71 16 37
26 56 70
61 91 39
9 0 61
6 56 38
3 8 37
82 19 76
6 63 55
58 2 7
10 67 57
21 39 71
96 44 39
31 79 87
14 23 14
43 5 29
82 85 46
44 28 15
92 20 5
90 18 5
59 53 93
42 8 5
3 87 21
76 41 65
61 86 38
8 57 75
82 37 63
17 16 63
36 21 9
33 17 7
17 26 15
0 37 89
89 10 35
36 10 36
29 30 2
98 42 42
57 62 11
42 82 78
81 36 63
78 99 10
78 49 23
31 34 70
66 56 96
9 56 72
58 10 29
35 82 93
98 45 47
89 41 66
95 51 80
7 58 75
48 58 12
32 12 14
89 96 91
97 52 72
60 6 38
18 1 55
91 38 72
27 32 0
4 96 61
40 6 32
54 60 12
27 4 27
40 34 13
68 53 2
72 20 44
95 32 84
4 82 22
32 52 54
97 4 79
28 33 66
96 7 78
83 34 76
20 10 68
14 98 9
53 27 26
42 70 93
85 92 82
40 25 8
93 14 37
59 55 91
3 65 55
48 92 42
8 90 5
37 36 5
84 21 71
80 53 41
87 14 69
61 56 11
58 92 7
50 68 81
42 73 90
60 5 34
18 55 53
63 2 35
30 33 78
30 30 28
21 5 60
3 56 78
77 36 76
22 10 73
1 62 49
88 59 74
49 24 82
3 44 56
94 29 85
63 47 97
46 71 92
91 12 35
52 27 25
56 79 34
51 66 19
44 50 61
45 62 20
65 54 99
73 7 52
9 94 15
78 90 47
87 4 76
80 88 94
21 54 76
33 52 53
23 7 64
14 91 15
42 18 11
85 31 79
82 2 53
96 35 36
18 21 14
2 86 27
70 31 93
95 69 47
64 94 39
68 51 8
81 18 77
64 65 13
90 3 77
49 34 22
35 21 8
84 44 62
24 28 62
97 36 86
30 35 71
77 47 25
60 41 89
4 88 9
19 98 57
94 8 40
51 92 36
78 88 44
89 10 3
6 91 9
94 56 86
12 23 15
58 88 10
5 87 28
80 3 0
79 38 63
87 84 84
47 69 75
44 76 78
24 7 66
64 43 90
78 67 15
92 83 81
9 90 99
7 48 57
16 19 59
94 98 96
37 7 43
93 51 35
97 91 28
1 88 6
40 29 72
2 90 23
90 49 68
68 49 11
45 29 7
80 66 39
73 54 16
28 31 15
0 92 28
22 50 77
67 94 34
89 23 84
44 5 4
91 14 35
20 53 77
6 65 55
90 99 1
71 8 32
21 1 55
60 37 56
22 42 72
87 94 90
83 90 79
81 20 79
34 27 36
75 11 6
99 89 13
51 62 63
29 33 22
16 1 62
11 92 97
96 51 81
79 37 62
20 30 15
78 35 69
92 1 0
47 42 18
70 25 44
93 40 67
31 15 36
73 97 7
95 85 86
89 11 22
74 62 13
69 99 8
56 64 80
94 10 78
24 47 74
32 62 76
48 70 78
79 2 1
28 7 22
69 4 38
60 88 12
89 32 82
98 38 34
1 11 44
24 35 9
88 12 19
74 23 46
91 40 67
52 59 76
60 1 31
80 16 33
31 37 70
49 29 24
76 35 1
34 17 40
96 7 76
99 94 0
67 10 7
59 7 37
8 92 99
91 1 72
93 38 70
97 63 43
26 79 89
94 54 30
71 22 33
54 69 80
53 11 19
44 67 78
20 40 70
33 9 26
19 32 74
63 2 2
31 53 54
19 29 14
66 9 6
29 36 19
41 30 75
27 36 74
9 46 57
24 3 65
64 16 17
83 0 46
38 46 59
40 23 4
45 38 24
84 23 82
66 51 4
51 9 22
85 12 5
19 18 60
17 0 62
35 19 7
34 81 89
27 35 75
97 86 86
76 33 99
48 92 40
32 27 30
34 25 5
99 99 89
5 8 37
48 53 13
8 94 14
7 92 28
34 17 13
58 26 22
23 52 52
88 45 61
82 55 37
0 11 47
80 30 99
2 43 43
59 43 95
32 25 5
99 24 10
95 55 85
4 90 5
93 45 40
91 91 90
91 39 85
35 7 43
52 51 19
47 61 20
75 38 65
61 56 13
91 37 75
1 90 7
83 45 99
86 45 64
28 31 81
27 35 0
44 68 93
52 97 7
62 93 32
89 58 71
74 12 2
15 97 58
34 3 13
66 45 90
88 59 73
84 66 41
48 50 58
99 67 49
6 26 8
76 50 20
89 85 83
95 92 99
44 2 6
67 56 6
7 88 1
70 33 0
34 56 57
25 32 8
98 50 69
86 83 94
74 31 90
58 4 40
4 65 53
51 60 76
23 5 59
83 48 96
78 44 23
83 0 2
46 7 27
21 14 65
61 37 93
28 24 19
97 69 49
96 42 47
81 44 97
1 90 10
57 57 13
5 57 76
77 99 5
38 34 17
6 86 10
61 13 18
91 99 99
88 92 86
95 55 93
49 54 61
41 18 6
50 32 24
84 34 60
43 50 57
49 86 31
91 42 66
76 19 30
44 4 9
61 2 34
48 56 14
49 57 64
40 76 89
3 5 55
94 56 32
20 99 56
59 41 92
39 9 36
8 54 78
37 52 71
57 6 6
9 91 1
99 48 64
99 61 43
62 13 17
67 1 7
54 11 21
85 45 63
19 42 9
82 83 47
96 6 77
41 78 83
96 93 99
77 92 88
52 95 38
79 36 70
47 55 13
82 60 41
85 17 19
46 61 21
33 17 10
42 21 10
76 91 48
94 13 38
86 47 64
88 47 39
49 73 85
60 3 34
77 85 83
50 69 80
24 8 66
79 49 97
7 17 8
25 22 62
97 84 84
49 53 63
61 5 30
61 2 33
81 50 94
51 66 57
3 89 24
60 6 31
66 58 5
95 34 85
83 47 94
70 21 34
5 91 4
85 56 42
20 31 16
76 98 6
64 46 96
12 68 50
31 19 36
87 43 64
62 39 2
32 36 70
86 10 74
97 37 85
81 23 28
86 11 1
50 10 19
9 80 7
27 8 56
93 41 72
33 58 66
75 12 99
50 84 30
50 59 64
47 48 61
87 18 22
32 54 57
30 8 14
69 20 42
34 18 35
22 8 24
3 22 5
45 51 57
12 71 51
17 28 54
76 71 46
78 53 41
90 92 89
91 19 6
30 13 16
36 46 67
85 85 93
40 32 20
57 91 8
98 1 80
54 92 32
32 4 41
55 7 26
21 15 64
89 52 68
10 1 62
5 58 33
98 86 86
11 86 4
36 57 62
32 12 40
32 78 86
5 95 65
91 90 89
3 89 13
43 7 6
47 2 20
1 52 82
73 29 3
47 31 12
7 91 63
97 0 80
28 75 90
96 68 48
87 41 64
40 40 61
41 33 20
46 73 94
36 44 62
68 19 40
66 15 36
51 10 13
81 33 74
93 58 81
92 58 82
27 65 52
50 64 59
83 65 40
21 17 68
18 32 8
84 88 82
29 34 73
49 63 61
3 57 35
44 54 9
77 40 75
79 20 74
48 48 21
55 68 81
81 41 94
82 50 36
74 96 8
64 0 42
20 91 53
59 76 43
39 51 56
23 28 14
77 43 67
76 23 84
77 50 99
42 6 30
97 64 44
10 96 14
72 11 32
34 12 28
2 4 32
37 21 7
56 5 5
9 89 29
68 43 87
25 33 99
99 24 15
74 6 54
86 50 2
88 37 80
70 26 87
63 94 37
21 23 52
71 27 86
26 6 73
85 92 81
89 31 83
83 0 13
35 28 81
26 34 99
55 97 31
77 46 0
87 20 87
84 30 81
11 69 49
23 54 80
48 0 6
65 94 38
93 61 79
17 40 56
91 99 71
28 52 75
20 43 71
55 16 11
27 61 54
49 8 26
98 91 7
49 66 53
25 34 72
60 54 92
62 6 4
85 33 79
61 55 94
5 89 17
32 59 67
93 58 30
72 0 52
13 17 15
97 45 38
72 52 20
48 76 84
92 43 70
71 11 34
38 58 64
98 63 44
12 91 3
25 8 23
8 90 30
94 88 91
33 28 36
91 10 76
98 43 51
95 94 99
88 12 37
72 56 16
7 90 1
41 27 7
2 45 60
30 14 42
3 83 29
33 51 54
35 44 66
64 45 97
51 85 34
73 6 37
51 60 19
62 57 10
54 82 44
61 9 4
60 9 40
55 12 20
59 40 89
81 20 75
96 55 35
3 6 38
43 52 16
4 56 53
53 91 34
91 11 75
11 96 14
80 84 47
73 31 86
36 78 88
39 51 70
88 87 87
53 47 58
57 44 54
46 71 86
79 18 5
58 4 44
76 45 18
48 90 38
39 35 23
25 3 60
2 89 6
63 5 0
8 56 76
41 69 77
62 53 3
80 9 1
62 67 9
55 25 24
94 33 85
65 5 9
34 48 53
5 87 10
1 7 39
33 23 7
71 23 30
91 60 77
81 88 93
10 26 16
22 8 67
48 71 79
74 7 48
49 78 83
6 27 19
3 59 43
49 59 74
62 0 34
6 85 9
52 15 16
75 31 87
31 60 70
1 92 99
86 84 93
5 43 59
14 46 51
79 48 4
57 96 5
79 19 80
61 89 34
60 53 90
77 17 33
65 3 5
85 85 49
66 8 41
46 37 22
72 3 50
35 49 54
33 4 44
88 97 93
79 6 2
4 59 36
10 88 6
35 82 91
69 57 93
96 8 44
67 54 7
44 41 25
0 53 67
95 54 27
47 0 9
23 39 12
59 95 5
15 43 64
96 45 51
0 43 51
62 93 30
97 52 31
4 57 34
99 1 96
35 58 65
27 63 56
21 25 52
58 87 10
86 47 71
1 15 13
82 2 0
56 39 96
82 55 34
57 51 82
37 9 35
21 40 70
74 47 93
73 7 43
86 97 52
3 64 46
68 3 44
54 94 36
67 7 42
49 66 54
98 41 38
98 42 36
64 3 44
66 98 28
95 7 78
0 2 74
67 57 94
1 94 5
51 9 19
54 84 36
90 90 81
69 8 30
32 33 78
11 87 5
62 37 96
42 74 92
49 83 31
70 9 41
33 23 37
64 93 31
80 84 49
60 83 41
85 42 64
0 56 36
28 34 18
86 59 39
17 0 60
90 14 12
95 20 5
3 87 25
3 11 44
32 13 13
65 56 5
0 0 90
28 34 1
42 74 77
32 46 52
88 56 67
38 49 58
77 37 74
88 50 68
80 43 98
90 96 98
29 35 64
4 89 67
72 52 89
85 31 83
49 93 40
94 12 43
84 49 2
41 36 26
91 12 5
82 88 41
2 45 55
32 29 36
64 94 42
34 20 7
79 10 3
58 63 8
96 44 32
26 62 55
79 18 30
43 81 79
41 6 29
66 59 87
37 43 59
96 46 46
6 88 6
91 14 8
14 86 54
74 53 91
19 92 54
10 47 52
61 43 93
44 75 96
26 6 53
68 0 8
91 4 75
81 3 4
12 18 17
69 20 39
86 14 70
36 8 36
66 7 8
80 44 0
65 39 93
36 24 35
51 55 64
44 6 7
78 52 3
9 93 96
0 61 44
87 17 75
97 10 37
46 28 77
40 31 75
31 29 82
87 84 92
98 52 64
36 50 26
55 81 43
51 30 25
76 47 94
71 27 88
57 69 8
29 31 27
29 32 78
75 9 48
54 91 33
18 88 58
9 80 10
97 47 52
7 59 79
42 29 74
69 53 4
53 60 16
68 18 35
62 4 30
52 10 18
72 19 43
69 13 35
25 8 72
58 12 17
28 33 15
38 77 87
24 30 4
83 24 81
76 10 95
79 5 96
87 9 75
16 27 15
83 46 17
97 46 45
69 45 90
52 61 20
97 44 40
32 56 56
94 14 32
45 29 12
74 8 47
28 23 19
22 29 62
47 59 13
70 61 94
4 54 50
12 88 31
83 90 92
24 7 71
60 55 9
61 8 5
47 79 81
77 38 70
4 66 54
45 1 7
40 38 57
83 29 97
83 87 81
84 89 91
70 29 89
92 82 80
69 44 84
9 99 60
91 86 91
43 19 9
87 11 75
6 95 62
59 69 8
19 10 67
72 3 1
36 6 40
16 89 58
97 52 63
0 54 41
23 32 98
56 93 31
48 32 26
73 1 0
12 68 48
38 10 18
1 99 93
67 12 7
24 49 80
99 54 42
21 39 10
78 20 81
64 63 11
96 49 38
74 62 16
68 53 4
20 36 71
25 56 53
67 41 94
85 40 65
28 29 3
57 80 37
44 55 10
12 92 4
51 50 20
27 2 41
78 36 78
49 94 34
55 93 32
2 55 70
25 0 70
37 48 59
28 8 21
2 57 45
23 7 71
66 51 96
94 47 35
35 42 54
24 46 73
34 50 55
36 7 42
55 95 6
43 4 8
4 59 71
50 95 33
62 3 1
89 30 79
49 82 32
65 92 35
82 97 51
80 85 87
41 18 10
80 47 19
50 66 57
6 26 7
24 6 70
13 46 51
67 59 96
15 93 13
86 50 18
5 53 31
74 3 52
93 97 89
52 33 26
16 31 7
76 93 47
12 19 18
86 18 72
93 22 4
25 54 81
61 40 93
64 14 17
50 42 16
5 96 65
31 78 88
60 87 13
72 95 8
28 35 14
38 42 61
87 21 82
48 26 76
5 6 33
98 9 45
79 17 79
82 3 1
26 4 59
80 90 45
41 23 5
61 8 40
78 94 47
99 13 13
64 2 31
46 72 95
19 97 59
3 44 58
46 6 25
81 49 98
45 64 73
19 12 67
12 24 15
39 46 53
96 4 77
62 55 12
5 8 36
36 79 90
62 8 5
4 4 57
53 45 55
81 68 46
60 15 17
36 7 35
2 59 70
84 46 71
81 66 44
99 89 31
78 98 6
43 65 75
41 75 91
67 42 85
7 80 9
81 22 80
68 17 36
92 98 98
99 87 29
8 68 57
52 25 25
2 34 87
64 40 92
95 43 69
71 9 29
56 49 53
86 15 32
9 96 5
60 77 44
45 53 8
74 28 2
59 91 7
38 11 45
98 46 48
33 30 67
41 73 78
67 63 11
67 43 96
91 97 93
82 22 78
80 22 81
44 5 10
62 55 84
4 87 18
90 3 78
95 96 98
4 45 52
30 15 39
65 44 89
96 68 46
2 9 37
16 29 14
53 98 11
87 17 18
27 6 24
39 48 26
32 24 7
94 43 39
21 9 68
93 9 32
72 9 40
30 30 78
28 30 12
78 13 49
97 54 36
57 60 12
72 8 44
62 37 0
62 3 36
47 55 59
34 15 12
23 4 69
24 79 87
7 97 5
94 51 35
39 72 76
13 18 16
53 32 22
66 12 4
33 34 76
67 5 43
71 46 19
43 38 23
4 58 36
28 56 54
71 36 97
73 63 14
97 6 77
29 54 74
5 52 30
3 4 85
59 7 32
35 30 79
36 57 64
79 40 95
49 67 81
28 54 75
31 58 55
35 7 25
0 84 87
1 5 58
88 90 49
78 47 27
0 10 43
52 29 26
2 4 72
60 35 3
53 18 19
28 6 13
85 32 74
61 34 1
29 34 72
48 41 17
33 26 29
47 74 88
81 52 40
31 51 52
78 98 99
97 96 96
73 4 0
51 49 57
93 98 99
15 50 66
67 55 94
65 65 9
36 32 20
51 84 28
81 90 44
66 97 42
10 93 3
64 90 41
92 60 80
31 17 36
93 61 37
85 62 41
80 35 68
75 90 41
85 43 68
81 20 30
4 58 35
63 52 87
64 48 99
87 54 69
44 39 24
96 44 50
21 21 53
62 4 11
26 31 81
53 16 18
92 13 36
47 58 73
53 18 20
72 12 1
63 55 86
58 42 54
44 39 60
79 41 96
99 87 12
47 61 74
60 36 92
71 99 41
54 16 10
61 2 32
26 0 72
4 53 33
4 54 37
38 32 27
46 56 62
59 57 11
91 3 74
73 2 52
66 63 5
28 61 55
30 28 28
17 59 78
89 11 35
33 13 29
99 51 70
93 32 86
91 70 44
99 9 44
28 31 99
89 44 61
71 10 30
99 36 36
34 17 12
67 60 3
25 6 58
47 49 59
99 88 84
24 30 98
12 19 16
95 49 38
11 79 11
51 94 38
89 42 67
75 96 6
95 34 37
34 31 79
11 99 15
43 66 78
54 16 15
40 30 73
71 23 29
8 92 0
90 98 99
79 21 80
17 89 58
43 67 12
55 77 36
62 53 86
83 19 71
17 90 58
77 47 22
39 38 56
97 44 50
92 9 76
49 54 60
96 52 36
77 48 26
71 30 89
27 61 49
44 9 27
83 32 73
40 34 26
7 58 80
32 21 36
97 1 75
64 12 19
5 8 34
1 57 46
2 91 11
40 38 55
1 82 28
53 24 26
89 22 24
2 93 0
3 99 83
51 26 24
21 31 9
22 32 70
16 47 69
67 62 3
97 11 17
44 27 75
6 9 38
58 27 23
77 99 0
66 13 1
10 0 18
83 47 20
18 53 79
39 50 62
69 34 99
62 7 5
92 39 66
18 11 66
90 61 75
55 48 52
25 7 74
45 64 16
88 37 83
31 10 15
43 69 92
70 8 45
88 30 83
76 94 48
65 54 4
67 52 9
63 89 40
63 7 44
7 90 30
22 37 11
22 26 52
86 3 77
87 87 47
72 59 19
48 62 18
50 27 20
35 28 79
59 2 42
92 34 82
19 32 10
43 57 58
3 56 53
54 57 77
96 85 87
31 52 73
68 54 7
78 39 74
61 65 13
38 37 9
37 61 76
71 7 46
27 76 89
52 48 57
20 46 70
76 55 19
56 96 8
24 6 26
40 68 92
23 56 51
75 50 18
41 2 9
9 66 55
52 82 34
46 52 61
28 61 69
20 45 69
40 38 59
94 62 38
3 65 46
64 63 12
81 19 73
43 31 13
19 43 68
63 6 44
1 62 44
21 40 69
46 73 96
96 97 87
40 25 5
91 35 79
87 15 20
65 63 10
28 34 76
39 35 18
74 47 94
65 93 43
2 3 33
2 55 75
64 2 40
0 7 49
75 54 91
25 32 4
76 48 20
47 89 37
97 95 1
87 14 6
48 24 79
79 96 10
43 69 78
73 27 86
0 42 59
4 96 64
22 30 12
20 52 54
47 76 89
43 72 92
95 8 43
31 8 27
95 55 29
51 89 42
3 55 37
31 55 54
58 93 38
28 77 90
77 48 95
99 89 30
28 55 56
50 98 7
30 64 76
4 10 52
94 45 36
46 3 7
42 67 92
79 46 89
29 13 42
57 80 44
49 10 25
41 32 15
56 65 82
26 4 39
5 57 39
70 20 38
81 95 46
56 79 40
81 1 99
6 88 7
3 52 32
8 23 12
84 93 57
84 13 33
99 98 5
21 10 67
82 1 11
85 46 64
96 12 12
0 5 71
94 83 89
46 2 8
66 64 3
60 38 96
5 5 85
40 50 27
56 89 12
70 49 20
43 3 12
71 8 40
37 58 63
42 70 78
97 1 30
60 55 14
78 15 32
85 45 70
43 54 11
73 2 0
56 64 81
74 9 46
7 49 58
7 91 29
95 43 49
8 95 14
21 32 71
11 89 30
69 32 94
83 95 16
42 48 22
80 5 3
52 61 18
74 58 95
83 87 48
86 94 83
86 50 69
75 39 70
41 50 27
83 37 57
61 69 7
89 33 73
66 90 35
5 83 21
3 57 78
75 52 92
98 0 30
85 56 41
82 21 78
81 97 49
52 61 15
38 75 75
59 55 87
78 38 73
59 54 93
71 47 16
89 17 5
74 32 87
84 13 4
84 61 40
56 62 12
40 71 77
66 64 8
59 38 55
54 92 34
56 40 52
8 58 80
75 90 39
96 43 47
98 50 66
79 36 72
40 35 10
95 54 25
48 54 62
29 31 67
45 53 58
30 6 41
34 25 30
76 56 18
21 3 61
8 26 16
64 50 0
94 45 45
50 93 38
39 6 34
86 48 71
60 34 2
33 6 26
40 76 87
26 8 73
53 91 33
55 15 10
87 28 85
62 4 9
23 51 54
69 96 7
77 10 5
79 66 46
56 80 42
89 97 93
80 43 97
62 48 98
23 41 12
69 52 96
61 1 44
23 27 14
48 77 84
33 13 18
5 11 53
7 69 58
47 71 86
86 29 84
39 80 82
88 9 2
33 53 59
52 63 73
88 19 73
23 21 63
47 99 10
0 4 70
43 54 8
57 11 16
40 29 70
56 97 30
90 13 24
5 91 9
37 65 92
11 69 53
32 34 23
38 47 53
77 17 11
80 18 78
12 69 53
87 94 54
34 76 90
39 45 29
21 18 56
46 12 17
59 35 94
60 41 96
59 6 40
15 53 82
84 50 38
85 50 18
69 19 33
23 53 74
44 54 12
47 46 22
68 52 2
48 62 61
13 98 8
57 66 83
8 80 11
73 5 39
90 23 85
19 93 58
58 63 10
18 28 53
46 73 89
45 49 19
59 43 94
68 55 96
67 48 11
21 54 50
32 78 88
83 47 95
15 98 10
15 22 58
92 59 76
83 30 72
60 79 40
17 91 56
7 62 56
10 60 73
69 34 1
6 98 64
42 23 5
73 6 48
65 64 99
7 20 11
84 45 22
92 22 5
80 29 99
50 60 75
75 89 47
56 94 31
26 60 49
23 29 61
2 62 51
77 94 45
51 53 63
95 52 82
93 84 82
22 55 49
27 30 19
29 24 34
31 63 73
93 11 42
66 54 96
79 31 0
77 91 47
25 31 3
0 49 63
61 37 97
97 10 15
58 87 9
33 21 6
6 54 79
95 53 83
37 7 40
4 67 53
22 8 25
83 43 64
94 52 27
85 96 53
3 9 51
50 30 24
19 91 59
49 26 79
81 86 91
37 12 24
7 89 7
87 85 86
24 4 68
28 37 75
9 23 13
53 98 6
37 9 24
57 86 11
2 56 78
46 61 75
68 48 13
23 24 50
36 54 59
1 66 49
8 81 12
3 59 71
65 91 36
34 43 63
82 28 97
82 64 41
33 7 27
39 13 26
62 94 38
98 39 34
1 87 27
74 90 40
87 18 77
24 45 72
70 28 88
6 58 80
95 40 69
71 30 92
69 58 90
82 11 1
0 54 36
78 18 79
78 51 4
83 53 35
4 5 36
64 3 5
78 50 4
60 65 10
41 36 57
42 39 25
71 48 19
20 26 53
34 52 58
68 19 34
66 7 47
77 90 46
21 43 70
60 55 96
26 58 51
89 51 67
0 91 32
80 34 73
55 43 53
53 91 7
40 34 9
42 35 60
39 43 28
52 52 64
14 26 15
8 99 8
56 96 32
83 23 29
38 45 60
84 50 3
94 67 47
83 86 49
10 22 12
50 49 59
8 88 7
24 27 18
27 22 21
88 93 90
5 90 64
21 51 79
6 90 31
61 42 92
7 92 65
17 99 61
34 81 91
37 30 81
85 86 48
80 84 83
61 73 45
9 21 13
45 4 13
57 79 43
62 67 7
27 25 20
66 92 37
97 40 37
49 30 25
46 34 21
0 86 28
54 6 26
80 42 95
5 93 3
91 57 89
83 55 36
4 88 27
36 29 77
41 49 29
87 40 63
76 24 85
18 91 55
34 43 65
43 69 14
63 67 11
75 33 86
51 83 29
83 86 48
45 77 80
13 98 6
23 36 10
2 87 5
45 67 11
75 18 31
50 28 21
81 21 29
4 45 63
54 62 19
99 54 81
65 52 3
58 2 40
34 52 55
28 32 98
76 93 44
77 40 66
30 8 26
93 42 36
78 49 98
29 35 2
3 46 53
24 32 98
40 39 58
77 90 41
69 16 36
38 49 63
20 22 53
89 93 88
15 44 64
0 38 38
50 92 40
77 6 54
57 24 22
30 35 63
84 18 68
12 46 54
5 59 81
52 84 28
84 17 79
4 87 20
77 22 83
95 84 88
76 5 1
47 92 44
33 66 58
30 61 54
8 0 60
0 97 4
81 20 32
99 47 35
81 37 61
91 39 71
54 98 31
41 70 78
3 88 8
77 33 1
91 58 92
2 43 44
20 29 73
49 91 36
14 45 68
90 16 34
82 45 0
49 47 22
34 44 53
66 40 94
25 6 70
89 40 65
69 57 91
59 7 40
4 3 59
3 57 71
68 41 86
4 5 86
3 85 26
87 46 39
58 72 42
58 58 90
47 54 14
26 28 2
79 99 98
68 4 41
43 59 57
85 9 40
36 45 66
6 58 40
68 56 95
0 7 55
0 35 87
28 34 65
33 47 53
91 57 82
65 91 42
35 55 59
14 92 15
38 49 25
20 92 59
92 24 84
4 53 36
40 49 27
70 17 37
51 61 62
3 53 71
77 99 9
77 12 1
54 47 53
88 17 6
84 18 20
63 65 3
99 9 40
78 87 85
31 61 71
52 83 33
43 62 73
99 84 86
95 85 83
41 7 4
1 7 38
0 94 13
71 35 96
81 49 37
42 28 8
27 5 28
84 33 61
77 12 50
63 3 11
62 1 33
16 3 62
25 38 72
60 1 43
64 8 4
57 11 30
24 30 69
83 22 84
93 60 38
52 34 25
58 7 37
69 60 95
88 87 90
40 79 83
80 3 97
5 52 34
75 33 2
71 23 44
67 58 4
35 14 13
29 33 21
66 47 12
4 7 36
46 63 77
70 53 10
87 15 15
24 55 82
3 5 86
83 88 44
47 62 76
70 8 30
16 21 15
92 42 69
36 8 28
41 55 61
38 47 56
16 1 7
27 55 52
87 13 76
43 4 11
4 94 64
42 67 76
1 90 82
37 54 72
78 67 47
55 82 37
21 43 71
89 36 82
19 39 73
20 16 67
34 57 57
20 41 69
9 99 17
93 2 0
20 47 73
3 58 72
21 7 62
2 94 4
77 50 94
26 29 20
96 14 11
59 85 13
76 69 46
0 88 5
14 42 63
23 9 65
60 13 29
43 5 7
72 3 99
77 48 20
44 49 27
77 91 51
37 7 35
21 24 52
35 60 78
96 5 54
53 83 33
67 2 40
17 0 7
83 14 5
75 38 67
52 9 24
99 8 49
70 35 97
83 35 61
26 99 67
95 99 75
8 45 57
24 24 50
57 80 36
85 44 23
43 48 19
59 36 93
84 47 15
22 43 70
31 7 12
24 21 60
83 87 93
4 92 3
37 12 21
32 65 52
59 25 21
1 0 83
79 50 23
27 36 9
19 18 59
5 46 62
58 2 44
99 85 87
72 50 19
41 35 11
1 7 68
98 42 35
84 62 38
73 9 39
69 31 91
86 50 38
79 23 32
80 42 94
83 86 45
53 53 61
77 48 92
49 54 16
95 55 24
86 13 70
52 6 21
54 68 82
59 34 3
50 93 37
91 9 3
94 56 92
11 23 14
39 12 44
69 19 39
80 65 46
54 15 19
18 19 62
45 53 15
86 24 85
15 88 54
4 25 8
29 28 65
54 95 9
96 44 41
90 70 45
5 84 18
17 29 4
92 21 4
38 10 37
47 68 76
71 8 36
41 36 60
63 64 4
48 92 38
87 91 83
2 89 8
20 15 66
51 93 32
93 82 84
52 97 9
13 95 58
49 11 18
80 16 34
9 96 6
74 72 46
93 56 85
91 14 11
90 32 81
49 33 26
54 57 76
27 31 17
80 19 31
38 27 73
0 6 54
90 39 66
21 54 79
43 34 61
77 4 2
24 34 8
44 64 78
24 7 23
58 40 54
1 55 76
76 9 48
92 14 31
71 62 13
42 18 9
33 14 41
41 38 56
68 93 34
22 31 69
43 40 61
72 1 51
5 27 18
66 2 41
78 10 4
73 53 14
93 99 97
55 91 33
40 31 16
91 92 89
96 51 64
15 97 8
73 10 44
46 46 19
52 9 21
1 88 29
93 85 91
2 10 42
56 14 10
96 70 45
61 66 12
20 19 61
25 32 5
25 9 57
35 66 56
24 5 67
24 38 72
22 36 74
15 43 56
63 2 45
30 63 77
73 54 15
68 95 35
99 25 13
9 94 5
28 34 61
61 35 98
21 29 19
14 2 8
58 38 54
1 9 68
6 88 14
5 85 19
12 55 78
90 35 82
46 47 60
0 85 83
56 81 38
89 31 80
10 3 64
38 65 93
81 34 75
85 33 80
37 47 55
82 97 48
68 46 89
47 95 35
23 33 70
49 66 55
22 39 68
49 62 62
65 57 5
19 40 11
51 88 40
31 24 33
24 54 81
48 95 34
28 6 25
32 6 43
13 41 58
92 2 74
71 9 35
47 32 11
98 37 37
3 94 3
97 51 31
92 34 80
72 4 52
75 62 12
82 18 72
36 82 92
67 16 35
20 0 56
44 52 16
18 56 81
89 20 73
40 83 76
83 99 14
79 39 65
81 46 18
0 11 12
19 47 71
27 31 79
0 93 0
1 54 70
84 48 18
31 25 6
85 17 23
1 5 70
40 36 10
58 44 95
25 37 72
41 35 13
75 96 7
29 62 55
86 85 87
89 4 76
94 50 36
71 34 99
40 54 60
42 52 11
22 32 9
83 63 41
91 0 0
35 9 38
88 12 36
68 57 89
22 20 61
47 49 57
65 98 40
64 64 5
36 11 35
76 91 42
2 90 14
84 85 43
72 57 96
21 35 11
25 29 3
87 42 67
38 38 7
47 72 93
73 18 42
1 62 46
13 41 62
6 98 63
57 45 55
42 40 61
70 20 43
69 62 12
90 86 83
40 42 60
40 34 19
29 56 56
17 45 68
42 53 61
50 65 20
19 4 59
58 74 43
63 96 31
79 91 47
90 45 38
66 18 38
89 55 68
23 54 53
43 69 12
38 70 94
50 67 58
98 92 6
23 7 26
20 33 11
5 46 56
78 21 83
29 33 0
8 62 55
11 48 55
26 22 61
89 83 82
89 42 62
41 3 4
94 0 75
87 12 38
7 97 62
79 90 40
4 87 24
53 16 16
94 22 3
40 34 21
76 17 34
88 86 89
79 54 42
87 93 82
47 66 19
45 63 17
0 61 45
73 48 21
72 96 45
96 98 74
19 20 62
1 58 45
8 79 10
34 12 19
42 36 64
12 43 67
26 37 8
99 4 71
47 80 80
74 7 37
57 78 39
72 25 45
45 71 85
79 94 48
93 47 33
83 98 52
79 98 98
18 28 3
2 52 83
3 92 13
28 55 75
84 55 40
93 25 84
93 30 75
8 89 63
97 53 31
92 41 36
30 31 28
39 48 62
38 47 59
1 63 53
34 23 6
65 90 34
72 20 30
5 58 74
81 63 41
55 98 7
52 50 57
7 92 26
76 10 98
48 23 81
49 60 63
43 9 28
27 29 2
50 89 41
81 4 2
86 20 79
34 80 90
16 4 61
32 33 69
29 51 73
74 39 92
45 27 14
32 33 24
73 56 17
16 91 56
7 92 5
66 54 95
72 47 20
63 6 0
18 95 55
0 38 33
71 55 91
62 66 10
67 87 43
77 48 22
15 89 56
60 78 45
38 32 74
93 15 32
88 31 84
51 97 8
76 89 39
31 61 68
91 42 38
87 10 2
32 65 54
41 29 71
44 58 57
69 20 41
91 46 40
88 56 71
46 48 20
48 11 17
88 42 63
20 17 60
36 20 36
91 5 75
82 54 37
43 51 62
83 30 80
43 74 94
35 19 36
11 45 54
84 61 37
80 21 84
98 90 30
86 18 19
98 11 14
60 12 19
93 37 65
24 48 71
11 85 4
33 26 37
72 52 88
73 14 31
7 96 63
37 22 8
69 98 7
77 18 80
31 8 13
94 83 83
21 29 11
77 70 47
96 54 33
30 52 73
69 6 44
42 0 4
65 7 46
5 1 87
44 40 26
40 30 15
46 63 81
56 99 7
69 2 41
7 91 6
99 11 14
18 15 64
37 75 76
79 35 72
50 61 19
48 57 17
62 88 36
38 52 69
59 80 39
76 58 94
88 38 74
87 15 74
78 93 88
99 54 75
42 48 30
39 74 76
18 42 58
59 11 29
57 59 11
91 14 15
29 56 55
2 1 90
90 11 74
87 13 18
19 0 56
91 87 82
93 35 86
51 87 33
99 91 33
13 96 10
60 40 97
37 48 54
19 24 52
47 11 16
46 51 60
67 63 4
26 6 57
41 40 59
92 59 81
68 13 34
20 49 79
93 23 83
79 99 5
74 44 26
85 14 33
93 57 81
92 44 69
47 36 22
63 57 9
35 82 92
11 91 30
32 34 25
1 5 71
41 42 27
82 62 40
21 48 80
44 28 10
52 47 56
47 8 13
95 84 84
39 69 93
95 98 73
21 20 62
35 44 63
21 21 54
29 57 72
21 30 17
47 9 25
94 70 44
72 35 97
99 1 31
81 66 39
39 46 28
65 52 99
14 0 10
20 42 8
72 99 40
52 8 22
44 47 28
49 4 22
47 6 13
21 22 15
83 9 42
11 98 8
98 24 14
1 12 11
87 31 84
32 32 76
74 52 19
94 13 37
92 90 90
86 13 33
52 94 33
31 31 67
22 25 51
2 63 53
47 95 45
40 37 61
74 19 26
49 10 13
29 55 52
57 46 56
95 12 38
66 14 37
63 62 13
85 93 56
12 45 53
62 44 99
93 59 31
66 50 11
95 2 74
60 26 24
89 13 38
43 27 73
89 60 75
84 61 42
11 26 8
40 26 7
4 89 14
60 74 45
59 81 45
45 79 81
99 11 48
52 15 17
94 86 86
14 54 81
24 34 9
82 96 47
8 90 6
15 94 7
38 37 8
69 29 88
52 54 65
24 29 14
91 48 69
87 55 70
15 99 9
97 99 94
1 6 68
52 59 15
79 15 6
82 89 93
83 58 42
18 96 60
87 3 75
22 50 78
44 68 12
67 2 7
99 47 48
70 18 30
8 91 61
49 56 12
89 98 0
5 55 38
77 48 99
17 57 82
75 72 47
75 93 49
70 62 14
82 37 59
26 78 87
19 47 69
35 47 52
68 17 29
18 31 6
89 11 3
2 63 50
54 97 6
74 13 0
0 88 14
68 16 32
23 31 99
75 6 0
91 61 33
87 59 39
0 1 73
24 6 65
76 9 95
41 21 11
91 32 75
87 90 83
64 3 43
97 70 50
93 46 41
35 4 14
87 21 86
89 13 3
48 4 21
95 44 69
60 63 8
70 50 20
74 9 43
6 2 59
73 12 1
0 54 49
43 49 25
28 34 20
77 46 18
0 87 28
75 6 52
61 2 27
74 45 66
35 16 13
67 60 88
89 32 85
35 7 36
73 63 12
6 81 8
58 6 32
30 56 54
23 6 24
28 31 14
89 14 16
95 82 82
7 92 62
39 33 76
39 50 69
67 61 2
81 86 90
50 15 17
4 2 86
71 24 44
60 6 6
93 44 37
82 33 74
93 66 48
88 8 79
99 91 27
46 68 12
78 49 95
84 54 44
25 48 76
32 26 31
87 16 75
34 59 57
13 44 66
31 16 38
46 63 74
86 14 74
52 8 20
5 2 85
72 99 41
44 69 94
55 66 82
39 57 63
60 93 39
62 7 34
44 61 20
31 29 65
27 57 71
39 50 64
78 41 66
94 7 77
88 1 72
69 21 48
42 53 17
72 26 87
45 6 5
43 68 77
37 53 58
3 2 89
30 35 22
81 56 33
74 17 44
62 2 28
55 94 6
92 45 39
60 43 97
46 95 36
46 80 82
86 89 48
89 37 77
9 61 54
7 71 61
6 58 82
76 32 84
90 97 92
31 6 24
43 2 7
77 92 43
20 20 55
92 20 7
31 29 29
1 3 34
4 60 81
16 32 7
26 33 80
42 2 13
15 88 55
74 12 50
42 53 12
33 60 56
19 18 63
42 35 62
83 51 39
38 10 34
27 4 41
17 17 60
6 45 58
63 8 2
97 2 77
42 56 60
31 25 8
39 28 70
41 70 77
74 5 36
73 18 44
66 13 3
0 6 57
25 79 88
15 1 61
25 55 71
73 91 45
74 90 46
35 12 28
71 16 36
66 59 85
2 59 45
7 82 8
14 93 14
59 1 5
56 78 35
9 48 55
69 50 10
32 19 35
82 23 81
41 7 31
16 49 67
81 14 5
21 29 4
26 33 6
34 14 29
63 49 99
50 82 28
5 3 84
31 52 55
66 54 5
37 56 62
29 34 24
12 95 16
58 73 42
30 62 72
59 4 34
20 31 73
58 25 23
3 64 50
94 98 94
5 59 42
34 34 24
92 12 6
68 28 88
93 1 74
63 57 84
30 6 55
26 51 75
29 33 25
4 2 88
59 89 10
73 95 8
68 48 12
96 53 35
79 50 98
13 3 63
96 32 83
58 33 98
44 30 13
94 56 81
16 24 60
7 93 0
36 53 70
49 6 24
16 98 8
58 94 6
92 61 80
29 30 25
89 12 69
17 11 68
49 58 11
50 87 38
81 46 95
38 44 28
86 92 84
63 98 44
95 98 88
91 89 82
98 98 88
92 57 92
87 20 82
74 57 16
49 59 66
86 15 31
5 58 35
94 44 38
87 86 87
18 17 64
81 56 36
39 30 74
45 14 17
88 95 54
66 63 99
64 63 0
50 86 34
88 5 75
34 5 15
71 56 95
18 58 82
34 4 42
58 61 11
81 47 97
85 90 79
0 25 9
27 1 70
3 91 13
4 57 75
18 98 60
84 33 73
36 11 24
32 7 24
10 93 98
34 22 8
6 4 86
67 99 43
95 45 45
22 30 3
91 60 35
6 6 85
93 8 76
22 53 53
22 54 75
6 57 40
3 64 52
73 30 89
71 49 19
30 59 70
26 25 51
47 63 18
95 44 46
12 95 11
6 91 27
43 20 10
7 56 76
22 16 58
99 21 15
0 90 28
73 18 28
42 52 61
41 66 92
17 43 70
40 8 29
77 23 83
51 7 23
56 94 37
47 52 63
37 8 38
2 6 54
20 55 51
34 7 13
28 6 54
34 6 13
92 43 67
96 85 85
60 8 41
14 1 11
41 5 0
43 47 22
62 90 40
55 63 79
79 93 87
98 56 36
77 91 89
44 47 19
73 62 17
60 54 87
95 37 86
83 89 83
60 70 7
67 8 7
57 7 7
24 5 73
56 44 54
25 29 70
33 45 53
10 58 75
93 82 89
74 7 44
22 30 2
1 8 69
87 97 93
17 22 14
89 23 25
64 67 10
86 95 92
46 35 22
2 56 49
92 10 78
26 8 56
52 46 55
13 95 13
78 47 99
75 30 0
27 4 15
9 57 74
97 97 87
82 50 38
3 3 87
15 40 57
61 93 31
6 94 64
74 12 49
12 54 77
17 30 3
27 57 68
9 88 99
63 9 4
77 6 53
15 3 63
25 37 62
15 46 68
1 86 84
46 93 45
39 10 36
26 3 40
99 25 11
61 54 85
94 35 82
82 12 2
99 6 51
4 1 84
97 43 37
2 87 8
97 47 36
46 69 77
16 56 82
21 37 73
81 98 46
8 7 85
16 46 67
81 64 42
27 59 50
98 36 86
2 56 48
66 55 98
26 7 24
44 47 22
90 9 76
20 30 72
56 13 19
62 36 99
67 42 95
99 55 42
55 26 26
71 61 93
41 67 91
45 29 11
96 33 84
93 10 15
9 26 9
44 66 14
31 12 15
2 45 65
43 50 22
84 23 85
87 15 70
8 86 7
71 19 29
67 50 12
39 8 28
80 86 86
94 98 88
19 89 59
85 51 38
21 47 74
71 16 28
47 73 87
64 39 0
50 9 24
50 91 37
41 35 12
5 96 63
92 38 65
98 95 1
89 87 91
74 34 84
34 11 21
44 51 58
36 28 80
77 18 9
77 72 47
55 91 31
50 83 33
98 99 95
2 84 28
25 2 67
44 54 7
90 46 39
72 57 16
82 21 79
74 25 85
45 62 74
25 24 51
1 45 54
27 34 7
89 49 39
57 75 42
86 12 5
25 55 81
75 49 19
70 33 95
4 90 64
32 23 32
60 42 91
78 66 15
87 7 79
71 9 31
0 67 48
42 2 4
7 86 8
80 52 0
94 10 42
89 49 68
31 65 56
92 88 84
51 50 60
46 94 44
80 22 32
51 9 13
11 26 15
62 97 32
6 61 48
80 48 24
90 38 84
96 10 16
48 94 34
3 10 37
89 86 82
79 39 76
21 54 52
93 36 72
96 83 83
49 99 7
54 61 17
54 84 34
42 49 22
73 13 32
27 31 0
57 95 7
28 49 77
60 52 89
87 99 95
69 42 86
79 87 86
98 57 40
57 96 7
16 54 81
43 75 94
37 57 70
66 55 8
0 8 39
21 29 14
83 85 93
90 13 7
9 92 0
85 54 40
90 1 75
0 87 13
38 61 75
83 66 40
4 90 4
53 49 56
66 4 42
72 29 89
99 50 62
40 19 5
84 49 19
60 32 2
24 3 67
43 49 26
57 12 18
72 55 16
40 33 15
91 24 84
50 69 81
57 43 55
57 64 10
24 4 74
70 48 18
2 9 45
65 1 45
25 5 27
99 44 52
83 23 86
14 41 61
81 49 0
82 47 95
87 96 53
34 8 39
95 67 47
96 12 36
12 77 11
41 67 78
93 13 30
82 48 99
87 23 83
8 27 18
23 52 53
86 52 2
60 31 1
43 75 79
83 18 78
97 97 3
98 2 76
62 67 2
20 50 54
89 17 74
3 4 83
64 91 32
85 35 64
62 87 38
60 53 91
49 66 21
74 55 92
35 52 69
22 53 79
59 54 87
1 94 12
82 59 41
31 27 29
2 55 50
85 50 1
5 5 88
12 96 15
73 35 96
80 19 74
87 90 48
86 34 76
7 93 28
83 8 39
11 56 77
60 64 12
67 51 10
61 41 90
25 26 63
86 19 23
77 36 79
64 12 0
83 11 39
84 57 41
23 34 71
94 12 34
45 43 27
30 57 73
55 51 66
96 54 23
42 8 3
94 42 69
55 14 20
76 95 49
0 60 44
46 1 8
0 6 56
61 31 3
47 45 19
85 44 69
1 89 65
87 37 80
63 64 10
98 56 41
54 15 9
0 84 89
4 59 43
15 97 10
77 10 97
23 2 65
17 58 80
39 52 64
32 28 81
26 1 68
81 16 5
48 89 38
37 50 26
28 33 77
30 61 68
3 5 70
4 59 37
1 96 4
60 75 43
32 12 13
53 93 34
0 2 30
91 52 35
3 4 35
10 94 3
29 60 68
0 0 82
99 91 7
46 28 7
18 19 60
92 6 30
75 56 93
88 15 7
39 19 5
81 44 99
84 33 83
19 27 52
36 65 93
48 60 74
42 1 14
40 50 61
3 4 56
26 75 88
6 91 64
85 91 80
79 89 45
34 22 35
86 99 94
64 93 36
40 26 9
6 59 41
22 10 64
58 34 95
90 13 17
81 5 98
73 46 67
7 90 60
78 18 31
82 35 76
83 98 53
90 84 82
61 5 6
22 30 68
96 10 40
9 55 72
72 63 17
57 63 11
78 7 3
88 17 74
24 33 70
53 93 36
31 13 40
79 34 69
71 53 90
82 31 73
72 51 18
30 9 14
68 17 30
56 46 53
94 56 29
85 22 85
35 32 24
44 8 26
48 1 6
92 43 37
67 52 3
81 56 37
55 97 7
74 8 51
99 56 38
6 52 31
78 2 0
90 50 69
98 45 49
38 33 17
90 43 66
10 93 4
90 38 75
87 96 93
71 30 90
97 33 85
86 30 83
76 48 93
83 22 83
60 6 36
26 57 51
41 26 8
61 5 5
10 98 16
69 95 6
20 90 52
59 66 13
78 86 84
64 64 12
15 54 80
11 67 56
15 29 13
8 89 0
79 17 7
71 8 44
56 97 6
27 32 67
0 94 99
42 50 26
33 13 17
72 28 92
10 96 8
84 61 39
94 59 37
60 10 19
51 31 22
63 92 31
98 49 33
44 49 62
82 20 80
80 46 97
84 33 63
52 17 19
61 51 2
85 55 43
74 38 67
67 52 97
98 54 37
19 33 9
27 32 79
1 37 33
72 22 30
61 88 37
25 30 98
10 69 59
64 9 3
45 74 88
74 26 87
53 62 20
2 87 22
82 58 43
50 61 62
82 15 6
1 88 27
84 99 94
85 98 51
34 16 6
51 61 75
43 74 95
50 31 23
61 46 98
55 56 88
68 11 6
77 18 10
36 11 28
89 12 23
54 92 31
89 97 54
48 3 20
63 3 29
65 3 42
78 47 17
29 35 19
26 36 61
45 50 60
32 65 58
98 1 88
89 20 22
56 26 25
0 41 43
9 78 10
22 7 63
8 67 55
66 9 9
97 51 65
54 8 25
7 93 1
83 98 48
3 56 74
80 49 95
90 14 9
46 48 60
75 44 67
51 21 81
48 5 21
95 13 12
10 98 15
68 3 39
46 62 16
18 90 58
28 60 71
6 84 10
99 34 87
36 13 22
16 32 8
43 29 9
82 53 41
83 47 18
46 30 13
58 2 6
71 17 31
6 98 8
25 9 72
49 93 39
16 22 15
94 45 39
23 32 8
84 44 67
38 36 4
91 60 75
86 38 72
81 48 96
59 68 13
33 11 13
80 98 11
45 27 7
31 15 40
82 23 82
4 6 71
85 17 79
39 27 6
9 93 98
47 62 73
62 1 31
8 86 28
87 49 69
6 99 10
11 78 12
77 88 84
48 75 88
25 23 22
31 33 76
10 46 56
73 85 38
61 3 35
19 20 15
25 31 80
24 5 77
58 47 99
84 89 79
87 16 14
41 35 25
93 60 39
80 47 97
23 5 72
75 45 26
51 35 24
38 6 35
69 38 95
60 25 20
88 95 90
94 31 85
92 86 84
27 33 66
77 65 16
2 89 26
92 51 35
99 8 38
26 56 52
27 50 76
57 40 97
2 56 35
6 86 28
67 56 97
88 28 87
2 4 84
54 10 20
5 90 26
88 16 70
75 8 44
39 30 15
42 51 16
45 2 14
83 1 1
68 46 88
39 44 61
3 43 59
49 91 39
26 49 77
80 92 86
19 25 53
84 48 97
22 19 56
27 33 99
38 23 9
93 39 71
79 19 8
7 26 19
91 11 37
71 55 96
95 36 65
52 62 74
88 97 52
49 58 65
79 39 64
59 56 13
43 42 27
3 24 8
27 62 55
4 6 37
6 87 16
35 13 42
89 13 11
74 94 45
14 45 67
17 60 80
28 37 19
33 32 69
67 94 44
34 16 36
88 16 4
15 47 66
0 58 35
0 55 80
48 10 25
7 99 9
63 5 7
83 12 3
47 50 59
92 98 71
96 44 46
28 56 52
95 14 18
86 85 92
63 94 30
94 13 13
44 43 28
19 93 57
11 20 15
77 11 99
46 94 42
58 38 95
54 16 14
1 83 88
25 0 67
89 57 72
4 58 73
3 59 80
58 56 86
3 89 64
48 95 44
70 31 90
93 56 87
75 48 95
39 70 78
21 49 78
84 9 38
50 88 39
86 12 6
26 4 26
5 57 78
12 97 7
74 27 85
84 18 71
30 36 2
67 54 94
83 7 40
28 55 52
60 71 6
30 56 53
56 77 37
63 13 18
84 43 64
47 39 25
80 95 48
91 15 36
55 97 32
20 39 11
80 22 27
70 37 97
66 65 7
39 67 92
40 5 0
38 10 21
97 45 47
57 33 99
77 37 77
2 16 13
92 40 67
59 25 24
31 14 41
45 5 3
84 86 92
61 89 35
95 69 45
2 61 45
60 86 14
31 11 13
40 10 20
83 51 36
35 21 36
38 52 57
2 46 53
60 14 28
1 42 59
7 26 17
83 0 52
78 22 81
77 60 93
72 31 88
24 33 72
6 97 4
35 8 24
37 13 43
36 57 66
6 26 10
55 15 18
74 20 31
81 2 97
74 53 17
3 26 17
83 29 96
68 1 40
78 18 8
40 72 77
46 44 19
96 54 84
92 9 34
0 2 31
40 35 24
61 8 33
90 55 70
65 4 45
38 8 29
45 37 23
82 1 98
48 56 65
93 82 82
72 36 96
75 65 15
45 33 22
51 87 37
62 67 12
59 3 41
98 52 69
93 13 16
31 6 11
25 23 61
83 87 41
64 52 5
5 97 63
36 48 53
88 41 66
39 28 72
35 57 70
55 13 20
39 47 60
70 4 37
65 96 38
61 42 96
85 87 48
76 34 87
79 48 18
50 9 14
86 32 79
42 73 91
73 32 0
39 31 17
72 31 86
91 89 80
50 67 52
47 47 55
3 86 25
55 79 41
74 5 38
29 35 62
6 98 10
54 81 42
8 69 57
93 8 78
50 85 30
57 39 53
98 51 71
60 96 5
43 38 25
97 6 53
24 55 52
70 54 90
30 8 11
86 9 74
84 33 72
10 27 8
2 93 13
6 19 10
94 53 26
92 91 90
79 91 44
98 39 37
70 48 19
25 36 98
18 16 64
94 13 17
78 21 80
49 28 22
84 9 40
72 12 33
66 92 43
85 23 84
52 58 76
50 53 19
7 89 61
31 77 87
91 16 35
33 24 30
79 48 96
40 75 90
35 14 12
62 92 31
2 55 52
55 17 16
49 53 14
34 57 54
1 90 12
95 43 33
57 6 8
92 33 82
2 5 32
99 1 81
59 51 83
64 63 1
11 27 16
76 39 68
32 22 6
44 49 64
78 50 97
94 81 84
74 11 7
46 51 59
84 87 44
76 68 45
59 34 96
84 86 50
21 52 80
41 39 62
1 3 32
2 16 14
41 60 75
0 6 50
93 7 31
54 26 26
67 45 90
97 8 45
62 7 32
91 38 74
68 59 96
74 99 42
95 54 34
51 62 76
30 55 73
22 15 65
32 12 16
69 32 89
6 42 61
29 5 42
48 47 21
68 41 94
82 90 40
62 46 94
76 17 32
60 46 99
15 40 61
17 12 67
78 18 81
95 9 79
36 56 60
28 4 13
75 90 47
23 38 68
21 42 68
43 76 94
27 0 69
94 38 71
29 60 54
3 43 61
93 12 13
11 70 50
74 5 49
34 17 9
87 10 76
52 8 24
32 25 32
9 95 7
77 9 47
20 29 4
27 33 18
76 96 3
24 50 77
39 65 94
88 36 74
6 56 77
78 89 41
89 18 74
67 5 45
90 13 16
45 63 75
7 89 6
83 46 15
12 68 54
7 66 54
12 94 12
59 74 44
98 68 50
39 29 77
77 40 68
28 31 24
17 28 14
26 73 89
0 90 6
73 62 14
82 89 43
89 95 91
89 19 21
68 6 42
77 67 46
18 44 69
7 1 60
57 0 8
38 58 65
57 41 53
27 7 54
86 93 83
21 44 70
27 6 23
74 20 30
92 10 43
89 10 4
8 96 4
71 11 31
64 2 41
55 18 17
97 90 8
47 29 27
99 49 67
23 30 4
9 98 7
0 12 13
97 37 38
4 66 52
10 92 97
35 57 68
99 55 37
87 13 39
53 82 36
49 50 60
96 15 19
84 38 57
72 6 37
47 47 18
19 52 81
91 87 84
10 90 29
98 91 29
16 22 59
15 89 59
85 34 62
47 27 77
48 7 25
5 42 60
36 20 7
21 21 13
55 7 25
26 32 80
3 58 44
72 16 32
66 2 6
51 25 23
79 91 89
33 7 12
60 9 42
86 9 36
43 3 3
46 69 11
54 79 34
47 66 57
38 31 14
47 59 73
12 2 63
49 3 22
66 6 45
78 11 2
86 51 1
82 30 80
6 93 62
25 99 71
66 41 96
89 2 74
97 1 77
88 16 19
51 14 17
73 39 93
77 39 71
24 30 61
56 10 28
73 34 94
77 96 10
9 95 4
74 56 16
34 13 42
82 33 72
65 58 86
19 19 58
77 96 4
59 59 89
40 28 6
98 37 35
9 93 14
1 42 44
33 14 13
45 29 14
98 24 12
30 34 70
78 40 66
94 36 65
91 56 70
26 30 71
52 60 14
20 13 66
36 79 88
97 67 51
58 53 83
16 95 60
25 45 71
79 4 97
0 8 45
95 35 81
94 28 85
73 19 29
45 52 59
31 55 55
72 34 95
41 52 15
70 46 18
73 11 42
97 46 52
88 22 85
22 30 15
82 96 15
20 41 10
31 54 55
68 7 29
31 32 79
58 58 89
99 7 55
56 94 30
70 19 34
53 53 65
2 5 53
61 55 9
12 97 12
21 31 11
94 34 86
94 14 14
10 62 53
36 30 25
94 34 82
57 55 92
73 86 39
96 54 32
17 23 60
35 43 61
93 57 30
7 26 11
15 94 60
85 32 84
12 46 52
21 43 8
49 75 85
0 1 29
44 74 96
11 93 11
59 26 20
39 38 7
3 55 51
79 87 89
36 58 67
80 99 10
1 10 46
44 30 8
95 42 34
69 17 31
46 54 60
58 56 92
23 29 13
81 29 98
91 32 81
42 31 14
1 89 8
3 46 64
95 55 31
43 80 81
95 13 45
54 85 33
50 74 86
2 89 27
12 95 13
77 98 10
5 95 3
79 96 49
42 61 74
34 9 25
76 95 5
97 35 85
86 9 77
9 95 13
37 11 22
65 15 17
88 34 74
77 87 85
28 28 68
48 10 24
99 49 65
73 25 47
80 22 31
76 92 50
3 60 44
84 86 51
82 11 40
9 26 17
30 65 76
95 13 37
44 29 16
0 87 84
24 6 59
84 10 40
30 78 89
48 53 17
89 31 77
21 47 71
71 29 88
5 5 56
79 49 3
57 93 6
76 38 71
67 9 9
94 13 33
0 8 53
35 31 25
96 96 97
23 6 66
7 6 84
92 40 70
26 45 70
37 55 62
82 65 43
34 62 76
12 68 59
91 90 91
74 44 24
59 64 9
21 38 12
71 58 17
24 23 51
93 10 35
11 64 52
60 7 41
60 11 29
47 95 42
11 65 53
49 41 16
71 25 87
23 30 0
64 6 8
35 24 30
68 53 97
69 0 41
32 24 36
87 91 85
90 10 4
85 17 69
98 33 86
6 97 63
78 70 48
92 43 68
6 43 61
55 25 23
84 90 82
60 4 9
48 72 86
99 47 65
82 45 19
45 54 62
71 32 94
23 19 61
41 24 6
25 35 98
88 53 67
94 13 44
31 61 69
0 53 69
27 34 15
3 56 71
14 55 80
67 61 91
88 14 75
59 87 15
90 21 23
76 41 68
2 95 3
92 71 44
30 23 36
12 48 51
5 88 15
95 43 39
27 35 61
42 56 59
72 15 31
2 9 69
27 7 57
63 42 91
91 60 74
73 98 44
8 90 64
50 6 23
36 37 26
34 17 37
68 40 95
37 4 38
73 51 19
92 49 69
0 99 94
45 5 8
22 35 71
81 2 99
76 37 71
65 1 41
71 29 91
67 12 5
32 5 42
64 90 36
85 47 16
4 52 29
5 88 18
39 77 88
4 59 72
22 42 8
0 10 15
69 32 92
17 19 61
9 55 73
91 12 7
87 46 72
57 57 87
48 12 15
3 56 36
0 89 82
51 58 13
98 47 35
54 46 54
2 84 26
74 46 93
29 30 64
25 4 66
93 61 40
25 52 74
64 64 10
98 53 80
59 0 31
81 65 40
4 84 20
88 54 68
89 41 67
83 24 29
47 57 13
78 53 95
56 96 5
22 29 1
61 11 31
47 70 78
89 37 83
37 58 62
8 71 60
7 63 54
95 41 46
14 44 65
67 14 35
42 54 60
65 64 6
93 42 70
58 79 39
2 10 51
66 55 4
46 28 15
63 58 8
93 21 9
17 22 17
63 53 3
33 56 56
95 48 36
16 2 62
45 46 20
3 94 1
95 96 73
20 6 61
37 36 26
39 71 79
45 27 76
79 5 1
2 83 30
41 8 30
69 23 48
77 18 37
0 90 29
17 21 59
2 63 47
44 67 13
45 55 11
99 9 50
56 54 92
1 46 66
3 5 58
93 87 85
49 92 41
97 11 13
5 89 5
41 44 27
82 54 35
69 3 37
2 88 23
82 5 2
95 43 41
73 4 51
74 31 1
43 52 12
2 86 23
47 64 18
17 6 60
11 46 56
45 54 13
59 12 18
61 56 9
50 32 21
18 13 66
59 26 24
72 38 92
83 21 77
60 35 97
57 1 40
49 41 17
27 51 75
94 36 85
23 41 72
46 29 25
2 43 57
27 74 89
24 47 75
98 10 39
68 63 12
29 29 79
36 9 37
35 6 39
70 24 31
85 11 39
39 30 77
65 1 27
48 55 15
46 80 80
22 48 75
29 28 67
82 67 38
15 90 60
93 1 99
85 43 61
5 51 36
71 6 45
24 4 60
25 33 6
72 21 29
53 83 34
89 48 40
44 68 14
73 56 93
32 14 41
43 48 27
99 40 40
8 21 12
37 10 28
90 33 74
17 5 60
93 65 48
96 71 49
40 23 8
0 14 12
44 54 11
13 48 53
78 32 1
84 33 77
47 58 17
8 87 29
91 23 6
61 66 11
81 20 29
57 1 46
42 7 2
39 52 17
58 52 82
99 98 6
33 79 89
77 41 67
82 52 39
25 1 67
87 87 88
58 45 0
6 3 59
92 22 82
87 46 65
41 50 28
94 95 99
9 24 11
20 8 69
33 22 9
42 3 2
5 52 35
84 22 79
39 75 86
32 33 75
85 18 13
96 5 78
88 16 7
28 3 14
32 7 12
22 22 55
36 29 78
0 54 75
25 28 19
76 33 3
25 21 61
2 22 6
74 45 25
15 92 16
25 31 65
90 14 25
76 93 46
85 19 20
57 93 38
86 17 76
92 9 79
42 19 8
71 10 34
42 28 73
50 32 28
38 46 29
81 83 48
64 99 26
92 8 31
32 20 35
56 89 33
32 25 37
34 32 78
1 55 37
60 8 33
81 45 97
46 67 56
32 23 36
28 58 72
11 20 14
75 89 48
41 49 62
52 61 73
17 96 58
0 47 65
37 57 66
28 35 74
70 5 44
97 48 51
43 80 80
66 63 8
49 70 93
1 55 79
78 50 1
36 8 25
35 58 57
74 1 51
35 22 6
48 65 20
75 56 17
28 5 12
2 54 80
7 50 59
80 67 45
21 36 72
6 90 8
5 81 21
19 91 54
70 47 17
76 18 35
27 35 21
27 29 70
70 38 87
10 97 7
28 30 26
13 55 83
47 62 19
90 30 84
47 94 43
44 70 84
28 33 99
71 11 2
73 7 49
76 11 47
76 11 0
67 12 4
67 60 92
42 68 91
33 57 55
38 56 65
71 1 52
0 85 85
75 25 86
26 27 20
82 22 28
90 31 76
88 12 75
52 92 35
98 93 99
92 57 88
47 49 21
8 55 75
71 10 52
43 6 5
20 49 81
59 39 89
1 10 70
82 49 2
67 45 88
24 46 71
80 87 89
40 14 26
22 38 70
32 15 37
27 32 19
0 57 44
52 82 35
1 3 75
81 86 45
1 83 27
97 23 13
72 55 94
85 95 51
29 77 90
20 29 18
21 20 63
3 51 29
11 93 5
58 86 12
1 24 8
3 51 28
51 84 34
93 45 70
6 57 75
3 4 34
58 77 45
20 32 72
58 5 6
27 8 58
47 7 26
53 79 43
60 55 95
52 49 20
25 32 82
25 99 70
73 95 45
9 92 2
32 37 69
86 43 68
10 79 11
20 48 72
20 4 60
64 57 86
82 47 18
29 36 71
87 13 35
4 55 52
37 79 89
73 24 46
66 87 42
86 49 70
24 24 60
39 14 24
33 11 22
88 87 91
33 5 25
78 47 4
4 45 58
46 5 14
86 17 14
90 11 76
20 98 59
40 13 25
88 19 22
2 0 83
98 42 34
31 21 37
50 57 12
26 31 16
51 33 27
19 95 57
21 29 13
90 19 7
60 10 32
71 38 93
34 55 70
53 59 75
32 7 27
70 99 40
5 6 87
39 16 22
91 37 77
10 66 52
77 49 25
72 61 13
4 45 61
30 5 43
11 72 52
28 59 68
83 20 72
95 85 89
60 51 1
49 27 77
83 39 58
30 23 34
45 68 78
4 85 19
63 8 45
65 97 39
52 31 21
77 56 94
28 13 41
41 38 62
23 47 71
74 18 27
4 58 79
6 90 16
1 90 9
41 22 12
46 0 6
40 43 61
46 30 27
13 54 79
16 0 7
77 94 47
14 54 83
53 58 75
93 57 91
42 8 7
19 89 60
34 16 11
11 25 15
95 46 35
23 51 79
0 84 85
97 1 79
4 0 84
24 26 61
60 51 88
7 88 7
95 97 73
61 36 96
48 59 65
73 20 45
12 24 14
7 61 47
23 5 70
86 49 37
28 64 53
5 2 83
31 34 22
23 49 76
11 48 52
31 23 35
42 1 3
60 3 32
91 87 83
64 10 17
97 93 0
59 9 18
37 29 81
83 33 77
76 97 7
86 17 22
72 7 37
36 31 81
17 44 71
77 97 5
1 84 25
73 98 42
63 90 36
84 18 70
87 13 70
35 6 41
32 11 14
87 35 77
48 34 22
45 26 74
48 31 25
41 41 61
32 17 37
48 2 19
53 17 13
77 48 24
64 53 4
98 11 11
75 22 46
2 53 81
25 25 60
5 99 62
0 8 67
92 86 91
66 97 41
6 94 3
8 77 9
37 33 19
3 88 26
37 10 22
58 57 91
35 53 57
11 97 14
3 89 63
66 53 98
60 55 94
29 59 67
21 44 8
36 12 23
96 44 44
38 9 27
69 39 96
30 57 55
43 50 17
48 49 61
87 8 78
99 40 39
57 5 31
96 24 12
10 66 54
5 3 58
4 45 57
92 20 8
76 62 15
36 9 23
76 11 49
59 5 6
78 1 2
95 3 76
92 31 76
64 0 27
36 34 26
98 22 14
84 88 83
71 21 44
78 88 86
64 5 46
44 73 87
87 57 71
33 17 39
66 59 4
90 82 83
58 60 10
53 96 38
85 34 77
21 39 73
94 86 90
19 19 56
9 70 58
97 87 85
99 53 66
42 36 60
1 57 35
77 48 91
5 86 15
69 59 95
59 90 34
70 61 13
65 8 8
96 52 34
3 89 66
53 95 37
58 79 35
84 97 51
55 95 37
56 90 8
76 64 15
92 4 73
1 9 43
11 68 55
70 55 92
52 82 37
48 10 15
75 40 69
32 64 53
23 3 68
97 52 81
60 54 82
5 62 49
37 30 76
74 19 31
63 4 3
45 7 25
63 4 0
97 7 51
41 52 61
30 63 56
33 28 37
24 33 7
5 2 86
33 29 80
40 29 76
54 70 80
23 49 70
81 22 83
90 10 2
76 70 45
91 97 98
39 55 63
53 59 13
82 49 97
39 69 78
44 49 23
84 52 35
13 45 57
77 97 8
68 21 40
40 52 16
35 12 20
64 99 43
23 33 10
59 55 92
86 88 46
17 31 7
88 22 83
47 30 26
59 5 39
61 88 14
29 7 12
58 42 92
53 99 7
75 52 18
59 3 45
4 3 90
77 57 95
14 48 55
5 88 11
50 52 63
50 9 27
70 40 88
3 59 34
39 11 19
58 1 43
27 5 38
91 0 71
46 77 80
65 9 10
47 10 14
43 37 26
64 2 44
27 29 4
35 33 25
33 56 57
65 63 2
40 61 76
98 34 88
49 23 80
68 97 7
41 1 15
60 80 44
62 8 45
89 14 7
42 83 77
55 90 34
34 9 37
60 14 18
67 45 89
61 55 83
9 91 99
74 29 1
46 57 15
25 56 83
79 45 6
45 49 63
99 53 68
30 31 66
90 2 73
2 0 92
60 85 39
92 36 78
41 70 76
80 37 62
51 59 13
59 39 96
97 48 34
11 69 60
63 89 37
85 98 96
79 22 30
95 13 35
80 0 10
57 79 34
99 41 41
69 99 39
97 43 43
5 64 55
62 67 6
59 79 44
98 97 93
20 18 57
71 35 98
99 6 53
86 44 65
45 70 14
45 72 91
99 91 32
13 25 16
9 87 7
33 27 38
25 35 73
69 95 36
33 34 25
10 21 12
64 95 38
99 98 94
88 11 20
31 66 55
0 4 33
29 3 43
24 50 79
49 65 58
43 65 78
86 95 84
98 97 4
6 6 89
41 4 4
24 2 65
98 87 85
0 98 88
41 43 27
78 37 76
38 12 25
65 92 44
4 89 25
59 84 40
57 49 54
4 63 49
26 23 23
88 99 99
64 7 1
87 17 8
75 34 1
47 56 16
42 70 11
30 22 6
76 46 25
79 45 22
22 34 10
74 89 47
76 17 36
64 4 4
47 62 17
75 88 40
31 63 74
84 47 95
76 10 96
79 42 96
61 52 2
63 45 95
88 86 48
89 14 8
44 3 13
51 65 58
28 58 69
70 22 47
38 34 20
60 55 86
35 80 89
94 20 4
52 90 8
73 10 41
88 36 81
3 58 46
4 4 90
27 31 18
93 11 14
7 81 8
54 93 7
22 6 59
11 20 16
49 2 6
44 63 73
35 53 59
97 0 89
98 7 52
11 70 52
35 77 89
39 74 78
82 85 94
86 22 83
97 92 29
39 31 15
6 66 56
31 5 42
79 21 32
88 84 84
95 80 83
2 90 7
13 44 67
1 55 50
67 6 48
79 0 11
49 46 21
89 10 73
60 67 12
61 58 10
79 41 97
30 30 66
63 56 85
4 6 87
59 59 91
14 87 53
6 57 36
18 52 80
85 44 65
89 30 83
89 38 75
58 37 56
99 62 45
69 16 30
97 2 78
82 48 38
10 67 54
78 35 71
53 13 23
4 5 34
93 57 84
4 94 3
