75 78 79
53 21 0
44 49 80
63 12 16
39 40 77
36 77 81
78 7 48
26 58 65
68 20 99
45 30 2
78 20 17
57 84 32
47 55 3
9 59 35
20 64 61
68 78 35
64 80 59
48 51 84
66 15 95
49 84 53
47 50 68
29 27 48
20 60 68
9 48 33
74 98 54
77 54 41
13 77 59
25 26 70
95 10 0
17 89 1
78 63 37
21 61 78
74 62 56
64 48 94
90 91 77
62 33 51
14 41 41
16 99 99
95 48 18
31 29 64
9 57 76
21 42 11
8 58 76
13 15 0
49 2 55
46 97 33
65 23 70
84 46 40
41 30 90
8 61 14
81 5 97
65 85 45
98 40 66
74 28 31
90 43 77
49 1 39
66 8 22
88 48 28
79 28 27
91 20 73
15 67 9
91 61 72
96 92 9
7 60 35
16 24 41
55 28 80
29 93 41
98 68 43
16 12 26
67 81 44
97 32 95
23 43 51
19 29 14
62 9 62
67 60 69
83 95 42
65 46 67
2 75 46
67 92 44
41 12 85
33 43 17
53 6 49
41 24 77
19 96 65
91 81 46
3 49 8
84 82 22
65 35 97
65 59 17
49 6 19
15 8 74
6 92 80
0 24 64
23 14 87
42 70 34
33 40 54
92 9 70
64 71 45
3 21 17
56 40 93
5 2 69
97 58 80
70 12 58
43 21 69
35 9 35
80 8 58
33 6 59
19 64 62
69 53 59
42 56 51
89 1 56
76 91 77
66 50 53
73 51 20
92 94 17
56 70 86
89 54 68
89 34 94
66 57 15
42 92 4
48 70 28
28 66 81
77 73 94
91 19 66
69 13 97
21 70 31
44 51 69
72 5 65
23 48 72
85 47 43
46 32 16
66 53 47
80 55 73
37 29 61
44 39 66
14 6 55
36 40 85
18 92 5
87 10 59
19 19 2
25 18 11
37 51 15
28 49 96
94 94 16
54 17 34
97 75 27
64 84 70
51 27 92
84 53 46
9 20 50
22 4 10
84 14 55
27 8 18
90 17 41
98 86 76
10 61 87
19 72 21
34 51 68
49 99 41
89 36 63
97 87 21
50 99 13
85 83 21
19 5 54
18 82 86
27 90 98
35 30 64
64 62 89
80 84 6
32 19 21
57 72 69
21 41 99
68 51 84
70 30 26
92 79 0
34 39 94
29 88 67
81 58 33
55 41 94
91 42 21
10 11 97
78 79 59
94 88 7
99 60 79
4 27 4
37 7 63
2 36 40
40 25 77
71 56 8
84 52 46
94 89 8
34 14 15
63 85 75
49 88 62
69 99 81
98 68 12
4 63 54
64 24 88
27 61 45
69 80 59
19 20 1
42 45 52
23 61 76
73 70 1
4 21 58
61 9 63
83 7 25
91 1 58
81 59 91
73 43 25
10 82 64
69 13 70
30 87 67
52 28 45
83 47 98
0 24 66
52 49 63
96 33 95
35 22 50
12 58 25
76 23 15
21 7 26
48 0 90
70 4 63
50 49 8
60 83 60
43 46 93
89 23 94
21 38 50
71 10 69
8 11 96
30 4 99
0 70 44
70 63 24
26 75 28
83 12 72
74 87 32
51 59 11
2 38 9
58 45 35
94 43 67
81 98 39
62 78 0
78 69 88
62 70 22
99 8 16
7 17 44
40 85 16
74 56 29
1 64 19
56 25 5
21 46 81
28 76 56
60 53 42
62 80 60
6 7 19
94 15 80
11 10 94
92 18 70
6 61 35
75 48 29
25 1 36
42 50 15
18 88 39
25 9 66
46 96 39
13 25 28
28 54 1
98 65 27
63 55 36
93 51 66
20 94 69
61 15 8
33 46 28
67 37 77
79 23 27
60 89 65
23 33 21
60 78 50
83 12 70
54 25 35
75 90 76
86 83 73
68 57 92
8 52 93
33 67 81
74 30 31
45 70 14
62 34 97
58 82 34
52 40 10
83 62 40
61 2 17
30 95 45
16 72 86
41 54 13
99 85 21
80 6 82
46 87 93
81 96 42
32 27 46
83 45 97
77 31 42
74 48 19
48 49 2
61 98 93
17 74 26
13 70 72
60 93 71
18 94 25
41 65 80
16 63 42
94 17 27
22 42 24
32 68 30
61 92 26
29 7 36
61 45 98
83 52 59
5 21 48
92 28 69
85 48 24
99 94 20
31 8 86
73 51 76
15 58 70
84 49 33
66 26 87
24 92 77
0 37 80
32 50 94
8 60 17
3 37 39
70 56 45
93 8 75
91 4 81
71 0 28
34 14 44
22 89 61
14 70 63
91 77 58
92 96 16
57 4 71
12 76 55
31 41 15
17 69 48
33 79 17
58 13 13
88 21 87
43 44 95
7 69 83
76 78 99
46 57 48
57 66 79
22 37 60
11 42 84
79 91 96
3 39 8
82 19 95
31 94 13
69 68 79
54 19 78
36 43 85
61 55 34
40 55 37
22 93 34
92 69 87
16 26 54
96 38 68
63 17 6
18 82 85
18 73 26
90 2 80
94 55 56
91 27 17
91 82 16
72 0 19
82 29 26
63 65 64
76 16 40
56 34 73
65 58 18
64 88 15
80 49 71
65 53 8
84 3 50
72 20 43
81 5 95
67 62 90
10 85 50
48 45 46
4 35 88
82 28 46
83 68 51
87 8 55
37 75 20
81 21 28
33 85 53
48 12 6
64 30 26
32 55 3
24 79 36
59 81 34
42 50 35
58 63 55
92 10 69
44 24 85
24 47 67
58 47 22
61 20 49
11 71 21
84 76 23
0 72 79
63 79 31
61 53 43
34 28 77
38 88 68
83 35 28
70 14 59
93 1 30
39 78 39
15 66 50
91 36 90
48 64 79
23 30 38
16 79 67
74 77 80
27 4 88
13 88 83
68 82 35
39 28 13
73 62 2
35 76 89
83 36 54
48 11 33
15 12 14
55 53 60
97 29 65
14 39 80
50 19 76
80 76 72
85 47 23
17 29 89
63 26 87
29 68 85
33 31 0
89 77 10
79 87 82
89 86 73
25 66 53
72 87 35
9 98 20
31 97 2
88 48 48
34 72 59
59 13 40
46 51 69
9 94 62
61 94 37
71 8 30
31 98 74
72 69 31
62 65 43
29 28 70
18 65 9
87 31 81
44 71 15
26 68 33
94 22 62
42 86 15
47 15 4
60 57 95
68 32 90
6 91 72
92 32 14
44 90 91
17 63 12
11 72 22
60 1 73
0 37 39
12 77 53
14 86 25
51 98 44
19 68 45
61 25 69
30 32 6
8 36 54
51 2 15
16 90 34
27 75 38
73 51 21
15 78 59
72 89 91
55 81 91
71 16 76
70 24 11
69 7 85
36 0 88
43 87 8
53 13 78
1 69 95
87 82 72
2 22 62
8 70 84
60 78 14
58 29 60
42 33 28
31 23 53
6 23 47
78 16 41
8 26 38
82 33 39
47 89 93
39 92 60
9 32 20
13 20 41
18 18 6
69 19 38
68 19 0
72 64 95
87 84 38
58 64 54
48 43 57
17 94 22
62 38 76
67 15 72
71 14 36
52 21 36
48 70 69
35 68 69
72 27 50
18 4 53
10 43 62
55 57 31
81 95 20
22 77 90
75 24 22
94 34 91
83 32 85
22 77 82
7 92 56
22 80 12
30 93 39
23 89 63
32 43 18
34 2 10
84 29 61
40 92 5
46 59 2
29 92 42
6 1 68
54 16 51
26 7 19
68 87 60
16 77 58
98 77 24
90 3 80
30 13 10
82 95 13
33 66 27
4 22 63
83 61 40
26 27 69
83 17 31
88 96 97
36 29 94
65 61 73
70 95 65
2 39 21
4 16 53
80 48 71
77 3 81
19 3 47
30 88 7
18 70 47
6 36 39
48 72 69
8 74 4
23 76 58
64 53 34
23 87 94
88 77 28
70 86 3
52 90 35
81 72 95
3 44 24
36 65 52
51 26 58
80 28 39
18 65 8
97 5 44
63 89 78
14 25 26
90 94 95
35 46 69
76 16 49
80 23 18
42 63 48
51 83 55
81 85 73
44 76 73
97 59 93
28 79 46
26 93 32
35 14 89
38 22 51
37 40 0
72 36 76
61 68 7
51 9 88
65 42 6
17 19 16
92 20 80
28 8 63
23 24 99
44 22 70
24 90 97
37 97 37
71 86 33
45 74 96
95 52 18
99 35 81
44 98 54
38 22 2
82 62 37
51 30 43
87 95 6
39 63 14
63 0 88
4 23 64
68 31 91
65 43 96
61 84 32
69 62 24
19 41 29
64 11 62
33 48 28
9 77 38
20 29 38
77 70 0
86 35 49
98 11 9
66 44 11
86 40 91
37 36 39
94 36 32
99 36 71
26 14 50
81 86 74
17 43 9
4 75 48
29 16 12
16 24 42
82 69 97
9 75 81
69 6 45
11 97 17
88 64 42
62 64 95
67 56 94
64 96 94
56 3 24
32 15 76
43 43 30
52 30 88
71 13 4
65 81 58
67 39 30
37 41 99
50 68 91
53 96 71
0 67 96
88 60 22
20 31 12
28 65 97
74 6 43
66 68 44
77 62 46
48 45 48
48 43 64
22 33 26
53 96 83
84 31 87
16 70 11
31 57 97
12 54 56
37 60 62
61 94 70
44 98 72
8 37 24
0 24 5
53 50 30
96 18 97
14 62 1
45 70 17
99 51 42
5 67 71
92 22 14
73 1 28
33 43 22
92 90 82
52 81 0
59 93 80
65 49 30
36 3 36
71 13 68
82 11 60
4 23 65
5 75 49
76 93 77
64 62 72
92 27 70
43 50 82
32 46 39
50 34 99
73 49 18
77 77 33
47 59 1
61 57 35
49 71 29
70 91 14
71 69 50
88 6 42
25 64 24
7 35 23
69 18 0
86 67 92
83 79 64
95 27 18
29 32 6
81 7 34
5 24 47
36 13 89
99 12 9
73 87 92
56 98 16
39 67 61
13 76 52
54 9 40
89 57 71
70 12 96
50 77 88
36 74 21
62 85 74
76 2 50
63 92 17
4 65 56
21 42 8
20 4 35
12 71 22
1 4 35
3 83 90
54 32 89
43 69 13
73 64 95
53 73 58
23 34 51
58 12 38
13 73 86
51 96 71
67 42 65
15 0 82
21 43 12
31 70 9
70 89 79
82 96 43
58 56 72
88 65 88
23 60 78
13 8 3
66 11 16
4 16 72
99 16 39
18 58 70
68 79 58
47 52 54
69 55 91
79 72 28
44 40 57
10 8 80
88 95 95
82 72 95
36 33 67
3 45 85
78 62 65
15 62 43
97 15 22
45 69 34
17 64 7
12 60 35
24 3 87
46 92 62
79 30 40
5 42 86
33 7 55
21 13 0
97 59 52
62 97 95
28 25 70
71 12 71
47 39 22
0 92 92
92 37 35
15 69 10
75 30 12
90 36 62
21 92 36
58 10 58
9 41 62
28 69 85
64 3 10
71 3 39
64 39 69
12 62 21
29 50 95
47 49 91
69 13 58
34 49 53
80 17 41
32 52 94
41 71 5
57 32 43
44 97 74
60 33 76
4 5 71
89 18 42
78 39 4
26 20 27
25 34 37
52 73 36
78 76 34
88 90 77
83 5 96
67 56 98
47 71 71
76 46 51
11 84 94
0 5 16
67 7 14
35 69 21
1 37 24
0 34 40
51 37 41
62 71 70
15 52 3
27 83 41
8 25 25
38 68 62
27 31 56
41 60 37
25 7 77
58 93 0
24 9 67
1 23 64
2 34 88
82 33 25
85 89 24
15 95 10
65 72 46
41 60 36
41 11 99
60 44 97
19 68 90
21 70 25
70 88 62
90 10 59
53 38 42
31 40 16
55 64 80
74 30 63
17 48 11
89 90 76
9 85 83
77 17 49
10 78 39
86 48 43
61 47 79
29 77 55
73 32 50
0 55 38
38 28 32
75 27 30
35 75 20
59 42 95
66 56 99
92 7 74
97 72 6
77 61 23
35 68 80
6 21 49
17 9 93
43 69 35
29 72 97
16 32 22
72 12 5
80 29 94
65 42 15
9 90 65
28 40 44
49 44 62
92 38 55
85 96 3
37 11 57
68 74 93
73 76 25
84 49 43
48 49 92
54 80 6
98 34 1
98 59 80
82 77 8
56 33 43
9 86 84
12 55 57
17 38 63
50 55 16
59 39 84
42 94 54
81 34 23
32 97 10
89 78 95
33 46 66
8 57 75
64 43 7
80 84 43
10 89 66
82 46 95
11 95 12
12 62 6
44 80 42
26 68 91
66 80 81
27 79 97
83 36 27
99 69 44
92 89 76
69 87 58
36 60 93
86 85 39
81 72 97
20 79 28
96 10 96
47 59 51
21 2 33
78 26 38
41 89 34
51 96 47
49 33 98
30 9 27
42 38 53
29 99 92
10 49 32
58 22 42
66 42 5
54 16 11
68 99 50
25 5 30
10 5 14
40 58 80
39 47 12
0 21 89
66 22 18
97 60 6
92 32 44
93 93 59
35 31 87
34 28 96
20 97 86
97 93 43
57 92 28
44 92 53
43 75 13
29 0 22
32 36 56
43 77 13
10 22 28
90 73 69
93 88 91
62 21 49
34 51 71
10 78 38
79 31 39
86 81 32
31 52 93
29 47 27
77 93 35
3 42 7
94 77 97
32 22 23
50 14 92
56 72 69
70 6 84
89 30 16
40 4 7
4 23 0
60 53 83
96 28 17
12 44 32
87 34 60
59 1 74
91 20 81
91 30 14
16 7 74
69 54 59
76 46 84
84 8 13
70 39 6
70 71 46
39 70 79
43 25 24
12 24 5
92 58 13
26 93 33
90 93 44
1 78 50
58 38 83
71 85 61
82 69 47
31 63 75
47 76 9
63 25 87
26 90 76
34 95 92
5 91 73
44 17 3
89 22 86
48 87 82
72 68 49
57 16 68
21 32 25
93 89 84
79 17 40
85 40 89
17 11 18
18 47 12
79 4 5
61 79 14
2 57 40
15 38 81
72 4 38
32 72 30
1 35 83
0 13 71
52 98 13
61 99 87
45 13 59
35 92 95
30 21 24
16 32 63
73 27 64
11 58 56
72 33 60
77 8 50
53 48 89
51 53 5
70 62 70
13 43 31
46 16 12
16 20 15
93 73 17
48 53 26
13 80 2
83 52 87
9 42 61
17 24 74
3 95 40
68 30 26
17 96 23
50 46 4
4 6 75
50 2 78
24 88 54
5 75 15
13 52 58
30 8 86
27 32 55
50 5 69
27 32 25
18 19 27
68 73 49
93 22 15
51 77 1
8 65 4
22 38 92
8 57 33
69 30 89
98 2 28
91 18 68
58 18 98
46 99 19
26 82 49
37 95 96
6 0 53
75 49 28
54 97 8
53 2 38
9 69 34
70 51 27
56 76 61
64 12 68
32 21 22
37 85 66
84 16 31
51 47 80
36 84 87
4 71 86
52 27 60
46 80 50
61 85 42
92 37 89
88 60 6
32 28 66
39 78 81
54 40 34
70 21 38
12 11 94
40 64 44
78 59 4
14 12 32
47 66 12
81 8 82
16 44 68
2 39 72
23 67 52
23 11 38
72 51 5
27 0 63
76 19 23
32 18 38
19 95 11
23 42 8
99 53 41
21 2 35
62 39 75
29 79 47
36 66 54
18 73 27
43 16 40
98 59 94
46 44 8
12 18 14
40 65 91
15 43 70
8 38 74
66 2 67
33 50 70
19 20 3
78 82 25
68 10 21
11 90 46
87 63 29
4 28 34
36 75 82
34 67 80
5 66 91
19 82 79
94 21 91
33 49 13
24 72 74
20 71 30
60 11 89
66 38 36
86 62 29
81 17 6
88 78 9
63 64 64
69 99 70
13 78 53
66 53 8
99 0 92
11 80 30
10 75 35
84 79 64
4 87 58
51 8 80
32 47 89
5 19 55
93 83 54
65 44 14
33 31 26
14 67 49
30 24 86
22 12 37
40 48 11
49 13 93
14 51 0
51 75 92
65 94 83
82 58 7
4 62 55
32 12 98
48 54 27
14 22 45
42 57 50
40 40 66
96 62 48
52 50 41
61 13 78
45 62 13
52 13 41
87 36 50
47 73 70
14 34 8
66 14 58
16 4 36
45 12 23
32 10 72
36 83 86
6 62 34
58 83 33
12 44 30
65 95 94
58 33 75
77 14 41
58 21 35
65 38 12
36 97 38
75 28 11
60 56 71
23 66 13
48 36 21
4 74 64
82 60 41
32 40 53
16 93 23
3 99 46
75 36 61
25 80 34
13 57 58
61 95 70
58 21 44
9 12 96
44 62 12
59 92 99
57 22 0
64 65 43
41 11 0
69 7 74
77 50 42
25 98 70
8 31 21
5 40 63
80 12 62
33 98 47
49 54 26
50 38 25
40 6 77
48 63 83
95 55 55
2 45 25
10 52 12
7 54 77
26 14 10
74 71 62
10 0 21
78 24 23
78 90 95
98 52 42
72 18 97
8 42 62
42 85 16
35 75 81
82 79 18
21 51 51
20 71 55
62 65 65
78 73 7
59 78 53
26 0 82
33 23 22
15 20 14
54 13 15
4 29 15
0 22 89
34 19 83
99 79 91
98 67 0
84 11 71
29 15 11
94 21 67
83 74 23
85 3 49
74 15 35
79 28 38
57 36 35
66 83 57
2 10 84
98 4 44
43 13 68
13 98 39
27 39 45
24 26 71
34 56 27
13 80 1
14 12 15
20 13 80
61 39 54
24 25 11
96 94 24
76 82 91
51 79 76
79 96 10
73 93 88
23 78 84
24 20 11
32 85 66
81 24 18
4 54 71
35 47 69
9 14 96
30 88 66
27 68 44
20 27 76
85 37 88
41 5 17
78 54 40
38 70 62
3 17 54
99 3 28
86 61 49
29 82 16
86 31 81
18 16 81
66 85 45
16 68 10
35 24 31
22 15 51
96 71 59
83 73 22
6 72 86
82 70 27
22 29 75
46 91 89
64 60 16
0 67 27
30 65 28
88 5 74
9 3 58
90 35 95
78 12 97
59 33 67
91 98 28
17 38 58
34 86 53
51 91 34
75 16 38
93 20 68
18 54 93
78 38 18
85 15 80
89 67 85
14 64 3
22 33 20
17 81 87
86 34 91
68 58 18
99 71 34
81 96 34
73 34 7
4 38 9
51 80 65
50 67 22
75 69 77
41 70 28
13 25 42
7 4 73
79 55 74
64 45 13
19 15 53
10 36 54
16 67 47
98 97 17
51 29 45
99 92 94
83 51 8
83 7 41
64 47 93
71 13 38
35 67 53
33 56 2
18 49 63
67 39 64
47 55 27
5 71 85
78 54 73
5 71 12
58 39 59
49 66 73
23 92 35
56 27 33
68 62 71
3 40 20
60 52 40
37 45 60
54 79 99
93 51 62
63 89 84
54 47 88
9 40 83
27 44 37
37 20 31
36 69 80
49 17 51
49 65 74
11 4 58
75 85 82
51 13 19
24 59 14
36 69 70
29 34 66
25 42 8
48 94 86
24 98 69
33 21 6
42 59 86
68 68 7
43 89 33
97 79 23
53 82 9
21 33 23
73 64 82
16 46 11
59 89 66
34 69 70
24 49 75
97 76 89
29 10 83
7 75 16
4 8 55
88 70 95
41 54 30
49 86 82
43 10 0
78 71 27
65 95 96
14 67 55
17 14 82
89 85 71
93 82 29
44 52 70
35 34 57
62 13 38
67 31 88
76 23 16
90 93 43
93 43 75
22 9 27
41 39 95
68 89 64
3 0 42
83 98 12
71 58 47
14 98 23
19 59 69
80 73 96
95 6 46
3 2 72
46 41 70
62 0 87
17 0 44
63 67 89
48 99 40
18 78 86
94 81 51
86 7 62
88 70 65
63 42 16
13 12 34
81 4 29
42 23 28
94 95 57
82 67 99
97 22 69
52 42 98
43 48 39
70 68 66
21 66 90
12 0 23
93 73 16
83 79 55
26 12 92
61 96 96
14 81 65
92 13 72
30 72 97
23 91 84
65 59 72
21 27 74
97 32 53
17 96 87
67 71 45
47 63 78
51 70 22
93 55 24
59 69 40
64 11 6
1 82 34
87 46 7
38 44 80
74 35 10
42 4 88
67 74 48
50 22 32
25 28 40
99 94 96
35 29 27
61 81 59
53 44 21
16 69 59
52 73 58
62 46 77
42 16 79
11 78 43
13 6 3
66 59 71
75 36 68
65 42 95
83 80 19
6 88 82
2 17 21
13 24 43
63 33 44
4 3 72
76 32 65
59 29 19
83 71 28
43 2 92
91 94 18
4 39 92
42 10 1
39 58 82
48 66 82
94 16 26
15 33 9
84 82 20
99 66 13
84 35 55
73 36 10
88 19 41
77 15 40
57 39 41
83 96 51
25 46 66
41 50 37
11 2 56
67 70 47
68 42 6
74 35 9
94 92 51
63 79 15
21 27 4
67 43 7
80 11 88
4 64 56
88 92 51
74 63 1
30 11 82
73 88 32
9 66 92
91 9 72
63 91 69
49 11 6
23 65 24
89 80 30
62 90 79
48 73 63
8 50 34
20 72 54
2 51 7
5 28 81
53 48 85
25 2 87
42 24 21
16 70 49
52 7 48
90 44 63
65 9 5
71 77 45
62 67 34
4 29 5
46 97 40
35 56 9
79 58 5
26 64 23
8 53 94
22 36 83
65 66 39
51 82 34
23 52 32
83 86 9
56 83 33
6 15 53
9 39 75
24 59 82
50 59 56
85 9 61
41 69 3
57 32 76
15 19 46
57 12 8
26 44 20
61 42 97
45 48 32
88 91 33
31 18 44
17 98 97
12 4 58
37 97 73
54 8 51
33 62 21
36 9 37
15 18 37
7 5 57
36 28 95
34 49 71
51 34 99
2 70 68
66 62 69
40 81 87
24 7 37
14 18 46
40 12 43
11 99 22
96 75 26
64 52 35
42 70 3
60 23 49
48 58 46
85 51 4
72 47 99
54 48 79
94 59 35
2 91 77
1 91 78
25 10 18
63 70 21
82 95 11
16 44 44
99 77 82
86 32 50
57 60 69
62 69 23
15 97 99
56 81 85
82 64 40
98 42 40
38 94 95
89 7 41
94 74 49
68 83 9
89 4 75
78 30 26
55 18 24
71 92 14
47 85 44
11 71 85
79 77 33
90 53 67
81 97 53
42 48 9
2 13 1
45 23 77
86 40 88
39 57 3
26 30 96
38 71 80
61 45 76
37 17 10
70 87 61
28 25 85
27 46 98
84 49 44
14 90 74
83 70 90
83 53 64
77 24 21
39 38 26
84 58 65
58 49 55
87 36 49
89 66 86
92 4 82
59 57 51
29 26 85
67 28 9
81 95 56
2 51 74
94 54 57
46 3 5
40 91 78
49 43 63
79 24 22
7 91 73
12 70 21
10 34 53
41 93 55
36 71 61
65 57 84
56 78 24
55 43 97
15 16 92
71 71 19
36 58 61
66 16 65
66 43 66
95 61 53
64 95 68
52 34 9
51 8 49
98 96 94
81 31 35
36 35 0
19 74 26
71 89 94
83 38 54
2 83 38
85 40 90
57 10 59
12 8 4
43 19 87
11 53 93
36 18 11
16 6 74
38 76 27
98 42 53
18 78 26
3 4 72
98 18 96
75 0 86
41 13 70
46 78 74
21 96 41
29 65 35
25 6 12
49 53 27
47 58 50
63 90 70
49 99 12
95 50 17
54 14 1
66 96 93
67 9 14
65 46 66
65 47 16
68 45 92
58 77 53
98 57 40
1 93 99
26 35 11
33 98 90
16 94 40
56 11 10
16 54 34
46 23 77
0 18 21
85 64 68
46 17 45
54 72 57
88 11 55
73 62 22
73 53 28
77 22 47
94 40 86
62 33 28
81 59 98
49 10 15
40 72 6
44 21 29
21 14 80
67 42 62
14 78 58
53 6 35
59 4 76
97 39 67
67 25 88
59 63 13
1 61 57
80 47 73
48 44 30
27 99 83
21 41 10
30 68 82
87 52 82
2 99 68
81 12 61
11 71 3
52 38 42
75 17 39
90 41 34
83 27 47
3 61 5
17 4 3
79 3 27
74 31 9
23 90 83
55 62 80
90 71 71
36 11 59
19 98 76
86 8 61
30 92 41
94 11 45
1 90 71
72 30 86
81 49 62
64 12 15
59 97 60
1 39 9
72 43 70
15 9 28
71 39 21
59 86 13
84 39 34
51 51 27
29 46 28
4 20 57
93 28 69
16 99 0
36 1 76
42 28 45
72 11 70
17 22 22
62 98 88
53 82 0
8 9 48
0 92 91
55 42 77
10 85 85
59 29 71
29 75 39
93 79 21
20 78 26
70 22 10
2 90 95
16 97 98
29 29 71
54 10 60
55 85 24
39 40 26
84 10 71
87 85 38
19 44 83
96 24 67
55 73 68
60 79 97
60 88 53
39 54 15
36 67 53
74 87 49
92 42 22
10 26 25
17 9 6
83 34 28
61 28 17
72 38 22
61 79 12
20 70 26
20 71 24
70 32 25
80 32 5
12 25 44
21 25 39
70 11 71
24 8 80
54 47 85
55 99 15
7 22 48
83 37 86
59 78 51
37 98 74
65 74 69
52 20 35
61 13 97
81 49 19
35 75 22
78 23 15
0 18 23
67 7 24
87 78 28
13 95 9
8 73 5
1 91 17
28 15 32
99 36 83
23 45 82
19 20 7
24 33 20
36 52 79
59 4 84
30 35 67
40 31 52
76 28 37
46 42 29
85 98 38
57 67 39
82 61 39
89 88 35
86 83 70
16 24 73
40 62 48
21 2 49
79 1 69
83 58 90
52 14 19
18 32 16
87 2 87
30 74 11
16 39 81
99 23 6
22 80 30
37 77 27
79 22 26
34 74 80
87 41 71
61 12 86
18 73 20
54 87 16
3 40 6
67 37 37
41 48 8
71 7 51
61 55 33
9 81 29
31 8 84
16 29 83
23 82 19
77 94 67
54 19 25
21 81 12
63 83 60
68 26 53
52 39 8
78 37 79
10 39 57
3 24 77
39 37 2
80 52 4
11 44 31
38 53 16
81 49 72
86 84 72
69 74 61
38 76 20
69 72 48
41 43 76
88 11 84
39 30 66
14 6 4
9 58 38
17 44 8
66 46 55
57 40 59
51 49 65
87 8 60
3 94 39
30 98 12
68 8 13
52 68 23
80 95 46
84 58 67
62 27 87
18 64 11
59 55 71
92 42 37
57 11 9
40 3 22
27 94 99
94 81 22
15 93 59
59 38 58
66 94 85
56 17 96
67 56 97
69 41 6
63 46 92
82 57 6
75 45 98
47 42 58
59 54 82
21 76 94
54 24 34
13 71 72
92 52 61
86 58 57
96 29 63
9 49 35
2 69 86
93 78 98
10 81 28
71 89 64
55 15 2
19 73 28
46 99 39
19 28 98
38 73 88
90 42 33
25 62 92
19 60 57
50 9 81
73 15 71
10 83 30
39 86 8
98 12 58
46 41 57
64 94 92
65 45 67
82 31 41
77 64 38
19 5 34
47 40 71
64 50 31
74 51 84
2 0 32
84 18 59
84 68 64
14 97 54
79 80 60
32 17 37
17 10 67
49 64 81
9 51 35
32 11 45
64 27 87
49 50 44
82 27 63
31 41 18
31 8 28
6 95 33
12 90 21
8 64 69
60 8 8
48 71 28
83 25 62
52 6 3
36 60 91
31 27 68
79 57 74
35 83 71
11 90 22
8 85 83
80 50 63
68 13 95
99 87 22
78 5 97
65 94 85
26 56 63
42 94 24
71 76 62
87 76 29
18 71 73
60 3 16
41 4 82
43 20 88
51 86 83
27 36 25
93 78 44
49 23 12
58 13 8
99 83 43
50 26 59
48 64 37
18 55 92
0 98 7
45 41 57
65 96 72
95 87 8
55 39 34
34 85 52
50 52 28
33 56 26
55 36 74
40 41 77
6 87 64
50 24 11
66 40 63
90 63 62
61 12 98
79 22 19
6 35 24
77 7 49
47 63 82
84 80 94
62 79 15
19 59 68
46 40 56
24 80 11
70 13 73
56 17 77
98 82 0
18 92 4
83 44 42
13 30 63
48 85 28
96 76 80
96 23 20
37 33 8
8 59 35
16 45 69
42 91 79
63 80 60
68 60 71
59 95 79
27 8 45
43 15 41
85 14 81
80 24 97
23 77 91
62 54 35
0 49 66
74 45 49
30 31 6
19 23 23
96 51 44
96 25 68
45 22 28
10 31 19
38 45 61
66 46 16
94 27 19
20 41 95
75 39 10
60 22 50
33 22 24
15 84 44
52 41 96
92 96 59
72 8 29
47 34 46
98 68 0
55 48 26
13 22 43
66 94 95
25 42 7
55 17 50
66 45 67
30 27 46
75 61 24
79 5 6
64 61 71
38 52 15
4 87 63
85 84 38
80 0 16
18 8 20
93 9 72
70 9 31
51 21 34
69 86 59
18 5 95
90 50 60
69 52 4
22 26 73
14 15 1
27 80 47
44 60 12
11 51 68
68 75 60
5 83 37
85 38 85
78 65 22
94 30 2
42 25 44
72 93 15
55 79 81
67 61 68
59 32 75
44 68 36
18 81 23
59 76 59
69 28 42
71 13 95
68 86 73
8 20 57
81 63 55
89 50 61
38 45 81
66 99 49
22 23 98
7 28 68
3 6 71
24 80 27
29 65 31
67 88 63
11 99 20
22 43 8
2 71 85
68 32 92
95 34 96
13 51 94
33 96 12
29 69 82
8 73 15
53 49 41
11 9 93
81 56 30
46 51 67
22 71 82
52 18 60
3 90 1
61 99 95
87 48 27
67 80 84
74 29 12
65 72 43
38 51 85
45 38 55
49 29 43
21 9 46
14 80 1
54 23 21
40 37 1
47 65 15
70 55 78
64 84 51
81 35 27
64 68 98
52 79 98
16 98 0
35 93 30
56 69 77
77 13 98
41 39 65
42 95 54
18 91 3
21 37 59
66 44 8
55 59 49
55 9 59
81 75 53
76 13 41
41 95 55
35 2 36
42 51 95
18 3 67
28 14 52
17 19 27
84 82 8
22 23 16
53 67 24
95 35 35
75 79 98
58 56 98
38 33 83
98 67 43
66 79 82
57 60 68
57 84 86
28 71 8
82 36 58
59 82 32
47 53 25
92 16 66
11 13 75
83 28 62
70 64 23
23 26 74
29 78 55
72 99 66
73 24 88
26 65 99
66 9 3
10 25 7
80 27 26
40 22 83
79 18 25
6 90 74
30 67 28
86 97 4
97 96 20
88 69 27
91 26 11
86 81 35
2 48 9
16 98 99
73 99 43
62 96 72
86 93 34
53 80 99
93 75 19
39 36 27
79 49 89
56 54 74
56 63 82
10 13 97
77 0 28
58 56 99
82 33 73
67 99 51
74 51 28
68 51 34
81 76 54
22 14 85
72 1 28
68 75 67
85 42 17
64 57 83
74 35 8
51 26 61
17 92 6
17 93 10
44 74 13
66 80 50
63 96 94
10 38 56
82 43 42
71 19 89
56 86 16
22 60 12
19 96 64
94 22 91
38 58 4
95 82 52
1 59 57
8 4 14
20 23 22
35 26 79
98 78 23
85 39 86
15 62 5
42 59 85
81 12 80
44 24 27
63 65 24
13 6 56
13 67 65
39 38 1
98 87 22
64 51 18
54 15 17
99 82 35
90 7 72
90 55 20
52 85 58
39 19 74
70 12 38
67 61 90
57 39 57
89 58 85
42 15 69
16 26 74
79 54 62
39 4 22
34 11 88
58 90 1
66 97 51
5 60 34
39 8 23
81 70 98
63 50 30
17 79 25
10 53 48
67 71 44
18 82 3
78 74 8
85 69 64
53 91 18
49 49 7
88 63 44
48 77 9
15 92 60
24 67 24
14 19 41
74 60 77
30 33 7
9 7 18
27 13 93
64 50 29
23 5 11
45 59 13
7 55 4
20 99 77
32 17 59
43 61 11
14 77 87
28 52 56
31 75 58
83 21 79
22 40 0
58 30 62
27 36 17
68 69 8
91 17 67
53 31 88
55 16 88
97 73 5
28 88 68
44 65 41
62 68 88
66 44 67
99 66 26
46 33 45
5 96 49
77 64 21
55 54 60
51 26 93
84 77 88
31 45 90
58 12 40
85 48 28
88 65 86
94 19 26
60 98 85
77 91 96
78 17 24
72 44 24
35 18 11
9 83 84
40 41 26
4 39 64
17 11 26
73 12 6
46 16 3
48 61 5
55 57 49
65 31 23
92 68 88
7 75 81
58 80 42
10 88 34
81 81 38
10 3 59
50 93 56
63 98 88
83 63 39
73 30 0
49 78 88
76 93 35
86 47 29
39 13 42
72 63 21
21 92 51
86 89 87
71 30 89
11 53 99
55 11 40
40 94 22
85 65 91
38 39 78
29 72 45
53 97 7
66 67 43
32 8 54
49 81 62
64 50 33
33 93 14
17 10 6
68 13 96
99 45 31
39 68 89
34 71 57
72 43 24
15 7 4
36 67 52
59 4 65
19 24 63
56 43 68
94 65 80
99 35 2
69 13 94
50 64 75
31 73 98
74 87 50
80 21 27
26 29 97
10 76 66
78 32 24
26 22 30
78 95 67
20 80 82
77 70 1
48 9 14
5 5 74
12 43 85
72 32 61
94 7 76
70 15 38
86 58 65
22 78 37
26 8 44
10 73 83
39 79 38
79 29 51
53 18 35
16 22 21
28 55 1
0 93 93
51 5 21
16 94 10
45 98 37
65 21 17
40 14 43
81 96 47
16 10 17
36 89 36
63 33 89
30 14 66
19 40 29
94 82 6
47 46 69
57 10 40
84 86 46
29 63 33
72 4 13
52 48 91
37 69 91
91 99 30
26 38 23
18 96 12
81 52 3
97 28 18
71 3 9
95 19 66
31 8 85
16 91 5
21 59 80
1 22 31
93 21 3
10 18 80
53 50 40
91 5 80
83 81 20
16 29 90
93 36 34
8 1 61
47 45 70
76 16 83
63 75 69
29 41 62
34 98 13
72 20 75
69 76 3
37 43 83
82 48 18
56 10 58
50 4 30
20 18 95
47 1 0
2 37 8
86 83 37
33 0 85
83 26 62
91 98 29
89 49 29
13 99 40
35 19 10
92 74 18
24 99 69
27 52 57
39 17 11
73 72 63
91 9 90
38 87 0
94 27 70
55 15 0
79 7 83
3 22 18
91 37 45
87 88 36
78 72 32
37 5 11
16 49 24
66 27 86
5 59 47
80 20 19
28 16 2
4 75 64
74 91 75
22 17 92
73 88 31
87 62 48
1 37 23
55 18 95
63 25 29
59 96 53
83 62 38
66 3 67
77 90 2
7 37 74
89 72 71
5 40 79
93 95 17
51 15 93
58 5 23
74 23 87
88 52 31
57 13 13
72 49 26
16 92 60
4 29 98
93 74 16
4 91 41
83 71 30
51 76 89
11 93 96
66 71 46
43 55 51
65 68 40
23 48 22
29 70 9
90 97 90
48 34 22
6 66 4
70 88 80
7 80 28
53 14 17
41 51 14
87 86 38
69 75 92
30 53 0
50 22 30
53 40 45
56 11 9
65 56 83
99 46 82
72 36 77
45 88 34
59 30 66
89 28 80
80 5 18
71 4 11
5 20 57
82 78 55
60 96 71
12 88 84
74 98 76
67 30 25
19 64 83
83 39 54
30 58 80
25 28 25
26 81 48
81 18 47
98 47 81
61 35 43
99 21 88
41 85 53
82 7 26
10 60 36
30 49 42
55 41 78
93 35 33
55 81 84
58 53 81
62 41 45
68 28 8
84 45 4
33 19 83
52 8 40
50 80 36
22 71 99
54 49 26
87 50 92
97 52 43
51 80 36
11 23 27
44 15 47
41 92 6
37 37 38
49 50 83
62 71 66
65 82 70
64 44 16
24 90 77
62 80 30
96 85 99
68 57 95
35 97 45
34 0 86
37 92 96
65 93 83
61 68 23
50 4 72
92 0 31
26 94 0
95 49 19
5 45 53
33 18 23
61 12 88
18 44 31
61 17 42
35 95 93
59 89 65
71 98 70
75 81 91
41 91 31
44 15 41
94 94 56
43 28 76
18 54 41
7 94 50
88 61 43
73 97 15
52 18 27
26 62 10
8 93 55
62 68 90
28 10 44
39 45 61
89 40 34
71 17 77
25 49 69
98 71 7
9 57 86
73 63 82
80 4 28
93 14 25
62 16 5
52 90 18
19 54 51
17 93 25
93 27 17
69 70 47
92 73 55
99 5 45
29 92 15
22 77 99
21 56 18
36 14 62
17 31 15
66 98 67
72 65 83
95 16 25
14 72 71
12 79 42
64 74 70
20 36 94
83 19 64
33 75 79
15 78 68
97 74 87
32 42 18
13 14 34
9 55 98
83 80 31
97 89 93
9 25 26
22 47 34
51 68 22
41 9 24
75 45 52
80 9 58
46 59 99
35 9 83
85 4 51
46 38 54
50 67 74
30 59 71
68 32 87
44 53 94
83 9 72
3 74 64
71 1 29
76 81 93
41 39 24
44 88 47
16 97 23
26 95 1
5 87 64
79 21 20
46 57 47
73 50 84
81 94 12
33 54 3
54 61 97
76 24 22
14 71 98
25 15 10
3 29 99
9 68 33
34 84 51
83 59 67
14 92 60
18 69 46
75 70 61
72 12 67
1 39 71
13 93 9
87 51 53
88 10 85
61 77 98
24 39 7
68 40 67
88 9 85
65 23 89
65 48 31
46 82 3
64 70 98
29 35 36
42 86 46
67 57 96
75 44 27
7 31 20
37 71 60
50 84 74
43 96 22
90 89 34
17 12 19
89 58 39
71 52 27
55 27 79
39 81 4
66 43 39
41 90 5
70 69 48
0 68 96
45 5 72
58 20 14
0 53 3
62 57 34
87 3 88
9 98 21
3 21 19
31 58 70
69 64 25
33 8 85
21 60 92
17 32 21
4 16 54
24 5 35
31 86 68
34 18 12
63 82 59
24 8 39
31 24 26
46 23 56
68 62 59
15 10 27
91 18 41
86 97 16
27 50 71
43 41 83
72 3 12
67 25 86
20 67 91
80 22 21
15 70 17
50 68 23
39 85 15
24 14 11
51 47 4
93 75 50
30 15 77
93 77 93
61 79 99
28 16 10
56 58 47
45 97 15
96 74 25
90 54 68
53 18 26
46 57 49
32 21 94
68 25 90
90 73 70
66 8 4
3 21 18
80 29 40
50 4 70
16 82 88
21 12 79
36 11 87
89 48 8
48 62 6
2 49 8
32 94 48
56 24 6
0 72 67
62 3 76
64 31 21
50 54 28
35 27 78
92 26 16
79 81 26
27 55 0
7 76 9
82 96 52
41 32 53
23 81 28
27 24 84
64 51 32
93 23 13
70 51 4
44 56 36
38 37 27
5 16 52
29 76 39
9 56 10
53 13 19
87 49 44
67 69 12
41 62 47
6 59 31
26 92 32
11 92 62
67 9 3
97 50 51
20 20 2
91 52 66
9 2 60
88 30 69
47 31 16
60 96 32
62 89 16
31 18 37
13 22 89
5 42 8
1 85 2
93 63 24
14 68 48
66 29 9
59 4 24
25 0 81
70 67 84
16 1 82
16 46 12
12 44 54
52 12 15
27 72 58
6 20 92
88 85 72
75 77 88
54 41 33
70 75 62
47 40 56
98 74 27
72 11 68
64 45 16
30 26 48
99 87 46
70 85 60
22 38 60
25 22 5
3 59 2
85 88 0
53 89 67
42 3 95
16 70 72
93 17 65
82 34 25
58 82 41
96 10 99
50 58 55
19 97 13
71 99 69
21 18 42
24 67 52
39 61 49
47 43 30
0 90 78
80 19 26
49 98 42
62 18 81
32 97 11
37 14 25
11 52 57
17 92 9
34 97 13
71 52 5
67 78 42
5 81 46
80 20 6
91 40 64
76 63 22
6 45 72
89 48 97
55 14 83
19 43 11
89 21 43
36 12 60
50 97 11
69 78 33
13 2 58
9 3 55
32 49 69
21 41 9
24 23 90
75 78 81
59 79 29
47 79 75
17 46 99
97 54 28
51 17 61
80 48 89
75 34 9
41 25 35
36 62 61
66 30 24
68 45 66
65 54 9
41 53 57
87 49 71
86 96 5
46 71 17
63 45 13
72 14 72
88 11 58
62 34 44
97 27 64
18 91 7
78 70 86
65 58 16
81 11 87
39 50 86
16 68 9
64 79 88
24 41 7
72 3 37
80 92 97
4 43 86
41 92 80
21 38 60
10 24 12
72 2 30
84 37 86
97 56 79
2 82 37
46 54 2
52 74 47
54 49 29
59 17 71
44 93 23
9 53 36
37 44 82
14 17 36
62 4 34
17 14 62
54 87 55
79 6 19
56 97 16
37 71 61
84 69 92
36 73 69
15 43 43
48 0 40
35 68 52
54 15 87
8 30 74
30 85 59
99 88 47
48 38 23
25 8 79
77 0 52
21 76 0
10 30 99
85 8 74
77 8 18
19 13 79
28 74 38
55 43 38
58 67 9
40 42 76
82 27 61
81 71 96
46 1 27
95 16 29
39 52 15
39 39 26
50 76 42
18 28 39
54 98 6
81 32 24
60 16 71
4 41 80
78 71 29
58 44 95
25 23 30
74 78 82
92 56 25
55 29 55
15 25 55
22 91 35
42 39 24
60 3 15
99 70 8
33 94 93
67 75 68
3 63 92
38 71 60
36 55 7
32 47 37
83 11 61
34 17 71
33 58 96
48 95 1
74 64 95
26 20 59
81 83 6
20 82 87
35 37 41
33 95 47
64 31 25
13 3 59
71 77 2
52 76 90
94 38 31
20 71 23
93 96 15
95 53 19
83 70 66
72 84 20
93 62 98
93 75 49
14 20 11
71 70 45
81 96 44
48 0 87
7 92 91
11 43 31
66 36 96
88 7 42
74 78 98
53 14 16
2 21 89
16 97 86
2 62 96
45 69 35
86 51 3
81 4 18
57 62 83
25 45 56
35 99 89
90 53 72
25 87 18
17 58 69
47 44 47
69 29 90
18 73 29
7 4 15
30 3 0
1 63 70
15 44 69
52 45 22
74 14 36
85 37 92
65 44 39
55 13 84
51 13 17
92 34 45
21 14 82
15 42 42
54 14 11
7 0 56
67 31 90
13 9 22
52 49 84
4 38 10
46 2 70
87 5 28
97 80 88
0 36 82
90 67 84
49 72 28
83 94 34
27 73 99
4 41 7
65 35 56
22 29 39
97 66 26
31 89 68
77 48 47
91 26 69
17 80 86
70 4 38
10 52 93
74 49 28
9 81 65
93 42 37
15 27 1
75 12 97
48 63 81
39 71 32
65 50 30
82 23 18
28 51 55
67 52 35
80 33 32
2 61 4
80 32 25
84 29 75
73 92 86
23 27 72
58 11 9
30 64 95
7 15 53
4 93 34
63 10 68
82 57 34
44 93 92
55 47 87
25 16 12
19 9 67
25 23 15
66 55 83
11 1 19
73 31 99
28 45 38
20 80 83
51 42 12
70 94 28
57 34 36
35 62 61
28 56 66
17 81 39
69 31 26
30 13 67
73 93 87
82 25 19
18 59 97
40 22 89
28 62 46
67 83 79
10 64 95
45 40 65
74 47 28
94 40 31
43 26 1
35 94 1
18 83 74
85 68 92
61 66 33
14 3 55
57 96 17
88 62 82
34 23 51
53 8 41
95 67 34
95 61 54
53 49 28
2 37 22
70 90 63
46 17 13
29 53 56
61 79 13
37 66 51
65 79 42
71 13 91
6 86 84
51 4 19
23 56 17
41 91 79
48 24 12
14 51 95
28 48 27
25 68 32
11 37 56
85 38 91
40 82 86
14 63 6
26 8 78
6 80 91
95 64 81
81 45 42
79 12 96
4 59 35
43 28 46
73 48 98
39 32 24
34 98 90
26 90 63
11 61 36
66 38 29
83 27 88
83 75 25
85 79 93
28 37 87
28 84 56
43 52 68
8 1 76
98 82 43
94 80 99
33 69 71
2 28 6
94 36 33
51 77 89
58 90 66
36 61 61
52 76 92
90 4 74
61 90 17
86 9 55
7 43 61
16 76 96
56 67 79
52 74 36
37 94 87
15 78 87
92 1 25
21 28 75
36 48 22
93 23 92
71 11 66
30 46 38
70 57 46
79 28 24
72 23 84
33 50 12
92 24 14
35 29 96
0 9 15
77 6 84
14 81 89
14 70 71
96 69 30
37 85 88
61 22 48
83 56 5
15 7 6
33 69 39
28 10 43
73 54 29
66 52 35
80 58 6
73 12 96
96 14 49
64 54 34
42 71 97
37 90 36
32 73 57
60 69 45
56 21 1
46 35 20
70 90 14
71 25 11
9 32 21
98 78 11
64 57 1
88 94 33
43 91 34
34 13 88
45 93 61
62 80 16
15 17 91
10 54 99
8 76 82
16 90 33
92 51 66
32 25 86
27 62 9
24 98 32
42 50 36
95 4 45
98 76 24
32 45 69
12 35 60
97 18 97
33 13 45
95 23 12
22 21 5
56 63 80
17 45 68
41 71 4
96 38 15
88 10 57
57 84 34
93 29 53
49 26 1
51 25 94
14 6 5
66 70 0
88 29 17
13 14 54
26 46 56
99 99 7
26 93 99
31 57 81
65 51 54
25 70 57
19 83 86
92 35 34
82 32 40
96 51 17
72 2 8
66 60 17
76 22 46
95 27 20
94 87 6
8 43 28
93 16 65
2 62 69
3 70 69
39 34 91
35 95 54
73 85 25
12 53 57
17 50 51
11 16 51
2 91 95
6 75 9
23 67 13
45 55 35
60 53 40
8 4 31
31 64 76
79 20 18
88 49 82
2 87 57
80 93 12
72 37 91
77 63 26
23 28 13
98 50 62
72 31 63
65 77 43
48 49 8
17 71 72
50 5 20
95 26 69
8 70 35
46 22 55
41 26 34
58 64 56
42 92 53
83 80 70
41 64 90
22 70 0
77 97 92
51 18 27
40 12 84
66 98 66
65 69 99
67 43 62
32 20 20
15 63 1
73 2 63
67 24 89
73 22 95
81 71 98
28 97 35
72 94 16
74 63 55
16 28 2
88 66 87
66 31 89
5 28 98
36 12 57
5 76 11
98 22 88
62 0 29
52 37 53
59 81 41
79 58 4
19 78 39
89 91 43
36 94 94
51 49 83
97 76 25
28 43 37
32 63 14
10 40 57
53 81 9
63 66 44
93 54 56
60 27 48
30 65 15
22 79 14
93 95 14
94 51 67
15 11 17
94 35 97
21 37 93
61 54 84
0 64 25
34 89 48
37 85 76
34 81 17
79 1 68
87 43 87
33 12 46
37 76 81
59 32 66
74 51 56
36 56 8
8 1 55
9 72 82
0 15 38
1 92 97
43 93 53
84 46 27
33 42 69
74 44 26
34 19 63
53 81 1
34 69 90
81 99 40
75 39 90
83 32 25
38 10 83
22 37 93
9 40 45
64 20 33
88 59 38
53 15 1
51 8 91
65 11 17
53 73 56
74 4 8
81 7 82
3 76 47
9 55 34
77 33 65
7 80 64
46 96 16
69 20 37
13 72 23
67 54 8
61 98 94
0 36 87
35 88 31
32 29 65
15 54 33
88 41 0
34 30 27
8 19 49
0 63 58
49 12 11
16 12 20
56 4 72
65 81 71
53 50 27
28 33 35
50 49 82
66 66 42
83 22 80
41 22 22
65 52 33
1 92 77
74 45 97
28 78 71
12 51 53
94 14 79
84 71 20
94 22 3
2 90 77
2 84 37
50 80 19
67 96 92
95 96 83
37 22 18
22 71 1
94 36 34
42 87 7
91 96 17
29 77 72
52 82 81
72 62 20
44 51 81
9 2 56
55 0 60
12 14 53
29 46 39
47 58 47
37 40 36
30 1 65
10 65 93
49 49 92
9 1 18
63 70 82
23 18 93
80 96 10
41 93 5
71 90 79
45 34 67
7 88 81
92 43 16
55 46 88
49 78 13
55 39 93
44 49 81
9 59 76
94 10 1
48 4 72
17 58 98
29 38 86
87 66 87
59 77 49
74 91 91
15 33 8
14 8 73
89 22 93
55 15 12
44 68 51
40 40 25
9 4 31
55 29 26
65 45 41
87 41 76
52 48 79
46 93 23
73 55 30
16 32 9
69 49 8
67 12 97
6 24 37
23 79 13
64 85 75
89 94 94
67 90 7
12 20 40
70 68 9
98 16 2
57 30 60
4 95 49
96 95 21
24 62 76
44 77 74
39 28 4
72 90 16
51 99 20
80 31 41
20 33 24
55 62 81
4 18 45
21 82 55
17 80 87
2 36 21
39 9 83
59 8 67
32 82 87
77 63 68
70 71 49
12 72 85
98 92 20
86 94 35
43 29 75
27 27 69
94 37 31
55 16 95
91 35 90
82 13 61
71 90 32
32 21 25
0 33 59
32 85 67
35 12 88
76 41 72
19 82 23
69 56 92
31 9 37
52 6 80
6 22 67
18 94 11
81 95 53
25 91 64
98 17 38
93 18 27
74 12 98
92 60 20
51 28 43
20 93 50
51 49 25
67 55 91
98 76 79
3 26 92
17 94 24
69 31 87
89 45 64
23 15 87
67 54 94
8 63 70
89 27 66
87 96 96
3 91 14
21 24 38
51 37 26
86 57 57
47 66 83
9 65 47
92 33 45
70 32 24
9 7 21
7 76 17
44 44 93
2 52 73
14 40 79
52 36 0
5 84 37
63 12 86
64 83 12
83 48 32
32 25 48
83 33 73
12 86 23
39 3 8
15 69 8
82 60 98
24 15 11
85 49 42
68 39 3
76 79 32
39 52 86
71 11 53
89 67 88
30 42 14
77 13 96
17 6 94
65 43 8
38 90 34
9 51 94
23 78 83
97 31 94
9 0 54
30 10 38
50 63 51
54 71 56
83 20 78
79 14 51
53 62 81
26 28 58
65 59 16
64 43 68
7 78 10
88 64 47
2 10 19
10 48 39
23 19 10
37 12 88
82 97 47
72 86 34
35 87 55
24 58 15
9 57 38
38 3 38
26 71 56
30 66 30
73 7 30
6 58 37
55 46 86
34 20 61
92 43 17
62 14 39
89 4 42
58 9 58
67 19 26
75 46 12
40 10 0
49 45 47
28 1 64
45 57 37
84 88 29
11 25 43
7 36 54
82 47 30
32 99 91
85 57 66
36 48 70
70 14 37
45 87 46
33 30 64
17 70 10
59 80 96
84 55 7
69 39 4
55 35 74
6 75 15
65 84 71
42 16 13
81 32 42
16 13 27
4 75 50
31 62 5
42 2 29
9 89 64
91 72 68
6 20 56
30 50 94
55 38 84
93 25 15
36 39 37
13 38 71
24 67 16
25 29 98
10 93 62
95 78 80
56 56 73
36 42 84
25 87 19
70 15 58
38 98 85
37 4 37
21 45 38
66 52 52
61 81 31
40 55 14
21 42 23
25 33 37
17 89 35
67 45 64
14 20 43
57 79 44
28 70 83
61 40 45
59 4 23
96 49 16
83 56 7
76 29 89
27 15 51
50 29 44
34 24 30
26 99 64
85 12 21
86 11 22
40 57 3
72 51 4
71 7 49
16 4 5
18 7 94
54 18 78
63 38 73
59 91 0
15 95 30
85 81 91
24 65 23
91 51 61
41 49 10
30 77 56
93 34 89
7 67 72
21 81 84
39 59 4
61 97 72
53 93 12
34 21 60
47 54 28
61 98 86
55 7 51
16 69 12
47 22 79
85 89 0
35 13 61
72 37 10
19 48 62
68 67 8
18 95 24
24 26 69
18 98 15
23 79 6
17 39 82
80 58 68
11 36 59
67 1 49
43 34 29
39 92 55
16 68 13
34 30 63
85 12 71
88 3 75
76 81 92
18 83 2
83 97 52
37 23 50
5 62 54
63 74 76
40 67 89
3 82 68
12 53 25
24 22 58
50 83 54
55 41 95
64 11 68
58 35 74
6 91 74
18 63 9
14 42 30
45 33 47
52 8 79
50 3 17
92 93 56
40 91 5
91 35 46
75 29 30
15 31 62
8 21 49
21 25 64
16 98 80
96 40 55
78 98 91
67 76 50
94 30 1
17 98 99
8 74 14
87 10 55
9 42 45
52 83 5
56 39 58
51 56 82
12 24 27
72 16 77
63 22 77
48 0 12
6 44 60
43 45 94
76 5 83
30 2 53
30 40 24
61 10 89
92 94 58
2 27 36
12 58 71
52 27 59
36 30 95
13 81 64
32 23 25
89 64 44
32 57 99
31 51 94
21 16 52
31 67 83
30 40 63
81 29 27
8 80 28
8 68 71
87 95 98
30 42 62
11 52 48
42 90 34
34 98 46
19 96 13
10 5 30
87 69 64
70 76 2
34 6 55
44 40 25
54 31 0
8 79 29
44 21 68
35 18 2
49 65 82
13 78 58
32 45 57
18 55 99
24 18 11
89 47 80
60 68 45
56 9 40
32 71 59
50 53 6
91 53 66
57 42 94
63 25 16
67 67 45
32 43 16
24 29 39
40 92 32
43 47 92
55 36 11
43 46 92
2 83 35
10 3 57
65 46 17
36 32 68
32 47 65
39 86 0
77 18 24
90 97 27
76 29 67
11 95 9
72 28 65
34 93 93
71 10 12
63 93 48
1 55 66
85 33 51
65 28 86
82 50 71
62 47 78
54 52 59
72 53 28
42 52 58
47 41 30
11 85 50
6 0 67
92 44 28
8 68 70
94 39 32
3 20 57
98 57 78
3 58 9
69 25 89
2 18 56
39 86 16
11 98 30
9 28 44
52 41 11
72 61 19
53 20 77
82 96 55
70 65 78
24 41 74
12 90 45
20 24 63
60 80 30
25 29 59
10 70 22
79 31 7
26 9 32
70 15 57
18 82 73
1 64 69
31 4 53
43 11 68
67 46 66
87 49 43
40 29 32
25 65 47
30 74 57
15 4 56
46 32 17
53 45 21
26 37 24
24 50 76
65 98 50
1 72 78
1 40 72
25 21 32
33 19 60
19 72 25
24 99 81
0 85 20
73 15 37
24 90 64
27 57 65
1 38 20
32 43 62
31 74 56
80 94 13
53 89 19
21 71 55
11 98 29
70 8 73
12 52 94
34 93 96
1 31 53
19 47 61
69 46 91
67 81 80
71 77 63
11 96 18
59 64 15
95 82 58
56 10 39
38 73 87
5 63 55
1 29 86
22 62 77
32 15 93
28 57 77
18 82 52
39 4 5
88 50 72
12 45 31
33 6 85
82 52 86
75 83 92
49 54 2
91 20 44
14 31 62
41 4 23
63 81 30
36 85 66
67 51 84
82 35 57
64 90 77
53 47 90
53 12 16
52 76 91
31 12 46
99 65 25
6 5 74
89 11 59
78 65 55
30 57 96
64 66 40
60 57 50
93 41 94
0 17 38
58 11 7
62 13 99
28 27 70
24 7 11
53 30 48
45 81 79
18 78 38
75 1 86
87 62 49
84 51 60
69 3 32
43 39 25
21 80 29
22 82 85
93 67 10
69 91 13
10 40 83
42 92 79
76 71 0
77 73 81
23 5 35
24 55 16
62 82 58
2 9 84
9 47 39
85 38 87
15 98 22
33 44 69
32 6 86
90 2 57
18 30 15
3 93 28
54 97 26
98 16 50
70 65 26
46 33 16
94 61 98
54 47 79
6 80 3
70 26 12
26 95 16
90 77 10
87 69 94
21 39 99
48 23 12
23 44 8
91 12 41
84 63 41
41 91 33
16 65 49
10 1 55
58 36 88
57 18 97
55 99 7
39 6 5
87 42 88
30 23 86
62 32 80
41 90 57
66 94 58
4 23 62
71 86 60
90 21 44
11 96 13
72 30 88
25 91 76
60 28 48
50 3 56
61 99 89
20 42 10
7 71 85
83 9 61
15 42 86
43 15 69
74 84 25
1 29 57
23 14 86
79 93 33
88 1 4
29 10 82
62 69 17
80 34 26
86 68 64
11 79 40
46 64 77
94 81 0
69 73 92
46 37 53
39 3 9
70 45 90
72 94 88
31 79 96
9 50 56
77 15 41
73 52 29
60 13 88
54 51 60
70 86 5
23 31 21
71 30 26
12 52 0
19 79 27
87 50 73
32 77 28
90 90 75
93 94 56
11 25 26
35 47 23
10 98 21
17 31 5
32 51 20
54 1 38
16 26 0
91 89 74
2 54 70
6 67 6
43 89 34
14 92 74
69 72 91
78 27 39
99 55 52
5 7 76
15 20 42
53 14 77
39 77 38
11 58 37
33 34 53
78 21 16
87 62 17
69 11 21
66 97 61
55 22 2
79 4 80
45 79 51
32 88 68
59 95 53
37 36 90
91 93 18
23 59 13
14 87 24
87 87 86
23 38 62
47 23 78
64 70 81
98 45 32
13 18 23
99 62 48
33 22 6
94 9 98
17 84 73
65 24 3
76 93 3
63 81 57
52 53 34
5 40 0
81 69 46
51 30 87
84 20 95
72 89 31
34 58 60
14 21 5
46 88 7
36 2 64
82 86 53
8 91 90
33 50 68
4 82 37
58 61 84
94 9 25
14 5 4
54 43 76
28 16 48
74 73 94
45 92 92
86 82 36
18 2 47
82 70 90
66 14 94
10 97 17
55 53 66
14 0 70
17 98 16
62 12 79
99 50 61
54 27 31
20 94 68
47 77 39
52 48 64
51 32 58
93 36 89
55 9 14
31 98 12
50 63 76
35 12 57
1 36 38
16 99 1
23 24 85
72 91 14
32 47 88
56 14 13
24 19 92
11 81 1
23 38 6
43 25 84
33 7 53
25 20 58
15 15 82
52 78 76
26 45 37
10 6 91
80 5 81
13 44 86
45 64 77
87 84 71
82 60 90
28 40 30
51 8 41
73 0 28
36 41 85
45 65 40
25 27 41
38 0 68
23 7 38
93 29 35
9 30 19
36 74 20
3 23 61
78 23 20
47 74 71
19 98 14
54 44 37
61 70 67
98 30 95
98 29 65
74 81 32
30 8 36
2 40 7
95 63 48
8 43 29
96 5 45
65 42 68
28 50 54
20 30 13
13 77 53
89 99 96
60 12 89
92 29 70
10 58 37
42 61 55
56 14 15
32 63 21
87 68 28
76 3 71
87 62 44
71 88 92
30 44 89
67 55 92
78 62 22
99 94 93
89 49 72
38 71 6
50 43 97
49 44 63
6 77 10
64 93 84
52 83 9
70 31 88
72 27 51
12 95 11
19 91 4
92 20 67
96 95 25
18 80 24
28 66 96
0 83 34
41 21 88
5 76 48
3 19 57
85 69 65
8 65 58
86 65 86
80 96 45
92 50 63
65 44 12
43 95 22
48 74 70
65 42 67
44 28 80
69 31 62
35 96 22
59 29 88
89 20 42
68 14 96
23 88 62
35 71 44
99 66 89
42 12 69
91 37 91
86 48 27
71 31 87
41 56 51
8 4 72
38 4 9
30 58 79
83 72 72
47 2 72
93 95 16
87 95 4
61 52 84
45 64 15
77 22 15
0 87 0
64 64 44
87 61 50
91 93 58
97 54 30
57 55 98
58 2 75
73 87 33
77 71 29
71 5 72
12 89 6
7 76 80
57 55 72
16 62 1
88 51 82
68 12 20
14 67 65
32 72 49
68 46 65
60 18 41
88 56 70
55 24 7
18 20 4
69 90 32
66 78 42
94 35 90
25 16 10
78 28 78
9 36 24
32 39 77
81 5 28
62 27 53
51 69 21
59 94 71
60 8 62
80 56 73
97 39 83
44 60 3
90 36 96
57 12 7
13 26 27
52 35 99
70 40 5
79 33 26
87 65 96
15 69 6
26 64 46
65 65 42
59 95 32
18 34 62
6 31 5
60 64 14
22 70 31
27 92 99
49 38 24
29 70 44
81 51 73
2 93 40
60 43 96
41 16 70
3 38 22
12 80 63
93 91 52
99 36 80
62 64 25
77 78 33
66 32 65
52 37 0
15 30 90
44 28 79
82 33 23
52 24 93
40 8 23
33 7 58
10 20 84
23 66 52
32 59 97
95 78 81
51 83 80
60 83 33
93 79 99
39 74 89
62 39 74
76 55 92
42 7 69
47 43 58
52 14 18
97 57 79
8 75 15
16 78 86
86 81 33
35 66 86
6 95 49
1 76 45
92 95 57
65 73 85
33 46 88
99 5 89
55 74 83
30 66 33
91 51 62
2 37 39
98 51 56
46 77 69
20 16 52
74 6 29
69 38 7
36 10 10
88 87 36
43 5 74
31 52 21
80 24 47
81 27 49
15 33 22
51 85 44
24 92 34
98 4 13
74 36 11
8 53 78
47 57 80
23 26 58
52 97 71
92 3 33
5 50 88
49 78 8
86 96 10
91 94 58
55 43 59
85 72 20
45 72 16
40 51 15
80 87 75
75 64 94
4 18 54
12 59 57
95 22 39
41 57 50
3 4 84
26 17 9
12 80 1
19 42 9
43 94 23
40 91 56
56 74 69
14 96 99
30 14 11
70 99 71
3 45 86
32 34 54
65 41 94
34 17 1
13 46 31
93 45 28
31 67 94
32 97 90
42 31 90
97 23 68
70 90 62
63 56 35
25 79 37
52 12 18
36 88 56
77 28 66
28 34 36
95 95 58
38 38 38
30 25 85
38 77 82
16 68 48
91 39 92
5 66 7
2 9 2
76 4 84
4 66 25
82 6 27
90 9 16
67 75 49
83 75 24
53 4 96
44 87 7
16 57 69
55 87 16
24 40 8
44 30 2
41 70 33
98 35 82
90 27 17
29 73 56
19 97 66
4 72 12
59 63 56
82 22 28
33 66 28
6 36 73
30 75 55
17 1 11
1 73 66
50 50 92
44 5 73
73 37 75
2 40 73
66 68 25
11 33 53
9 79 29
45 94 23
5 35 91
86 9 60
71 23 10
3 35 84
45 88 8
33 18 22
38 39 0
91 39 62
38 29 14
55 81 67
67 61 89
19 2 68
53 28 48
90 92 44
4 89 47
3 78 66
58 97 52
20 2 46
59 35 24
84 70 65
96 76 91
79 96 47
57 4 24
29 78 70
95 10 97
50 4 18
10 40 84
13 51 99
14 81 67
49 3 71
84 53 60
6 59 34
38 38 62
72 98 66
94 8 99
45 93 23
65 29 85
47 94 24
59 90 2
67 59 72
84 80 31
47 88 94
96 28 20
9 15 97
57 21 14
7 85 84
1 50 6
56 73 89
74 24 86
54 10 40
31 47 65
45 54 91
10 80 30
62 74 77
92 79 43
18 52 83
99 67 27
69 67 9
30 65 34
40 47 73
84 10 60
64 12 16
10 0 19
16 6 5
85 13 82
32 52 86
38 60 93
69 84 9
25 69 20
46 86 45
22 81 28
58 69 7
23 78 37
5 66 5
3 43 24
78 55 63
82 9 81
86 70 63
35 57 61
20 9 45
42 52 94
43 70 34
55 9 61
19 62 78
58 62 82
88 50 8
98 26 64
74 92 89
0 46 97
74 51 83
82 31 24
90 38 92
70 18 38
44 91 92
98 75 88
10 9 95
21 31 92
48 78 7
74 47 11
98 92 43
71 33 26
48 54 3
56 81 19
99 25 65
86 67 52
7 0 54
63 71 81
86 10 96
36 79 11
51 3 16
74 32 99
65 32 22
94 83 51
3 34 89
35 39 95
41 51 36
99 13 8
61 3 78
27 9 43
52 50 26
97 68 29
66 36 55
48 3 56
68 46 92
61 53 41
79 38 17
79 26 22
66 83 70
15 11 27
91 74 71
83 81 93
53 47 80
94 58 59
52 19 34
68 67 78
29 64 96
78 63 64
8 21 47
50 70 93
70 55 44
19 19 7
70 3 10
96 49 18
40 62 46
43 4 74
67 8 12
27 81 47
10 26 44
65 10 5
73 48 27
94 82 53
60 30 71
52 79 0
19 29 38
41 93 23
72 1 62
35 62 3
8 49 34
89 64 43
23 63 76
38 35 91
24 48 68
99 91 90
4 16 70
9 32 18
16 69 17
63 70 98
33 32 76
9 41 45
4 34 90
77 51 60
47 66 11
95 10 99
86 41 89
81 20 27
89 50 71
81 95 34
47 88 82
30 7 37
43 14 40
9 16 96
28 69 9
83 96 48
50 21 33
39 50 85
76 22 15
14 87 26
65 66 83
43 92 75
48 87 35
26 12 94
17 72 21
67 47 77
92 67 88
22 28 6
16 19 47
51 93 48
63 22 78
6 81 4
79 72 30
29 67 81
62 66 52
82 97 51
94 9 59
79 34 81
66 66 41
15 21 10
77 7 17
62 70 68
99 26 25
31 87 69
65 51 36
25 29 96
19 49 87
67 76 35
26 21 31
11 7 92
47 62 17
69 89 64
18 22 23
75 46 10
14 67 51
71 13 73
93 32 13
0 92 98
80 7 33
43 96 53
44 49 39
29 57 78
83 71 64
31 91 43
22 47 23
38 93 95
72 76 62
99 25 5
61 91 67
90 47 9
58 94 72
32 72 31
45 34 46
75 51 57
18 37 59
50 99 43
25 41 72
93 15 25
38 65 51
36 69 51
53 22 37
52 5 60
17 67 48
61 83 23
28 92 43
2 34 84
48 13 6
84 46 39
40 58 81
9 50 36
58 43 95
24 57 16
46 1 71
94 42 36
6 67 72
27 75 0
91 7 69
29 6 57
54 8 42
3 74 47
15 80 66
94 22 13
11 59 37
82 36 29
98 30 94
72 7 31
28 5 76
2 62 92
50 80 45
28 69 43
52 19 76
71 90 15
13 99 24
55 35 62
78 90 27
17 64 8
3 70 85
38 10 42
16 14 81
77 12 98
11 24 6
5 18 55
6 30 4
73 37 22
78 6 18
33 72 58
31 25 40
76 40 91
57 10 60
73 50 27
53 40 9
91 36 45
50 80 63
13 51 93
88 50 7
16 30 16
14 37 80
41 25 43
85 40 87
78 32 25
56 70 85
97 25 78
45 64 25
18 87 38
12 71 72
46 4 71
33 41 92
13 63 7
13 13 33
21 15 51
48 3 54
12 94 10
97 19 98
51 96 14
68 65 26
6 36 92
20 49 20
94 50 17
45 94 91
28 84 79
97 15 50
38 18 10
15 12 16
19 54 42
33 13 29
98 55 29
73 46 50
54 42 96
30 91 42
37 70 80
9 58 74
61 42 96
56 55 73
1 99 6
86 45 88
73 42 71
43 60 10
77 22 63
42 47 91
65 47 18
97 10 95
34 45 68
37 13 87
57 92 99
66 87 17
30 68 93
72 99 27
36 22 50
57 34 92
79 37 30
92 39 65
14 91 73
92 54 56
29 11 38
50 25 60
69 81 67
8 37 56
14 19 43
4 40 98
54 61 81
82 80 71
77 74 37
20 55 51
61 53 13
80 77 73
92 7 76
42 26 85
78 97 91
40 70 33
87 64 43
70 6 50
35 38 40
92 7 70
54 90 66
45 79 73
14 63 4
25 97 69
10 45 21
37 53 79
41 66 90
10 62 87
56 64 65
82 76 26
1 63 25
0 96 44
41 47 54
55 17 94
42 47 40
46 18 45
12 98 25
50 95 48
30 20 25
37 86 50
96 28 64
21 22 23
6 69 40
13 56 58
89 48 81
65 67 41
45 98 38
76 77 80
31 98 89
63 68 97
82 58 32
94 80 22
3 53 72
8 72 86
90 10 89
7 87 83
45 97 38
84 31 86
61 55 72
63 10 63
22 29 49
62 16 4
69 57 96
71 70 49
24 28 38
65 94 92
44 23 69
9 74 82
1 62 58
3 36 85
32 63 4
39 69 7
1 71 78
58 17 67
90 5 13
1 92 96
20 60 33
49 38 49
98 95 94
20 62 79
29 19 25
83 59 91
23 80 12
3 78 79
84 37 55
24 18 91
68 25 53
51 18 75
74 65 94
38 85 88
9 84 31
77 15 50
55 10 62
99 6 88
22 32 22
50 80 77
17 71 22
68 55 93
64 71 44
64 22 61
11 72 84
72 51 85
91 67 84
38 68 90
17 13 83
19 83 51
0 93 95
78 32 41
16 39 22
55 0 6
85 36 56
26 17 10
52 20 77
92 9 76
30 17 77
95 29 21
68 77 34
41 53 95
91 6 71
20 70 54
8 49 37
30 27 74
33 57 97
69 61 71
1 69 43
88 21 43
43 45 51
51 48 90
11 79 44
67 60 19
94 52 11
94 17 28
17 5 4
99 30 26
83 20 96
7 66 5
30 15 66
16 33 8
40 66 92
14 5 56
43 24 28
95 11 99
42 15 42
47 99 88
7 64 49
26 94 56
81 70 61
31 28 45
95 93 72
57 34 74
76 73 37
82 51 73
14 22 4
22 31 38
38 70 7
10 13 76
56 35 35
31 42 61
15 69 47
44 83 56
58 94 56
81 99 15
60 94 36
43 72 43
3 15 71
86 68 15
62 13 87
8 84 85
74 2 87
42 38 25
11 10 96
38 83 29
65 45 17
70 55 7
47 34 14
46 73 35
58 94 79
87 53 66
8 62 71
79 48 72
30 69 9
73 99 77
83 30 25
33 79 16
96 31 52
15 37 80
7 58 32
26 58 55
32 13 46
2 12 32
2 83 36
31 92 43
59 63 12
86 34 50
60 40 83
83 34 56
22 72 40
89 68 2
63 71 46
75 72 63
31 45 38
55 33 67
29 28 84
87 92 32
18 51 27
36 12 58
97 81 42
20 77 94
99 86 46
22 89 62
70 15 68
10 54 35
72 4 84
8 54 3
79 74 30
25 9 78
9 5 14
26 76 28
23 82 11
43 31 1
9 73 15
27 63 46
57 79 43
86 44 87
95 40 32
42 23 22
65 82 58
6 95 48
92 31 15
34 2 43
56 41 94
42 79 12
33 67 29
72 75 63
32 39 16
72 88 93
99 93 20
30 27 69
42 42 77
30 62 66
95 20 66
76 63 39
79 31 25
85 68 66
82 60 73
25 47 23
65 17 20
4 63 93
16 94 93
52 33 10
49 23 31
0 89 47
4 77 79
25 38 94
73 72 61
24 42 52
13 77 54
16 41 86
88 84 39
59 3 49
51 50 81
15 96 0
16 13 62
54 8 81
0 85 2
76 62 23
24 7 9
77 77 52
47 46 46
57 28 34
86 97 11
37 93 56
68 14 94
0 78 59
73 29 7
80 95 11
27 17 1
87 93 33
99 81 35
0 54 3
50 7 81
77 92 78
71 30 86
7 61 72
72 52 9
74 16 38
84 70 93
55 9 51
38 5 33
22 2 34
88 71 13
27 71 55
73 46 98
60 70 44
73 23 85
3 82 38
73 3 8
21 48 34
68 7 85
42 65 91
67 97 91
14 39 73
98 57 81
60 4 76
47 99 39
98 86 20
41 24 35
35 92 94
26 8 76
12 12 53
47 37 22
43 78 12
57 5 25
59 30 63
93 27 68
24 6 13
51 53 7
62 57 21
97 39 18
24 18 12
20 53 42
16 8 7
32 16 92
49 13 83
20 31 26
57 16 67
17 83 53
29 28 47
3 19 44
52 13 20
19 38 91
30 9 83
43 91 4
60 78 98
78 37 17
20 26 3
96 27 69
17 72 29
82 45 41
69 66 79
38 94 88
18 19 5
54 32 0
55 10 28
25 92 34
35 0 87
60 54 83
65 95 92
44 69 13
64 40 48
69 68 9
81 79 70
85 42 53
63 72 70
63 30 21
58 94 80
40 92 55
1 64 57
39 69 62
44 64 23
24 79 35
39 11 42
34 86 54
18 44 10
72 13 96
45 50 68
37 48 21
30 41 17
79 59 86
95 17 98
56 39 61
83 47 97
43 4 96
81 32 40
37 86 67
48 47 52
81 97 9
28 13 27
23 29 74
83 78 17
18 90 9
86 46 28
43 22 29
20 81 84
88 50 81
51 97 12
0 67 14
33 20 94
78 5 81
31 65 34
48 79 12
21 69 28
26 50 70
52 60 4
8 66 46
42 27 33
2 9 19
8 8 20
47 71 70
21 42 94
41 3 83
29 99 21
71 66 84
97 61 49
50 9 91
36 11 11
8 59 84
66 24 90
2 48 8
63 30 27
33 49 67
29 98 91
50 94 47
10 18 81
45 21 54
82 87 30
60 82 31
53 29 48
87 11 56
54 91 75
32 26 48
11 50 52
85 81 21
37 5 12
2 5 72
22 60 79
69 54 51
30 67 84
33 45 67
18 91 8
89 48 50
49 21 29
40 77 53
3 48 90
13 23 44
6 44 73
25 40 73
31 42 1
38 41 37
56 58 48
8 80 64
17 66 96
79 70 87
33 47 38
21 36 84
86 69 16
41 7 78
46 52 53
84 48 7
92 26 18
90 49 97
64 24 17
8 58 39
9 27 45
48 64 80
85 39 90
56 31 60
50 71 30
40 93 6
1 17 22
82 45 96
10 8 92
24 66 23
60 7 19
33 80 17
61 77 51
14 94 10
73 43 12
92 92 58
65 88 16
33 81 25
29 2 65
38 39 99
90 14 23
49 66 43
82 5 26
31 21 23
16 84 52
56 9 61
50 65 73
85 45 27
94 82 21
78 32 40
74 22 87
63 20 48
2 73 65
92 99 55
43 52 95
49 1 40
83 42 41
32 63 76
54 21 1
85 97 88
34 36 78
3 72 66
13 0 41
78 4 5
27 56 64
34 18 82
33 11 97
54 18 25
70 85 4
96 39 16
14 70 9
42 46 53
70 79 59
47 3 71
17 63 10
22 92 78
45 16 4
90 65 87
47 33 15
77 28 34
31 25 85
81 31 74
71 22 49
55 19 52
90 39 63
82 60 72
70 14 69
57 11 39
47 0 38
57 8 60
80 32 35
14 3 57
89 55 69
18 65 97
3 50 7
8 64 48
10 52 35
55 13 14
6 3 72
95 77 92
37 95 95
14 77 57
66 15 73
34 48 70
21 88 73
58 76 53
3 40 30
91 90 77
69 89 62
34 85 50
78 15 50
43 62 96
38 66 60
31 65 29
27 74 1
98 98 6
50 96 13
22 26 40
11 19 13
23 6 10
16 57 97
77 4 82
9 24 24
41 14 43
9 64 94
29 46 40
15 93 93
42 21 89
84 9 73
14 57 69
15 93 92
49 98 12
3 85 38
3 86 58
23 38 5
70 92 4
22 49 49
63 45 77
42 24 23
53 42 97
66 6 13
51 95 66
52 85 83
55 55 75
50 25 59
89 28 17
42 17 80
48 74 62
87 81 35
28 93 0
30 86 58
47 35 21
68 1 51
88 77 94
57 69 67
90 22 95
11 87 33
47 18 46
67 59 18
84 15 32
87 87 37
40 52 35
57 55 92
29 57 97
88 11 59
30 52 99
99 88 70
29 94 40
43 48 82
4 47 91
15 54 35
34 23 24
50 58 93
5 30 5
27 20 59
20 71 22
27 74 29
53 7 80
25 75 97
50 70 40
33 20 22
7 71 84
8 39 76
71 51 10
80 79 71
48 85 54
82 96 33
29 54 1
87 23 6
23 39 61
49 69 90
93 65 73
45 80 41
78 75 7
76 11 97
30 98 47
23 47 24
50 83 35
32 6 53
5 61 35
24 7 65
57 2 74
75 46 50
21 51 18
22 55 18
72 14 38
20 18 1
72 45 25
79 27 23
46 64 14
82 2 77
28 63 32
66 50 45
31 89 47
89 39 80
5 76 65
53 35 8
16 15 94
47 67 84
48 39 70
64 55 35
44 65 25
19 82 75
51 13 68
93 27 19
23 91 78
82 95 33
17 98 79
32 51 73
41 4 24
40 57 83
9 65 3
96 86 8
33 86 68
14 2 57
14 19 45
33 18 60
40 54 36
65 92 63
32 8 85
12 13 53
64 73 69
66 76 49
77 63 14
96 60 94
27 95 15
45 39 56
72 83 19
26 9 19
34 20 59
21 71 98
38 87 68
22 82 12
32 81 24
33 43 68
73 36 8
97 15 49
73 50 75
5 3 73
60 51 83
61 58 51
96 61 49
91 8 73
3 28 5
94 51 17
67 63 59
32 72 60
92 8 71
23 7 8
92 31 13
66 13 17
6 59 33
12 43 31
34 47 27
32 46 89
0 63 49
41 85 16
59 29 61
44 69 23
65 53 35
31 67 29
52 34 98
63 62 90
78 74 6
61 4 77
18 28 89
73 55 10
3 71 67
41 53 35
27 11 42
93 39 30
18 10 67
80 27 25
31 16 77
26 91 98
27 66 98
27 16 9
44 54 92
64 23 60
43 87 45
45 27 78
20 2 45
70 6 73
67 4 68
33 6 52
3 79 79
32 58 98
9 79 27
53 59 3
80 91 73
38 91 35
33 96 91
67 64 27
9 48 38
21 69 27
77 33 7
15 58 96
48 78 45
31 26 47
31 83 35
13 38 72
82 4 96
43 53 93
50 16 60
71 41 79
92 19 69
12 21 42
7 57 44
82 46 97
42 76 12
17 56 98
86 32 51
81 59 7
89 22 44
73 42 26
62 22 41
91 0 45
32 67 31
80 11 81
96 3 46
61 9 88
60 30 19
98 62 49
37 67 63
23 8 66
35 38 38
28 82 48
11 5 57
15 7 41
66 44 39
14 96 8
81 96 43
43 29 1
72 13 72
62 13 15
74 11 97
80 50 72
18 83 94
20 2 48
60 29 18
61 2 14
8 35 24
62 26 16
56 31 76
82 6 96
11 39 55
23 22 16
49 80 46
71 4 64
49 99 18
51 48 81
78 73 31
62 6 8
45 37 54
1 67 51
52 96 47
26 98 18
73 61 57
88 49 8
67 41 65
51 42 96
67 41 62
23 17 33
53 72 37
62 91 18
38 76 28
17 79 85
34 20 62
48 53 73
57 38 60
84 14 43
33 90 47
90 50 63
1 22 88
78 10 17
17 25 73
60 84 43
46 18 94
93 96 58
52 3 38
40 3 6
69 80 0
25 0 37
92 8 74
78 59 3
30 98 90
31 58 95
78 29 27
16 79 88
65 21 61
16 12 25
97 76 80
3 53 70
45 65 24
64 43 15
91 19 81
39 34 82
60 82 59
68 33 88
75 91 90
63 32 29
34 31 65
82 6 83
30 99 23
22 7 79
68 69 47
60 39 3
70 81 60
15 99 98
37 61 92
64 30 24
38 33 19
10 35 53
81 29 40
76 40 94
50 48 80
52 78 1
70 31 25
20 68 80
41 75 11
47 99 40
64 22 79
66 77 36
22 66 53
73 31 62
58 31 66
35 41 86
74 2 19
71 45 25
14 43 86
61 36 35
58 10 10
35 48 21
64 60 72
69 89 63
65 99 48
43 14 68
64 60 63
41 6 96
43 97 73
98 85 77
63 66 51
95 81 39
44 55 43
9 37 55
32 28 67
67 9 22
94 64 74
59 4 22
92 63 25
54 9 81
56 82 68
99 86 1
42 73 44
66 12 18
2 22 63
93 52 10
15 22 6
83 18 6
60 92 99
21 70 29
86 23 5
19 72 31
20 3 35
67 25 85
73 1 19
3 9 63
36 37 39
56 68 78
21 29 38
88 81 31
36 14 90
57 22 43
16 12 19
99 69 1
34 7 85
38 75 29
36 59 62
83 25 20
29 80 6
28 50 70
78 25 22
29 26 69
89 35 93
61 1 30
24 30 97
23 41 25
35 84 70
62 71 20
69 6 44
91 38 46
29 19 0
43 35 58
32 46 69
53 29 34
12 5 57
24 29 66
43 90 4
83 61 41
47 59 0
74 14 31
30 15 6
66 8 23
79 65 23
19 94 23
16 33 23
5 23 66
68 44 63
5 45 74
70 73 76
42 5 97
33 14 87
27 67 81
86 73 19
83 68 98
15 80 88
86 10 23
96 38 17
68 41 66
53 24 94
4 27 99
28 8 62
3 98 53
98 44 59
81 77 54
58 3 75
62 90 68
2 23 40
14 43 87
42 40 83
63 78 16
32 5 54
64 57 19
28 67 99
63 94 47
50 16 51
22 45 81
51 25 86
82 57 31
83 69 91
1 99 8
31 34 65
27 73 0
1 30 85
18 6 94
56 29 79
49 37 20
38 39 1
50 45 63
71 7 29
43 87 47
17 33 63
20 30 37
50 81 35
45 16 46
69 20 39
82 9 62
99 50 67
14 13 16
33 70 90
27 69 45
24 47 23
3 43 8
86 3 49
1 99 60
21 15 81
26 71 57
13 87 24
76 43 28
82 18 7
75 76 87
11 50 33
72 32 99
65 97 93
81 76 55
44 54 50
67 0 50
22 39 61
65 12 49
24 86 17
18 97 0
27 84 78
87 81 31
89 65 86
4 76 48
76 54 40
13 7 5
68 54 92
14 20 44
61 76 27
48 79 45
82 70 29
64 57 91
35 33 13
92 89 83
29 16 77
