77 79 74
56 28 93
44 49 77
66 16 12
38 35 72
38 79 80
77 2 44
26 63 68
70 23 2
49 32 3
75 17 9
56 86 36
47 57 3
14 58 29
23 68 60
68 74 30
65 82 60
50 48 80
65 14 96
53 88 54
50 50 67
30 26 45
20 59 72
1 47 29
72 94 56
77 52 40
12 76 58
25 24 71
97 13 0
9 82 99
79 63 35
12 62 82
79 63 57
57 51 93
91 88 78
62 32 50
10 50 41
16 97 93
96 49 21
35 28 69
6 59 78
23 41 14
5 60 78
9 16 97
48 3 60
48 98 32
67 20 69
86 46 37
44 28 88
11 54 14
91 8 3
64 88 44
97 40 68
79 22 37
88 49 79
49 99 39
63 99 25
90 48 29
71 25 20
89 16 73
24 69 8
87 60 74
98 93 9
12 62 32
21 27 50
53 28 88
22 91 48
95 69 42
20 10 24
71 80 40
96 36 94
24 44 53
17 19 13
67 7 63
68 58 68
79 91 35
65 51 68
5 78 46
64 96 44
45 10 85
39 42 15
51 0 45
39 19 74
21 97 67
93 75 44
3 53 15
74 80 25
74 38 96
64 62 14
39 8 23
11 5 76
7 92 79
7 20 67
26 10 80
49 75 34
30 47 50
96 11 68
62 73 44
97 21 17
61 44 93
97 3 71
97 55 79
72 8 56
38 25 66
45 8 36
80 8 56
37 6 57
20 63 66
72 48 54
37 57 51
95 98 59
74 93 74
67 54 52
70 52 22
89 93 22
57 67 88
87 56 65
89 30 96
70 62 18
43 94 8
46 68 28
27 63 75
76 74 92
80 25 62
71 13 94
19 67 35
42 51 66
73 5 66
20 53 66
81 45 44
45 21 10
68 50 44
84 53 73
39 32 58
45 43 68
14 5 52
35 38 81
16 98 9
83 7 64
22 15 3
25 15 10
36 51 17
24 43 94
91 93 21
51 17 33
93 72 31
63 86 70
50 27 91
88 52 52
15 21 49
25 0 12
84 9 46
28 10 17
92 16 43
98 84 71
10 57 89
24 71 24
31 52 65
45 2 39
90 37 63
98 87 25
44 4 11
83 89 29
25 9 56
15 89 88
28 90 97
34 31 65
68 61 84
78 87 4
33 19 15
55 69 65
18 39 94
71 47 83
71 22 30
91 80 2
33 34 86
31 88 67
78 65 31
54 47 95
88 40 17
4 9 93
78 79 61
96 92 8
4 56 88
4 27 98
41 4 70
99 37 42
41 22 81
75 59 10
85 48 51
90 91 11
38 14 15
63 86 83
48 81 60
69 0 78
95 65 13
4 59 56
60 23 92
30 55 48
72 81 59
19 14 95
37 44 46
16 60 72
73 66 96
8 24 59
67 5 64
84 13 28
85 1 59
84 58 88
80 43 22
7 83 61
61 13 71
30 84 74
46 30 49
77 49 93
8 19 69
54 50 63
95 37 94
38 26 46
18 62 25
74 21 4
19 2 24
53 5 95
69 0 65
53 53 9
57 86 55
41 45 94
91 22 0
22 41 49
74 12 75
1 10 91
31 3 94
97 68 36
62 59 22
23 73 27
79 12 76
83 83 33
47 63 7
9 37 8
61 44 37
94 44 69
77 0 38
69 75 97
79 61 87
61 77 23
0 8 11
4 17 40
33 88 17
75 65 32
0 59 20
59 28 97
27 45 85
28 78 59
59 52 40
59 83 55
3 0 23
95 13 89
12 14 92
84 20 71
14 69 32
72 45 35
25 97 31
43 51 12
10 80 32
26 14 64
42 90 40
18 23 33
26 48 6
1 61 26
56 57 38
98 57 66
19 93 72
60 14 3
37 49 30
65 38 80
82 22 34
65 84 67
25 32 26
58 76 58
87 20 68
59 20 36
73 90 72
86 83 73
73 55 86
6 50 98
32 72 79
82 26 37
43 73 14
66 37 0
57 83 38
48 42 9
87 60 43
66 8 27
24 99 46
22 71 89
40 56 14
98 84 22
84 6 84
46 89 94
77 92 35
32 30 50
84 44 99
77 34 45
75 50 9
43 47 99
63 97 90
16 74 27
11 68 72
61 91 68
17 91 26
46 63 90
17 66 38
95 14 27
18 43 19
36 60 33
61 91 22
32 7 33
62 45 0
81 56 51
3 18 49
95 32 68
90 51 25
3 92 18
37 3 91
75 52 76
11 62 70
87 50 37
62 19 91
24 96 77
3 29 74
26 49 90
15 66 12
7 40 41
71 50 38
97 8 72
94 3 79
76 98 30
36 16 45
24 91 59
14 72 59
90 77 59
89 95 21
59 0 67
10 82 50
31 44 12
14 63 47
32 78 19
61 10 12
89 16 89
37 41 93
12 69 82
74 72 99
51 60 48
51 63 90
28 31 56
15 46 86
81 92 99
10 37 4
81 23 96
34 90 14
68 72 80
54 21 81
29 45 82
54 57 36
36 56 37
21 96 38
91 69 92
18 30 52
96 36 73
58 22 6
18 86 83
17 73 27
89 99 82
96 49 57
89 25 17
97 82 15
73 2 18
84 23 25
60 71 61
78 14 41
51 39 75
64 60 16
65 90 10
79 51 73
66 55 7
84 4 52
81 24 39
87 5 98
64 55 93
6 87 44
43 44 45
5 39 86
82 22 45
83 68 58
89 8 59
35 73 19
87 19 33
34 80 44
51 15 0
64 30 27
34 63 0
20 86 38
58 82 38
42 48 36
57 67 57
97 11 66
42 22 85
25 49 65
55 47 18
65 19 48
3 65 18
85 76 26
2 74 79
70 83 28
60 52 41
32 30 76
35 91 68
86 35 28
70 13 58
96 8 34
37 80 38
20 65 51
85 38 87
51 67 76
23 32 47
18 76 71
74 77 74
22 5 95
14 92 84
64 88 34
42 33 16
65 64 2
37 79 86
77 37 53
43 11 32
12 8 17
53 51 58
2 27 68
14 39 82
53 22 75
84 74 79
90 50 24
10 25 90
62 19 84
26 66 81
32 29 94
87 84 13
83 84 86
91 84 71
23 66 52
74 84 38
1 96 19
29 99 0
84 53 48
34 80 63
60 9 36
49 51 68
7 92 63
58 92 43
71 11 27
27 98 75
69 70 30
65 71 39
27 27 68
23 68 13
93 40 82
42 74 15
26 74 41
94 20 63
38 87 14
48 18 2
58 61 95
68 29 85
2 93 71
96 35 11
39 92 87
18 65 17
3 66 19
55 0 64
0 34 41
16 81 47
15 88 15
52 96 38
20 64 46
61 25 66
34 33 95
99 33 52
47 5 14
18 87 26
29 78 37
70 52 23
18 83 58
70 84 95
54 84 93
71 12 82
68 27 7
69 6 88
33 93 86
41 82 12
53 6 72
99 74 97
85 80 74
9 18 65
14 71 84
64 77 9
68 25 64
47 29 23
31 20 52
4 23 45
83 18 44
9 25 32
84 35 43
47 91 94
34 88 57
7 35 18
8 17 37
18 18 9
66 21 39
70 22 3
70 64 1
83 82 45
57 68 56
52 48 53
12 92 21
59 40 76
66 14 75
75 18 29
50 27 37
51 68 74
28 68 67
72 29 49
24 8 55
12 47 58
53 62 36
78 99 23
26 81 91
71 20 17
88 28 85
87 33 80
21 72 84
8 95 55
16 84 14
22 89 43
25 91 61
36 43 19
28 98 9
83 35 64
37 93 7
51 62 4
22 90 49
8 99 70
57 9 50
27 9 18
68 85 52
23 80 55
94 72 22
93 2 78
34 10 5
84 98 15
35 60 27
11 18 66
87 60 48
25 21 56
78 12 34
89 1 96
38 34 94
67 63 72
67 96 64
0 42 20
3 19 54
74 48 67
78 8 85
17 5 47
31 94 8
21 75 49
12 32 36
52 70 69
6 74 5
24 75 58
62 58 37
23 86 92
90 72 22
68 91 1
51 92 32
75 68 94
4 43 25
33 62 48
53 28 56
80 31 42
21 63 5
98 1 42
57 94 83
16 25 29
92 94 97
33 45 66
72 14 50
78 22 4
45 63 44
51 81 48
82 79 74
43 72 73
91 63 98
26 76 49
30 99 32
37 14 89
45 18 55
33 44 1
77 38 73
59 67 6
56 8 89
64 45 7
19 22 21
89 23 76
22 2 53
24 27 95
44 24 69
26 86 97
30 96 39
80 84 37
47 74 93
95 56 21
0 29 78
40 4 59
34 24 3
75 64 36
44 37 42
90 2 7
38 64 13
55 98 89
11 19 67
68 28 86
61 36 94
62 87 34
61 58 22
27 44 32
71 12 62
36 49 25
3 77 36
8 39 35
82 72 4
88 32 49
2 13 2
65 45 9
81 42 91
41 38 41
95 36 24
5 34 71
26 18 53
84 82 77
14 40 7
6 73 51
34 15 9
21 27 51
84 66 99
11 78 75
67 9 47
15 0 15
82 69 42
73 62 95
70 63 91
57 93 98
51 96 22
31 17 77
43 46 29
43 33 90
73 11 2
65 85 58
69 33 41
33 45 0
49 69 91
52 96 73
96 69 98
86 57 21
14 23 7
27 72 96
74 0 42
71 63 49
76 62 47
51 42 44
50 38 68
16 36 25
61 85 91
86 29 82
21 74 13
28 59 96
19 52 54
38 62 58
67 89 64
47 94 69
15 42 26
1 24 10
52 59 29
96 22 97
14 57 99
45 70 19
7 53 39
0 70 74
89 14 12
74 4 32
30 42 24
88 94 84
52 89 99
58 90 86
70 46 29
41 5 37
71 11 67
82 10 58
14 24 70
7 73 52
73 96 79
66 64 71
95 31 69
41 52 78
29 43 43
47 34 99
72 53 16
75 75 37
52 62 3
56 64 40
45 70 31
75 91 12
74 70 52
92 9 43
21 63 22
14 37 21
72 19 99
90 71 90
88 75 67
96 29 20
32 30 5
73 9 37
3 26 46
39 17 87
7 15 2
75 85 93
59 98 19
42 62 62
14 81 43
48 9 39
94 59 69
72 12 93
44 78 82
34 72 20
63 89 73
75 5 53
59 93 18
4 65 60
25 45 9
14 0 35
4 65 19
2 1 40
5 88 88
53 33 90
43 72 11
71 64 1
53 75 61
23 38 52
56 9 37
20 76 81
50 96 73
68 42 65
18 3 84
23 46 18
32 72 6
72 92 85
78 92 36
62 54 75
86 67 84
16 60 81
18 4 5
69 15 12
3 21 77
98 15 44
24 57 73
67 79 51
47 53 53
74 50 88
77 72 20
45 46 59
10 9 82
89 0 94
79 67 96
38 35 60
96 42 85
80 60 67
16 65 39
93 10 21
50 68 42
17 62 5
17 61 29
27 7 83
49 90 61
79 33 43
8 46 83
36 7 54
15 12 7
97 60 49
55 95 94
31 15 67
79 13 69
46 38 24
0 94 87
85 34 35
20 72 12
67 35 16
91 30 62
26 97 39
56 8 63
13 44 60
22 58 83
63 4 8
69 95 40
65 37 68
15 67 24
25 44 93
44 53 89
66 11 61
31 49 53
81 23 41
34 52 92
40 73 1
50 32 43
46 97 75
59 34 78
1 2 83
90 19 42
69 43 5
23 20 27
20 40 40
53 74 31
76 74 38
84 82 81
95 2 94
70 53 99
51 70 73
73 44 51
13 86 91
98 5 17
71 4 14
30 67 21
5 38 28
1 29 33
48 38 38
59 68 74
21 45 7
30 82 42
6 26 23
39 63 66
32 34 56
40 58 31
27 7 76
50 96 92
28 12 68
8 19 67
99 37 82
85 32 25
91 89 26
13 91 7
71 67 43
40 58 30
43 11 98
61 44 99
17 63 83
20 65 25
69 93 58
91 10 63
50 39 39
34 43 16
59 62 78
74 32 64
15 47 9
88 84 81
1 78 77
84 22 52
10 72 43
82 46 44
61 41 80
29 79 58
73 35 51
94 56 38
34 31 36
80 21 36
33 73 19
60 42 2
62 53 95
96 7 71
97 70 6
77 51 23
35 75 75
12 22 48
14 8 92
47 75 47
31 76 98
15 30 19
71 8 3
85 36 90
61 37 21
14 93 72
28 40 49
51 40 62
91 39 51
85 99 3
44 3 54
69 77 93
82 80 24
80 51 43
47 50 91
54 76 7
2 35 97
98 56 79
80 78 12
49 33 43
1 79 78
12 53 54
15 40 64
53 58 15
60 38 90
46 96 50
84 30 19
35 96 13
88 79 96
28 46 63
4 57 76
58 44 12
77 89 50
15 85 63
77 45 94
8 90 9
8 58 3
38 77 46
31 69 91
66 77 84
22 78 94
87 36 25
95 65 38
93 84 86
69 85 50
42 58 97
82 83 46
80 63 99
27 81 32
98 15 91
54 67 51
18 2 27
78 27 42
38 85 32
52 94 50
47 33 96
28 11 28
38 41 56
24 98 96
2 48 28
53 16 44
64 42 97
51 17 8
70 92 49
28 2 25
9 1 15
35 54 88
37 44 13
1 23 82
62 23 21
96 60 0
98 33 46
86 82 57
38 34 87
38 30 4
20 99 86
98 90 38
57 92 27
47 91 47
49 68 10
30 96 21
25 39 60
50 73 12
13 16 30
94 79 75
89 89 89
63 23 48
34 56 68
10 70 40
79 34 42
79 86 28
25 51 89
27 48 26
68 93 38
3 42 11
93 76 99
35 24 24
51 14 93
56 72 62
70 5 87
92 32 15
40 2 2
10 19 2
54 59 88
91 31 18
17 46 32
91 36 58
54 0 65
88 23 77
89 33 9
12 4 76
72 49 54
78 48 81
87 8 13
70 34 4
73 72 48
37 69 78
43 24 27
5 21 4
92 57 14
27 92 35
88 92 44
2 78 52
56 37 85
73 88 55
80 72 46
31 65 74
55 71 8
53 23 85
30 91 74
36 82 99
1 97 73
43 19 99
82 21 94
49 85 82
75 69 51
58 18 66
18 31 30
95 95 80
81 19 42
84 42 84
13 9 23
18 46 11
77 12 9
65 78 9
95 54 42
16 37 85
70 96 39
29 71 27
94 26 83
97 16 71
48 96 10
59 4 88
43 20 60
39 79 97
30 15 30
12 30 66
74 29 64
5 54 50
73 36 59
74 8 47
55 48 86
50 52 8
73 68 74
21 48 30
45 15 9
18 23 20
95 64 16
43 55 20
12 78 8
78 53 79
13 45 59
19 26 75
0 97 40
67 31 32
14 95 22
48 45 3
5 13 73
51 0 80
28 92 53
3 74 19
20 50 56
35 2 90
32 34 53
51 3 68
24 30 31
19 16 29
79 77 50
90 14 13
50 73 2
98 65 15
22 43 95
14 57 26
66 34 90
96 4 31
83 20 69
48 15 99
47 95 24
24 81 49
36 0 97
11 4 50
82 55 28
59 90 6
56 2 35
9 66 31
72 56 29
57 78 62
64 13 63
35 23 23
35 90 62
83 10 35
50 43 74
37 89 83
3 72 83
54 31 58
48 80 55
59 79 48
86 39 86
87 61 6
40 30 65
39 83 79
49 36 35
66 24 33
13 15 92
42 69 47
82 59 6
12 13 33
46 66 15
85 10 86
16 34 67
5 40 65
18 68 55
21 18 45
81 49 1
33 95 58
71 19 25
41 20 40
23 95 14
25 43 4
7 55 38
18 2 29
59 41 75
27 80 53
36 62 51
18 76 34
45 17 43
92 63 99
45 43 6
9 15 13
46 62 94
19 48 71
8 40 77
59 1 71
30 51 67
21 21 99
73 84 27
65 2 24
6 91 49
91 61 28
5 32 35
34 77 81
34 74 75
6 68 89
17 83 81
93 19 90
32 53 15
29 76 70
17 67 30
61 12 90
67 38 41
86 59 34
74 13 7
85 87 10
63 66 63
70 0 72
17 82 47
67 55 7
0 0 87
11 76 31
9 77 38
91 79 66
98 88 68
45 10 80
33 43 80
6 22 51
91 85 56
64 47 21
33 36 28
14 60 50
29 24 79
21 14 35
46 45 9
42 21 88
10 44 98
51 80 93
64 92 85
83 60 11
4 57 58
27 9 93
43 56 21
14 21 44
40 58 50
44 39 61
89 63 51
55 48 40
54 10 78
45 63 12
58 14 44
88 35 52
51 71 70
12 40 14
61 19 57
15 6 41
47 16 23
31 10 74
35 88 87
14 70 31
57 85 37
19 47 25
60 92 92
56 37 78
79 13 44
51 23 36
63 35 13
29 96 40
68 32 17
63 55 71
25 60 14
53 37 23
6 76 62
83 57 47
29 47 47
11 90 23
2 5 40
77 35 62
17 80 34
16 56 54
67 90 64
55 13 45
6 12 90
40 61 12
52 90 92
60 26 1
65 62 48
45 12 1
67 7 77
75 47 37
27 4 74
9 27 25
8 40 65
76 13 60
34 97 46
49 64 22
47 34 29
40 11 75
46 59 81
1 50 53
3 44 26
14 55 8
1 51 81
31 9 3
77 66 64
6 97 28
77 23 23
80 91 98
6 54 39
74 20 92
6 46 63
39 85 16
33 77 80
76 81 16
22 47 49
13 69 57
58 72 64
80 74 9
55 79 54
31 1 78
36 25 23
18 23 17
51 15 13
2 24 15
1 24 82
34 24 86
94 81 89
3 64 99
84 11 76
33 13 10
99 17 63
84 74 25
85 4 51
80 18 27
79 31 41
57 35 40
63 92 57
0 15 85
4 8 40
47 9 69
9 94 41
25 36 49
23 23 71
34 45 30
12 76 4
10 10 20
22 14 80
65 36 48
27 28 14
95 92 20
72 81 85
55 77 76
72 96 7
79 92 87
22 73 86
27 18 17
34 84 68
77 25 9
5 53 68
33 46 66
4 15 93
32 88 66
29 68 43
17 23 81
82 37 81
42 7 13
78 52 39
42 68 67
2 20 55
0 2 26
84 52 54
21 82 17
92 40 82
15 13 81
67 86 43
25 70 9
41 30 30
21 9 49
0 69 57
83 72 23
8 72 85
85 67 31
16 33 86
51 98 85
61 66 12
1 65 29
32 55 24
86 99 68
15 5 62
95 35 99
88 17 1
53 33 65
90 2 34
16 34 54
35 81 44
52 92 30
77 21 41
87 22 69
16 54 90
80 44 15
86 15 76
90 69 83
19 65 1
24 32 25
11 88 86
90 27 92
67 61 15
6 74 39
81 96 38
73 35 10
14 33 11
52 78 66
54 65 22
78 71 76
47 71 23
12 27 37
8 11 71
80 58 79
63 48 20
20 10 53
1 33 52
13 61 46
94 96 18
45 31 49
99 94 89
84 49 5
80 5 36
64 41 89
75 17 31
32 64 49
35 64 99
15 49 66
66 41 63
42 57 21
4 72 82
75 51 69
12 68 7
60 37 57
48 63 70
25 94 41
54 23 31
69 67 78
5 44 17
60 49 33
39 45 61
57 78 99
88 56 55
68 81 82
54 44 87
11 42 83
23 40 37
37 23 28
37 77 77
48 22 50
48 62 71
11 6 66
78 84 79
53 10 23
24 47 12
29 69 68
26 34 70
28 44 4
47 96 89
19 5 72
31 21 6
39 69 91
71 68 8
47 87 32
0 80 25
54 84 8
22 31 29
71 68 86
10 46 9
58 83 66
27 69 68
24 51 77
6 76 89
32 5 88
8 78 18
5 2 55
91 68 97
32 57 33
48 87 87
47 11 1
72 70 25
61 92 95
9 66 46
12 16 76
95 84 70
93 82 32
39 59 75
33 30 56
62 13 31
62 32 80
74 21 5
93 93 47
88 44 72
21 5 26
41 39 94
71 88 61
7 6 41
84 99 13
77 53 49
9 91 28
25 58 72
79 64 98
97 7 44
6 97 77
46 42 72
60 5 88
15 96 40
62 68 86
43 0 46
17 78 92
92 79 48
86 11 62
88 70 66
62 45 23
11 10 34
86 7 33
40 15 25
98 85 56
83 60 4
98 21 73
52 45 1
43 52 38
72 69 69
21 66 89
8 97 30
91 66 14
90 84 60
22 10 86
54 94 95
14 83 68
89 18 80
32 76 98
26 94 83
67 61 71
18 23 79
99 35 58
15 96 87
69 71 44
47 66 75
53 73 22
97 54 23
60 69 38
66 13 7
5 84 26
87 42 6
39 41 81
74 33 13
43 11 90
78 78 49
49 20 29
27 23 39
94 93 93
37 35 29
58 84 54
54 43 24
18 72 60
47 72 59
62 45 76
33 15 78
7 78 44
21 6 98
73 62 74
71 34 68
61 35 93
75 83 19
1 89 81
98 16 21
10 25 42
68 34 46
1 1 75
81 29 62
55 24 22
85 70 33
41 3 97
88 93 23
10 40 95
46 11 2
32 65 81
51 69 80
95 13 26
12 35 13
76 83 22
93 68 9
80 41 51
71 38 14
87 19 37
79 14 43
54 37 39
85 92 54
25 50 60
38 45 42
14 4 57
70 71 49
71 38 8
74 33 12
96 93 49
71 76 19
21 31 8
68 36 10
74 7 93
1 62 58
86 91 52
66 65 1
33 5 81
79 91 40
10 64 88
95 9 69
56 83 68
52 14 0
24 61 32
89 81 30
56 95 84
45 72 63
0 52 31
19 65 58
97 53 9
5 28 82
55 45 81
28 6 83
40 25 20
13 64 48
49 2 44
87 40 61
67 11 5
76 80 43
60 71 31
2 33 2
42 91 41
35 59 13
86 59 3
26 63 21
6 59 99
27 33 79
74 67 34
51 87 27
25 56 34
86 90 11
55 81 28
7 12 54
8 44 75
22 56 80
54 60 58
81 6 56
40 71 99
55 36 79
17 20 42
58 13 7
27 44 22
69 42 98
39 49 27
95 89 34
34 17 41
19 91 92
12 6 66
33 94 70
48 5 51
33 62 18
37 13 32
6 14 37
6 8 57
40 32 95
33 48 69
48 34 99
99 68 66
67 60 68
40 83 91
21 9 38
13 17 44
40 10 49
7 96 29
92 72 30
62 52 37
41 72 99
62 27 46
48 64 45
81 56 98
68 47 97
54 45 72
96 58 31
2 90 73
96 87 72
22 13 19
62 77 22
79 94 11
16 45 47
95 85 87
81 36 49
53 60 70
62 74 21
17 90 94
54 79 88
82 65 43
0 43 40
36 97 97
93 10 42
97 75 51
64 78 16
92 95 73
72 29 19
59 17 22
76 88 12
50 85 38
16 74 75
77 75 37
93 62 67
76 99 53
40 51 5
2 8 4
41 18 76
89 50 83
37 54 98
30 34 97
46 81 78
67 38 73
37 26 9
70 85 53
29 28 87
30 46 97
80 51 44
13 89 75
83 70 88
85 55 65
74 21 16
37 45 30
82 54 61
61 56 55
89 33 49
93 65 86
89 2 77
57 55 47
28 29 85
61 36 12
82 94 58
3 50 71
96 48 58
42 1 9
38 90 78
52 38 63
78 23 22
3 97 73
6 67 19
8 30 51
45 95 51
38 77 65
70 54 80
56 76 25
56 42 1
18 22 88
73 65 13
38 59 57
61 15 65
67 43 66
96 56 53
62 99 70
53 33 12
48 3 45
96 98 94
87 26 41
33 33 5
19 76 29
70 86 0
73 38 53
99 83 45
80 41 86
55 8 64
12 8 2
41 20 91
15 52 94
34 30 10
12 3 76
35 79 33
96 39 55
18 81 25
0 2 75
2 19 96
78 97 87
45 9 71
43 79 69
17 98 41
27 64 36
30 2 14
51 59 22
51 67 48
66 86 75
48 5 10
97 50 16
55 10 98
61 93 91
71 5 17
65 51 67
65 52 22
63 49 92
52 75 58
96 61 37
99 94 97
33 33 15
36 93 93
16 91 38
57 8 9
14 50 39
44 18 74
7 19 20
86 64 69
53 22 43
52 68 56
91 17 55
77 69 18
78 56 25
76 27 48
0 42 91
67 36 31
83 56 93
45 18 9
38 74 3
43 16 28
23 15 80
66 45 57
21 82 59
56 5 31
57 12 73
96 39 69
64 28 90
55 65 10
8 66 53
74 47 70
50 41 33
30 99 80
23 40 13
29 65 76
87 56 80
0 96 63
81 11 59
14 76 4
49 39 39
77 22 42
94 45 35
85 21 48
7 59 9
10 1 0
86 5 25
77 31 2
21 91 85
58 64 73
92 70 71
43 3 56
20 98 83
86 12 61
23 90 48
95 9 48
3 97 70
76 31 80
77 45 65
67 16 11
60 99 58
6 39 10
75 45 74
14 13 27
75 39 25
59 82 7
86 41 33
53 55 26
27 47 27
8 23 58
96 32 68
16 97 94
33 3 75
41 27 52
80 12 68
17 26 21
60 3 89
53 90 99
8 12 43
98 94 83
55 40 82
8 83 84
59 32 68
31 80 40
89 81 18
23 84 28
68 25 6
0 91 93
18 90 93
27 28 69
54 14 65
51 96 26
32 38 29
87 13 68
84 84 44
19 49 82
97 23 66
54 77 64
60 78 99
56 89 60
37 52 20
33 64 49
74 85 45
85 40 20
12 26 23
22 9 8
87 38 31
57 23 20
76 38 26
65 78 7
16 71 22
19 68 24
70 34 24
82 29 0
9 26 43
20 29 35
78 12 69
26 3 83
54 44 84
58 99 18
13 23 47
80 37 79
57 76 59
33 95 71
64 68 72
46 23 33
58 17 93
82 50 14
33 73 21
80 14 6
96 17 23
67 94 31
89 76 23
7 94 4
5 68 6
99 92 14
29 19 34
99 32 82
30 45 86
18 16 5
19 39 23
37 56 79
56 9 91
28 34 69
32 37 48
74 30 41
47 41 26
87 4 44
58 62 34
86 59 42
86 90 39
89 80 69
18 26 74
43 62 44
22 2 47
74 2 71
90 57 86
54 17 22
18 27 12
94 8 82
29 78 12
20 38 84
0 23 11
21 80 31
34 80 33
82 21 30
32 76 79
86 38 63
60 9 84
16 81 20
53 90 13
2 40 7
68 37 42
37 51 4
65 7 52
55 59 32
6 77 28
36 2 88
16 28 82
26 73 24
78 91 60
55 20 17
15 85 14
60 86 55
67 26 56
52 43 4
75 37 84
1 36 55
5 20 78
39 42 8
78 54 12
11 50 30
36 51 21
80 51 74
88 85 71
72 71 57
40 74 21
80 76 49
35 36 76
91 10 84
46 30 62
22 6 99
12 61 38
14 41 6
61 52 57
62 38 56
53 52 60
83 5 65
3 94 43
33 97 15
73 6 12
60 70 25
73 92 46
81 57 61
56 25 86
19 66 16
62 54 71
83 42 36
58 8 8
34 0 23
29 95 0
91 83 22
16 97 60
60 40 56
71 94 79
43 15 96
70 53 98
72 37 8
64 46 84
83 59 10
70 43 93
44 49 56
55 57 84
19 72 96
59 19 35
12 66 73
96 58 57
90 60 54
95 27 62
3 51 33
99 69 85
90 75 0
7 77 27
72 92 65
56 11 99
25 76 31
41 0 45
20 32 96
40 72 88
94 46 34
24 56 88
19 61 56
44 11 81
87 15 71
9 83 33
34 87 11
0 5 53
42 46 55
59 91 90
65 50 68
84 33 45
76 67 38
13 1 34
47 39 72
63 52 32
76 56 82
95 98 33
85 19 60
88 65 59
16 99 50
79 84 65
31 16 36
13 10 70
50 65 83
11 53 28
36 8 41
62 21 85
54 48 46
86 26 62
35 41 19
29 10 29
7 97 32
9 88 20
7 67 70
60 3 4
49 65 27
93 22 60
51 8 2
41 57 95
33 25 73
79 62 76
41 88 65
7 89 21
0 78 77
80 50 64
71 10 95
0 91 25
72 94 97
67 92 82
22 61 63
34 93 28
75 74 59
90 76 28
24 77 78
63 9 23
31 4 73
42 30 90
47 95 80
25 38 24
88 74 45
54 28 11
59 14 7
1 81 38
49 22 58
49 64 32
22 58 91
0 1 8
44 47 61
67 97 69
94 83 9
50 35 35
35 80 43
52 58 23
28 47 31
51 35 76
40 34 72
7 87 67
49 24 15
65 42 62
90 56 64
59 11 1
76 21 11
13 37 22
80 3 47
48 64 84
89 91 94
60 79 14
25 58 71
50 42 57
16 85 11
74 16 70
63 23 77
1 82 0
14 99 9
94 44 42
9 28 66
44 86 27
90 71 76
95 16 13
43 27 3
13 61 32
17 38 67
39 91 73
64 82 61
77 67 74
53 91 80
30 4 46
43 15 46
86 14 77
79 18 97
31 78 94
55 56 37
99 45 61
65 46 47
35 29 98
20 24 24
96 43 44
0 26 71
44 17 27
12 34 23
40 45 62
70 43 23
92 25 21
19 46 0
77 38 7
61 24 46
36 24 25
16 88 45
52 44 99
89 90 61
75 12 29
45 30 45
94 69 4
57 52 25
11 20 44
62 91 94
28 44 3
60 13 52
69 42 71
32 27 45
80 61 24
82 7 8
66 63 70
37 52 17
2 84 64
81 80 41
81 1 14
17 12 17
97 9 69
69 11 29
49 29 34
69 84 51
19 0 90
90 51 56
77 50 1
22 22 74
10 16 98
25 79 47
41 53 9
16 49 71
71 73 56
5 83 34
82 38 78
77 59 21
97 29 3
48 25 42
77 87 17
51 78 80
68 59 67
58 33 77
50 74 43
21 87 24
63 78 58
69 28 43
77 13 96
72 82 68
11 19 56
79 56 54
89 51 57
37 48 90
65 98 57
24 22 93
7 28 73
0 3 83
31 82 31
30 61 28
70 85 62
3 97 19
26 44 12
99 72 82
75 36 90
94 38 95
18 53 96
36 95 15
32 71 81
9 69 14
52 52 39
7 6 89
82 60 28
51 57 62
20 73 78
52 18 58
96 92 3
64 6 88
85 52 27
62 79 83
66 34 16
65 72 36
42 56 81
51 32 53
40 34 38
19 11 47
13 78 7
50 24 23
46 45 99
48 60 16
65 52 80
66 89 49
84 35 29
65 66 97
52 87 97
16 93 97
35 92 32
56 70 78
74 14 98
45 38 60
45 99 51
17 93 4
16 35 59
63 39 9
57 62 46
55 13 63
80 78 54
75 10 44
40 95 54
37 0 37
36 58 93
26 6 59
24 15 56
18 16 29
80 86 6
25 22 14
51 65 22
96 35 34
77 84 98
54 59 94
36 27 81
96 67 42
66 76 85
52 60 65
52 81 89
29 74 3
79 39 60
62 79 31
42 55 19
84 17 66
13 12 73
87 27 61
68 61 25
25 27 77
29 86 61
78 98 67
80 30 90
25 72 98
65 9 1
6 23 5
78 32 23
38 23 81
81 14 29
5 94 75
36 68 21
89 4 5
97 98 26
87 73 29
88 26 10
82 76 38
5 46 8
16 93 96
70 7 46
59 94 75
89 88 35
53 88 98
93 68 18
36 40 33
80 54 89
55 54 76
58 65 78
7 13 91
77 9 25
55 56 0
75 29 70
69 92 50
74 53 31
71 54 38
81 79 56
26 10 75
76 0 30
64 76 62
83 40 18
67 55 79
74 36 11
53 23 67
13 99 11
21 93 13
50 67 10
62 80 52
56 93 98
1 35 54
82 39 45
73 17 90
46 88 17
25 60 9
26 1 67
94 19 94
37 57 4
93 84 54
1 53 56
6 2 13
19 18 23
43 31 82
0 78 25
82 39 79
9 58 0
39 69 90
82 15 87
42 16 24
62 65 20
17 10 62
8 67 61
40 45 0
99 87 26
52 45 11
56 14 17
3 84 27
96 4 66
92 53 23
62 86 60
41 21 72
74 16 31
64 54 93
60 37 53
95 51 90
38 11 67
14 32 73
76 57 61
33 4 21
34 10 91
51 87 93
61 88 55
10 63 32
36 11 29
83 67 0
60 48 31
23 83 24
12 53 50
69 71 43
19 83 0
80 75 10
89 66 59
56 88 24
52 53 8
82 68 44
50 70 3
12 96 61
25 64 30
9 17 45
71 54 77
37 29 6
12 11 12
24 15 87
69 47 28
26 1 13
43 53 10
4 53 2
25 96 85
41 14 58
44 60 10
13 77 92
27 47 59
32 81 57
84 22 74
16 45 98
67 32 66
20 33 22
71 69 9
83 19 68
46 34 90
50 11 80
99 75 7
30 88 68
46 70 37
61 69 85
69 41 71
2 62 25
44 29 44
9 2 49
79 59 17
57 54 58
49 27 95
77 80 82
32 44 85
53 9 37
83 52 28
86 67 82
97 21 31
56 0 81
73 97 92
79 12 27
79 44 21
33 30 10
7 80 84
33 38 31
5 47 66
21 9 24
72 9 5
49 21 2
45 60 2
54 58 48
64 34 20
83 73 87
7 76 78
63 76 45
9 93 35
79 79 37
10 5 67
55 94 56
61 3 89
87 61 42
75 30 0
43 79 82
67 93 38
80 49 28
36 12 35
76 70 17
13 88 54
83 96 92
72 31 86
7 46 97
50 10 40
37 91 21
89 66 90
37 34 73
27 73 44
58 90 5
68 58 50
33 10 51
51 85 60
65 45 31
36 89 11
22 10 8
70 13 93
95 48 32
34 70 87
42 75 60
79 43 21
8 4 5
33 64 48
65 1 61
16 26 61
57 44 66
92 67 76
3 39 99
70 13 90
49 61 72
33 77 99
74 85 46
84 22 30
30 29 3
10 79 69
67 28 25
27 25 29
88 91 71
22 83 84
78 70 7
46 12 4
6 12 72
16 47 87
72 34 62
1 5 74
71 13 35
85 59 64
15 79 39
25 4 42
15 76 73
37 82 36
78 32 55
47 21 33
16 26 20
27 54 99
0 95 88
50 2 30
14 90 7
40 99 43
61 22 20
41 14 43
74 93 47
12 8 22
32 86 37
60 37 85
28 15 71
24 42 31
90 77 8
44 45 75
56 7 43
84 82 51
24 68 39
69 2 8
50 49 89
32 68 85
90 3 36
26 40 24
19 97 18
80 54 8
96 33 21
66 0 6
0 15 62
36 2 89
12 97 9
14 59 83
6 10 25
98 23 5
18 18 77
56 48 39
91 5 80
75 82 22
9 25 91
89 36 33
10 99 64
44 44 76
81 19 77
66 75 69
28 35 63
38 0 18
73 18 75
71 75 1
40 40 86
83 49 13
57 12 62
51 11 37
16 28 1
47 97 0
9 36 7
86 80 41
28 97 81
93 23 60
90 2 35
91 49 30
12 93 39
33 31 9
92 67 17
19 6 72
28 51 62
44 21 5
76 67 65
94 6 93
37 85 5
97 31 69
52 12 90
82 8 84
97 22 18
95 36 41
82 93 43
75 70 28
31 8 15
13 55 16
62 20 90
3 69 43
82 16 13
29 8 0
6 77 62
72 91 71
24 14 94
79 91 39
92 52 50
5 38 27
42 16 95
62 26 22
56 96 54
86 63 39
59 2 71
77 94 99
7 39 77
93 78 77
2 42 83
90 94 22
52 15 94
53 1 22
80 28 87
85 49 31
60 10 12
72 51 29
14 94 63
6 31 97
91 67 14
7 89 44
85 69 35
45 77 83
14 94 92
68 71 45
44 53 51
67 65 31
21 51 21
30 72 6
89 96 92
49 32 23
8 64 10
72 91 86
5 75 26
50 13 16
42 49 18
77 87 46
70 78 92
28 58 5
49 25 27
55 31 45
57 8 8
70 53 79
95 42 74
77 38 74
43 91 22
57 28 67
88 25 77
72 4 21
71 7 7
10 25 55
86 79 59
63 92 62
13 92 85
72 96 77
66 33 22
22 63 78
73 39 53
27 50 84
24 28 24
24 80 48
83 20 50
96 46 75
62 36 39
0 23 81
38 90 46
84 14 30
15 61 30
28 54 43
55 39 83
94 35 25
53 79 87
52 52 79
58 47 44
70 32 10
83 45 6
33 24 86
48 6 42
45 77 29
30 67 2
56 53 25
90 56 95
5 54 40
49 80 28
14 17 29
43 12 48
40 92 9
34 30 42
51 47 79
64 68 66
68 87 70
63 47 23
25 91 73
69 83 25
98 88 95
70 58 94
37 95 43
29 97 82
35 95 98
64 91 85
61 72 23
49 1 74
94 7 35
28 95 1
93 52 21
4 47 49
34 19 23
62 13 89
15 39 33
53 17 41
35 88 93
58 83 65
73 95 69
73 78 84
41 97 31
46 16 44
98 84 55
45 27 79
28 47 41
12 94 56
83 66 41
71 93 12
52 20 18
27 58 19
9 96 54
61 67 91
34 5 44
41 45 62
94 40 36
71 13 83
22 47 64
98 69 7
9 53 86
71 64 89
81 4 31
87 12 26
57 21 5
55 87 24
23 50 49
17 95 28
93 27 18
72 71 49
91 77 55
5 9 41
30 85 21
18 77 97
21 56 12
43 12 59
12 25 14
62 96 67
69 68 90
96 20 26
13 67 72
8 79 43
62 68 75
20 34 0
79 14 59
30 78 77
17 75 72
4 75 87
36 42 19
11 15 35
97 48 0
82 80 30
98 83 93
11 25 24
19 50 33
55 66 22
47 15 34
65 48 54
79 8 52
51 62 1
34 12 80
85 7 56
48 40 54
49 65 69
36 59 70
65 33 75
40 57 91
85 10 67
5 76 62
70 0 28
72 80 87
37 42 25
48 89 44
10 98 27
28 97 7
3 84 65
76 12 15
49 58 42
74 48 82
82 92 16
33 57 3
58 63 92
73 21 17
9 72 1
30 10 3
2 37 3
9 65 30
35 79 42
79 52 59
11 96 61
21 74 48
80 64 60
69 13 65
1 39 66
11 89 5
87 45 51
94 3 87
61 76 0
31 44 3
69 40 67
94 2 87
60 25 95
70 45 30
45 83 4
64 73 95
37 28 34
46 87 43
69 58 95
82 44 24
8 27 24
43 73 66
57 84 72
42 94 25
87 91 38
13 10 24
85 54 36
73 57 29
56 25 81
42 80 96
64 39 39
40 90 9
73 70 50
94 72 98
46 3 71
55 20 12
94 53 6
56 60 36
90 0 87
0 97 22
99 20 20
29 57 68
61 60 23
38 2 89
22 59 94
19 33 14
6 16 57
29 4 37
31 83 75
32 25 13
60 85 54
19 10 41
27 26 24
41 30 57
68 62 64
15 7 27
90 19 39
86 95 11
25 55 64
45 49 86
72 6 8
67 18 80
20 67 90
77 15 15
14 74 15
54 61 24
30 84 15
26 9 15
49 46 3
88 71 51
30 11 83
88 75 87
65 82 93
32 14 9
58 59 45
45 98 13
95 70 24
89 62 67
54 19 18
51 60 49
28 23 97
63 27 96
94 79 76
65 9 9
97 21 18
80 32 43
51 2 69
10 89 87
23 13 79
38 9 87
91 47 8
45 61 3
3 49 7
33 89 51
59 27 98
95 76 69
65 98 75
59 29 26
52 60 23
33 25 78
94 25 18
76 83 30
26 50 6
3 82 11
77 98 52
34 33 47
30 83 32
25 24 81
62 56 35
93 15 7
78 49 1
43 56 37
41 42 34
6 13 53
34 77 36
16 51 11
61 14 22
83 47 45
65 75 14
44 62 43
9 62 23
31 90 34
12 90 62
66 9 1
92 46 50
22 21 98
95 57 66
11 0 63
86 29 67
46 20 10
60 96 27
58 90 17
30 17 36
13 21 90
5 41 11
3 87 99
90 66 24
6 63 45
60 37 12
59 2 27
30 1 77
67 70 91
18 9 80
12 45 13
8 38 50
49 14 13
32 71 68
6 23 97
94 84 71
69 75 87
52 42 31
74 73 59
51 42 57
99 71 26
70 11 74
63 48 23
27 21 50
99 84 49
70 83 52
27 33 59
24 22 6
95 62 4
91 89 96
53 94 70
46 2 96
23 72 73
85 19 66
85 33 25
59 79 41
96 10 97
54 59 57
19 99 19
73 96 68
22 22 48
22 67 51
41 52 44
47 44 32
95 86 72
81 16 32
49 95 35
54 18 79
35 96 14
36 14 23
15 47 54
21 92 12
37 98 13
78 52 0
67 78 38
3 90 43
81 17 1
98 40 63
69 57 19
5 41 75
89 50 96
57 13 84
20 37 7
93 15 40
39 10 61
49 93 5
67 72 27
13 4 66
10 2 52
29 50 66
23 40 12
25 21 88
77 79 76
62 83 26
43 82 72
14 47 5
1 56 32
51 17 59
83 51 89
75 32 12
42 23 34
35 66 58
65 33 21
72 43 70
65 58 8
46 59 54
83 47 67
89 3 6
44 74 17
62 48 20
80 16 73
89 16 59
67 35 46
5 26 66
22 90 9
80 62 83
64 61 13
78 12 89
42 48 82
25 70 8
60 82 90
26 42 3
67 3 36
85 95 99
3 49 86
39 91 80
16 36 60
3 22 11
71 1 29
81 37 79
97 53 78
97 80 41
49 54 98
50 70 47
56 53 28
61 20 73
39 89 26
8 58 32
36 45 87
6 12 37
65 11 33
22 16 57
53 88 48
72 0 24
62 93 13
43 73 67
82 73 98
34 73 68
15 44 46
44 3 38
32 65 48
49 10 79
7 33 71
35 84 63
1 97 45
45 34 27
28 7 80
80 95 51
17 77 0
9 27 96
86 8 69
72 12 22
18 14 76
30 74 36
57 42 39
63 66 9
34 35 76
89 24 58
80 62 98
44 97 26
94 18 33
37 48 13
37 46 30
55 89 39
14 31 43
59 91 4
86 28 23
62 19 73
1 43 84
77 70 21
59 44 2
25 27 30
70 84 79
96 55 24
52 25 54
14 27 52
24 93 41
41 44 20
62 4 21
99 68 8
35 81 0
68 70 62
4 61 93
44 73 66
33 54 3
33 52 40
83 10 59
38 16 75
36 59 99
49 93 1
79 59 1
29 15 59
79 86 4
20 86 85
38 35 44
33 91 49
62 33 27
13 5 67
71 75 4
47 79 85
3 40 34
19 68 23
90 98 19
96 57 16
83 77 68
68 87 19
92 57 1
88 71 50
11 16 5
77 71 42
74 93 44
48 3 88
1 99 96
10 49 32
75 39 95
92 10 43
75 74 3
50 16 14
3 23 82
14 97 86
96 65 98
51 75 42
82 56 97
82 9 24
65 61 81
21 52 54
38 94 92
90 53 71
25 93 19
18 57 72
45 40 47
70 29 87
22 76 33
5 2 14
31 4 96
2 61 67
11 44 68
51 49 28
80 17 29
86 39 93
69 51 34
56 17 86
52 10 21
96 39 45
23 15 82
10 40 41
58 13 9
8 99 53
62 32 82
18 9 28
54 46 80
14 33 12
41 99 69
84 0 33
97 86 94
7 33 82
88 76 84
45 71 30
86 95 39
29 72 97
4 40 10
64 36 52
17 29 46
0 62 25
38 90 71
77 42 45
94 30 68
16 80 91
66 97 39
13 50 96
74 51 31
12 84 60
89 41 39
11 27 3
84 13 96
49 64 83
42 72 38
70 47 29
80 23 6
28 45 57
70 55 39
81 33 37
5 59 7
85 28 24
87 27 76
78 89 86
22 24 72
59 8 8
26 69 95
8 17 57
6 90 32
66 5 58
84 62 32
38 99 93
55 44 86
26 12 11
17 3 64
23 26 15
71 50 78
4 0 17
75 28 96
19 43 47
18 82 89
50 47 14
71 93 23
62 30 38
34 66 58
33 63 68
11 82 46
66 35 28
32 10 72
79 92 86
82 27 8
22 59 1
39 32 91
35 54 49
68 85 86
12 59 95
48 41 62
73 44 32
99 42 32
46 27 93
39 96 99
18 83 77
88 73 91
59 70 30
18 5 54
63 92 14
87 61 83
37 27 47
49 6 44
91 69 28
2 59 61
55 53 27
3 37 19
71 93 61
42 19 11
31 51 55
65 78 8
34 63 47
65 79 38
74 20 89
1 87 83
50 1 28
19 51 19
39 90 79
50 31 6
19 53 97
26 49 26
24 72 31
6 29 55
84 40 86
40 84 90
10 60 5
28 8 77
9 81 90
96 63 79
92 46 43
89 17 0
8 58 29
45 26 52
77 42 94
42 30 22
37 93 93
30 93 61
16 62 30
68 32 40
86 27 85
84 78 21
86 83 92
24 35 84
29 87 57
42 53 65
11 0 77
0 80 38
93 84 0
26 69 69
2 28 2
90 36 32
46 85 89
61 88 65
35 65 58
52 81 93
93 97 70
57 91 18
88 9 59
5 47 62
14 77 95
54 64 86
51 76 30
32 91 80
14 78 92
92 4 27
18 24 80
39 47 23
89 26 89
69 8 66
23 44 44
73 52 44
77 34 18
71 23 82
32 54 14
94 23 16
39 33 2
1 9 10
80 5 86
5 83 93
13 65 72
92 64 36
39 87 83
63 24 46
84 58 9
10 7 7
36 64 42
27 8 42
74 62 32
64 57 38
81 60 10
77 9 1
98 9 48
62 59 37
40 66 2
32 89 39
34 77 55
56 72 53
59 25 2
48 34 19
71 86 12
67 29 16
5 37 19
94 77 14
70 61 3
93 94 35
42 90 38
39 10 91
47 91 61
60 80 15
16 17 91
99 52 2
10 79 76
18 87 25
96 56 66
31 26 91
22 54 5
24 93 33
39 45 41
99 0 44
98 75 20
23 43 69
14 34 60
97 19 93
34 14 49
98 25 13
25 21 3
58 65 76
17 35 67
40 73 0
91 40 16
89 15 58
53 85 28
93 27 53
52 25 99
49 26 96
19 3 2
69 72 2
87 29 19
10 14 50
22 53 54
99 2 8
28 93 0
30 55 84
66 55 53
17 72 68
19 87 84
91 31 33
84 34 44
0 54 20
67 99 5
65 63 14
75 27 47
93 25 22
94 85 2
10 45 28
85 17 65
8 64 69
0 68 67
40 35 91
36 92 52
75 88 23
19 51 55
19 58 53
8 17 49
0 92 93
4 79 13
26 64 14
50 52 32
60 50 33
3 2 26
32 68 75
76 15 10
90 46 81
98 86 61
81 91 16
74 32 92
83 65 24
20 32 12
94 48 69
72 33 64
65 77 39
45 47 13
24 73 73
49 2 29
0 30 68
6 65 39
41 29 56
42 24 33
56 71 60
46 94 49
84 90 72
49 58 95
30 66 3
74 2 91
47 18 27
40 10 85
65 99 64
66 71 96
62 47 61
33 24 17
17 59 99
78 3 59
62 26 95
71 17 91
80 69 8
31 0 41
77 88 18
79 64 56
12 28 4
86 68 83
61 32 81
2 25 99
43 4 54
0 85 15
93 22 87
66 95 35
51 38 48
64 77 44
86 59 2
18 74 41
90 88 43
37 86 94
53 46 79
96 78 29
28 40 38
29 58 11
1 37 55
51 80 7
64 64 48
95 48 57
60 28 49
23 66 19
12 81 15
91 93 17
99 57 68
11 9 22
93 39 96
22 33 94
64 55 84
6 61 23
33 88 47
37 89 76
38 81 20
75 3 69
81 47 86
40 6 43
39 78 80
53 32 64
78 52 53
32 55 8
9 0 52
14 75 72
1 14 41
99 93 95
47 95 49
78 48 26
31 36 65
81 44 23
36 16 63
53 89 0
33 74 89
72 4 36
71 44 90
86 31 25
39 10 78
23 33 94
13 38 49
64 17 26
84 55 35
54 11 98
52 6 99
68 15 13
48 74 59
70 1 5
85 9 86
2 75 46
4 60 30
82 30 62
4 80 64
47 93 16
65 22 32
11 71 23
68 56 7
63 97 91
96 29 83
40 83 25
40 31 64
12 53 35
85 43 96
34 35 29
14 20 48
97 67 55
49 15 9
13 10 26
61 2 68
69 86 72
55 54 26
31 34 34
52 46 78
68 57 49
89 21 82
39 25 18
63 57 36
96 88 71
69 43 92
30 79 73
6 54 56
90 12 78
83 76 18
92 24 7
3 86 74
1 85 33
50 87 21
65 92 90
89 97 81
46 25 20
30 67 4
95 36 33
42 87 5
88 95 22
29 74 73
58 80 79
76 69 16
42 53 77
10 1 53
52 1 60
9 15 46
22 44 45
51 65 45
36 42 36
31 99 64
12 60 93
48 50 91
1 0 14
61 69 81
25 15 95
76 98 6
42 97 7
73 93 85
45 34 70
2 89 80
87 44 16
55 43 87
49 80 18
53 40 95
42 51 77
0 64 79
96 13 1
49 2 71
21 57 2
29 37 80
85 68 83
55 75 50
82 88 93
12 35 12
9 7 76
86 27 94
52 16 9
47 65 54
35 39 26
3 7 24
51 30 26
63 40 42
84 41 74
50 46 69
38 87 28
74 63 33
13 38 17
69 51 16
69 9 96
9 24 36
13 81 14
64 86 83
91 94 96
70 96 7
8 17 35
73 68 10
2 18 5
67 26 64
1 0 49
97 94 23
18 64 69
41 71 77
38 23 1
78 86 15
51 0 20
82 33 45
17 32 29
57 64 77
98 24 49
17 83 54
16 80 92
2 35 19
40 9 78
57 5 75
27 86 83
80 66 71
73 72 51
19 75 80
99 90 18
87 94 37
44 28 77
30 22 57
3 34 32
42 14 95
85 37 87
79 13 63
77 93 40
35 22 27
94 31 59
36 86 70
40 9 91
81 43 71
23 88 25
74 54 86
28 10 38
50 6 74
15 21 71
22 94 14
76 97 53
29 94 62
98 19 41
94 15 24
83 13 97
89 57 24
43 32 38
12 89 53
56 51 13
70 57 86
93 70 77
0 26 92
12 94 27
66 32 75
86 41 62
26 11 80
72 50 91
4 67 72
88 24 64
88 1 95
6 87 13
20 28 34
56 35 31
88 56 52
51 73 83
7 65 50
96 38 45
70 34 23
8 11 29
12 84 18
46 44 91
3 51 70
17 43 80
57 36 6
5 84 34
65 12 86
68 85 4
86 49 36
31 22 49
76 29 70
8 87 23
39 1 7
19 76 7
79 59 94
24 12 8
81 51 42
64 41 9
79 74 31
43 57 82
68 7 52
87 69 84
33 38 13
87 18 0
17 0 93
59 43 14
39 89 36
7 49 99
22 73 85
97 32 92
11 0 51
27 11 39
51 60 59
52 62 52
84 21 73
78 15 50
56 61 72
30 25 63
64 62 13
61 48 72
2 87 14
86 62 54
3 19 24
9 46 42
26 17 16
40 16 86
76 93 47
81 84 38
39 81 48
24 46 13
11 60 36
34 7 37
27 66 55
32 58 25
76 11 30
9 62 40
55 43 85
36 17 61
87 44 17
62 14 32
89 8 46
58 6 59
67 20 28
70 43 11
42 11 3
45 44 47
32 1 56
48 55 41
84 94 24
9 25 38
98 33 52
79 47 32
34 95 93
83 53 62
34 47 67
74 18 30
49 88 43
32 31 65
24 75 11
59 78 97
85 57 11
72 35 6
47 33 83
7 78 17
68 89 71
40 19 15
83 34 46
21 16 29
5 71 55
32 61 11
43 5 30
13 92 68
95 78 74
11 25 54
24 49 90
53 42 92
95 24 17
36 40 37
13 40 71
26 67 12
30 31 6
11 91 62
88 84 77
56 53 70
31 46 75
23 88 20
67 18 56
40 93 83
32 10 39
26 43 38
68 55 56
60 87 30
39 57 15
17 43 18
17 39 33
19 91 30
68 48 63
8 27 48
51 75 47
31 72 82
58 39 43
59 1 23
95 47 15
84 58 11
73 27 93
26 15 50
41 34 39
40 30 29
27 1 62
90 15 19
85 14 21
38 54 98
81 49 0
68 4 46
23 94 8
16 7 91
54 20 81
55 34 70
52 88 92
15 91 33
83 81 91
25 61 31
95 57 57
40 50 9
30 79 59
92 33 82
2 70 75
19 83 90
34 64 8
57 97 75
58 93 13
35 25 56
42 56 22
54 5 85
54 9 57
21 73 14
48 19 77
86 91 98
38 11 62
70 39 14
16 48 65
69 64 8
18 98 25
23 19 69
18 1 21
23 82 7
17 40 86
78 62 70
13 37 58
69 2 48
48 30 24
43 86 53
21 72 15
33 31 64
91 12 75
91 94 73
72 80 86
19 85 2
78 99 52
46 18 51
5 57 57
69 78 76
47 67 95
93 82 66
4 47 21
26 23 64
50 81 47
55 39 94
64 11 60
56 40 78
2 97 74
22 60 7
22 47 29
44 27 46
47 4 79
44 10 17
87 89 54
37 91 8
95 40 46
80 23 36
11 29 65
14 22 48
17 20 65
20 96 76
95 38 61
75 3 90
67 73 51
96 31 1
18 99 97
14 76 12
89 15 55
13 44 42
48 87 3
58 36 54
50 61 86
15 18 29
72 12 83
59 25 72
43 4 15
3 48 60
39 43 94
79 4 85
28 98 52
28 38 22
62 11 90
89 88 60
5 22 30
9 60 70
54 29 57
40 34 1
13 83 67
35 25 26
83 69 44
30 58 98
25 50 90
23 12 52
30 64 77
29 34 64
83 24 27
6 75 26
99 72 75
83 97 95
29 36 63
13 52 50
46 89 33
36 96 44
21 95 18
10 4 25
93 66 62
70 74 4
37 6 54
45 44 27
59 33 97
6 72 30
40 24 64
35 14 1
52 68 80
14 77 56
34 42 53
18 52 3
27 17 9
93 44 79
59 66 49
56 3 43
33 73 58
49 52 9
95 58 66
58 46 95
63 29 19
73 62 48
38 42 14
30 24 35
40 98 32
44 50 89
50 37 8
41 45 93
6 85 27
11 5 54
65 51 23
38 34 61
35 53 67
38 84 5
77 14 23
89 0 28
75 35 68
4 95 4
68 32 70
33 83 94
71 13 12
60 92 46
98 52 64
84 30 55
63 22 84
86 48 73
63 41 77
52 50 57
74 58 30
43 55 55
48 40 27
8 86 45
6 99 67
92 40 24
99 72 74
4 42 35
0 22 58
0 56 76
9 62 7
60 29 89
99 19 58
30 85 16
13 97 28
9 36 42
48 43 10
75 66 16
53 22 80
83 95 57
72 69 83
26 41 72
13 94 44
17 26 61
66 86 25
24 27 61
5 65 22
76 28 15
21 6 33
72 14 57
18 82 76
2 62 66
35 98 50
47 7 69
71 44 70
83 47 44
41 34 34
26 64 46
31 79 55
19 6 55
45 25 13
53 47 29
24 39 23
24 52 78
64 97 58
3 74 78
3 44 68
24 22 29
39 19 55
18 72 26
27 2 80
0 84 22
77 20 31
26 93 63
30 64 68
99 41 19
33 36 62
34 79 52
76 93 15
53 83 18
17 73 51
13 97 27
68 8 76
13 51 90
35 89 1
2 26 56
20 42 65
67 50 93
67 78 83
72 77 62
15 99 16
55 66 12
96 80 57
55 7 42
40 72 87
5 58 58
2 25 89
16 64 70
35 15 95
32 49 77
16 80 52
37 2 1
84 48 68
17 47 31
38 0 89
75 57 76
75 83 91
50 49 2
93 22 48
10 29 65
35 1 24
70 87 24
34 90 62
70 47 83
79 38 59
58 95 82
55 47 87
50 14 14
52 81 92
34 11 43
4 59 22
7 12 72
90 11 63
77 63 49
27 59 95
73 67 35
64 52 47
88 43 0
1 19 38
53 11 7
61 12 98
34 24 61
24 4 12
51 33 50
45 77 78
17 74 40
78 98 87
79 61 47
83 54 54
73 5 29
42 44 21
28 82 33
20 84 91
93 64 18
74 91 11
12 42 83
38 96 78
81 73 4
79 74 84
28 4 37
25 51 19
59 85 53
0 14 85
3 49 37
82 38 80
8 98 25
28 41 69
37 0 90
94 2 60
16 20 14
98 90 27
54 96 25
97 15 54
66 67 23
44 24 10
94 56 1
54 44 72
9 87 1
62 29 13
28 2 16
91 84 12
90 67 96
15 40 96
47 28 15
28 48 13
86 9 43
88 61 44
41 97 33
18 63 50
12 1 52
50 30 93
47 15 98
59 93 5
39 5 99
81 46 87
29 23 79
62 36 75
46 91 54
71 99 53
11 19 65
71 84 52
94 15 41
9 88 12
76 29 86
29 94 74
60 29 49
48 7 59
59 4 90
25 34 6
13 73 82
78 9 63
21 46 89
42 13 66
73 90 16
0 30 62
27 10 76
86 95 29
91 0 11
30 5 81
59 65 15
81 36 26
90 65 59
13 76 39
46 67 74
92 84 2
70 76 92
48 38 52
39 1 8
68 49 92
74 93 87
34 71 95
7 45 56
79 14 44
73 54 32
55 14 90
52 49 58
64 89 1
25 30 26
72 22 30
8 45 98
22 85 29
88 52 77
36 72 25
86 87 78
90 88 58
10 28 29
38 46 24
2 96 20
19 33 7
29 55 21
59 99 36
17 26 96
90 91 75
97 53 66
0 67 16
47 87 36
11 96 72
74 69 91
78 28 43
96 51 50
6 13 77
17 21 38
51 11 69
42 80 37
19 61 36
37 35 55
75 19 8
85 61 16
68 2 22
67 96 60
55 25 3
80 1 76
41 80 54
31 86 77
58 94 57
38 37 90
88 92 23
22 48 10
15 89 14
80 87 81
21 35 62
48 20 76
58 67 83
96 51 32
15 15 20
94 68 49
31 22 6
94 9 96
11 84 82
64 16 4
73 95 4
64 86 50
49 46 38
14 40 99
79 72 45
43 33 87
84 25 96
78 92 39
36 58 60
15 24 2
49 85 7
37 7 72
83 87 54
4 94 94
30 51 65
4 77 41
66 60 82
97 9 24
15 1 0
58 45 84
24 17 52
82 76 95
42 94 87
82 77 44
16 4 47
82 70 88
65 13 95
14 0 15
59 52 68
12 0 70
17 1 22
55 9 79
95 48 68
56 31 28
16 96 70
44 80 46
54 49 64
55 44 59
92 35 82
52 0 14
34 97 15
50 60 74
42 4 54
1 33 40
16 97 95
24 23 85
77 87 12
31 49 83
53 15 10
26 14 91
6 74 1
24 42 7
41 23 84
35 9 51
19 21 48
11 21 76
58 76 73
22 41 37
6 3 87
82 4 76
17 48 88
45 69 76
89 85 70
86 60 87
31 41 30
47 7 45
78 98 30
35 39 81
47 70 36
27 22 40
37 2 62
18 9 40
0 29 37
11 33 23
35 71 18
10 19 64
75 22 12
51 72 71
19 1 20
53 43 39
59 62 66
94 28 93
3 27 68
72 81 38
27 9 37
1 40 8
89 65 50
8 42 32
96 2 47
62 44 65
16 53 57
21 21 8
17 81 47
98 99 98
59 14 90
92 32 71
12 61 35
46 57 51
59 11 19
32 66 18
88 72 38
87 1 72
79 67 45
69 83 96
30 44 91
70 57 87
83 53 20
99 96 88
85 47 68
32 66 10
51 47 94
51 42 66
1 86 14
63 91 86
53 85 8
66 34 86
68 31 49
5 95 6
18 93 5
81 26 63
95 93 21
25 85 23
25 73 93
4 85 26
40 31 90
7 74 51
0 21 58
85 76 67
13 69 60
84 67 82
73 93 45
95 52 63
64 45 10
36 94 26
52 73 73
62 44 64
47 23 84
70 34 56
27 97 27
56 35 90
93 14 39
70 16 94
25 90 60
36 71 46
99 73 92
46 8 70
86 42 92
84 52 27
75 30 85
36 57 51
9 11 70
36 1 7
29 53 81
86 77 70
51 0 72
90 94 21
87 97 0
55 58 89
41 65 14
75 20 4
2 89 97
65 61 49
86 54 56
88 87 60
0 54 36
54 55 99
53 99 70
82 83 34
74 72 22
72 7 74
8 86 7
7 77 77
61 53 75
20 60 2
91 51 83
67 3 21
9 67 61
34 74 50
72 44 69
60 20 41
86 57 71
56 29 2
20 21 0
73 93 36
66 78 38
93 34 83
25 13 7
77 25 73
15 40 26
33 40 73
86 8 32
57 26 55
55 67 21
58 98 79
66 4 63
84 59 77
92 40 86
41 57 3
95 36 0
58 7 3
14 27 31
53 31 6
73 36 7
77 33 27
87 64 94
17 71 8
23 61 48
66 62 47
59 95 27
14 32 65
8 34 0
56 66 11
22 65 28
29 92 0
46 34 28
33 71 43
76 56 73
5 97 41
61 43 3
38 20 70
1 41 21
8 82 68
92 91 49
0 34 75
61 64 21
78 73 35
64 36 59
57 37 6
14 28 88
47 26 82
87 29 22
48 26 86
46 9 23
30 13 56
7 28 78
18 67 55
30 60 96
88 84 78
54 87 83
63 86 38
93 80 1
41 73 89
63 36 71
77 54 93
46 1 66
44 50 56
54 17 21
97 54 78
9 78 17
15 78 91
89 76 33
37 65 86
11 95 55
6 80 47
89 89 59
63 73 82
37 46 82
0 4 88
54 72 80
28 65 34
94 53 62
6 40 41
97 46 54
47 78 70
18 18 54
77 10 29
69 33 5
36 11 11
79 86 42
39 3 77
28 56 22
76 21 49
81 28 46
18 35 24
52 88 44
24 91 36
93 4 3
73 39 15
9 53 80
44 59 77
22 30 61
51 97 73
96 6 41
12 47 93
51 71 2
83 90 4
88 88 60
60 44 54
83 80 15
43 75 16
38 47 13
82 81 80
80 59 0
3 21 55
6 56 51
0 25 40
36 58 50
3 12 82
26 14 3
9 76 99
21 36 3
38 90 26
44 85 54
58 74 66
16 89 94
34 12 10
72 96 70
95 41 89
36 35 56
66 36 93
38 10 95
15 53 31
95 45 23
31 65 98
30 92 92
45 29 88
97 22 71
69 95 58
56 58 37
19 83 41
54 9 22
40 82 49
77 23 69
36 27 34
99 85 57
35 31 42
31 28 81
40 79 81
13 62 47
87 49 92
9 65 14
6 4 2
76 2 87
8 60 16
83 11 30
96 3 22
70 76 47
83 75 28
53 1 6
43 83 7
17 56 72
54 90 13
29 38 4
46 32 7
48 75 33
99 29 79
88 25 17
29 76 53
21 98 68
8 65 7
57 70 60
88 20 33
39 61 30
5 35 76
32 80 50
21 99 12
3 75 64
45 55 93
44 3 74
78 39 72
5 41 66
63 67 24
9 29 51
7 75 33
40 90 26
2 41 88
82 6 65
69 26 6
9 27 83
42 85 9
30 18 20
39 46 99
98 40 59
40 34 18
52 82 69
64 55 91
27 5 60
52 29 48
91 89 44
3 88 51
7 77 71
57 2 56
19 3 44
54 30 21
84 77 67
2 74 95
72 93 47
52 97 22
31 79 72
97 15 92
45 10 20
10 40 86
9 44 97
16 78 71
50 1 70
82 60 55
11 61 31
41 42 64
76 0 67
97 3 0
37 87 28
65 25 83
39 88 29
60 97 3
76 65 75
83 80 30
47 90 95
94 26 22
8 15 0
48 22 16
5 83 85
97 53 7
56 69 93
80 29 86
48 10 39
34 53 67
41 58 88
8 76 34
69 81 76
87 75 44
19 55 76
0 65 29
72 67 10
28 64 35
40 44 77
83 15 58
67 16 12
2 99 15
9 3 6
81 14 82
39 53 89
44 58 97
66 78 12
27 70 18
49 85 41
29 83 32
57 75 6
16 79 39
3 69 8
4 42 25
75 58 62
89 12 85
90 67 58
33 53 58
18 15 48
36 59 92
50 75 34
55 13 66
12 65 81
62 61 71
90 49 8
7 25 64
82 89 91
1 49 97
75 59 80
87 27 23
85 44 91
67 18 38
41 93 87
7 77 84
11 13 93
19 33 89
51 78 6
69 44 10
94 99 45
70 35 26
50 56 1
59 86 15
6 21 68
89 72 56
6 99 52
60 75 81
89 12 0
31 73 11
53 8 13
77 30 98
58 33 23
92 85 53
0 37 83
34 34 87
40 50 39
97 17 4
65 1 77
26 7 42
54 54 25
93 64 34
62 39 50
47 4 61
66 50 94
60 51 37
88 40 10
82 28 13
69 88 70
16 11 26
95 80 77
88 92 93
53 44 73
97 59 62
46 22 32
67 70 80
28 71 95
80 61 66
14 22 46
54 70 95
70 59 43
18 15 5
65 0 7
1 45 20
40 57 39
43 2 75
72 6 11
25 80 47
6 32 42
67 12 5
80 53 24
92 84 55
60 33 68
50 82 1
7 39 35
33 91 28
71 0 57
30 61 5
0 48 30
83 69 43
17 65 69
39 36 91
21 46 63
96 91 82
3 20 73
11 35 22
15 73 15
63 73 95
35 36 72
13 43 42
2 39 87
80 49 59
46 66 14
95 10 97
81 42 85
87 18 32
85 48 67
81 95 38
48 86 82
33 7 34
45 15 43
9 21 93
30 70 10
84 90 49
48 29 33
41 47 80
74 20 4
15 89 16
68 67 83
49 90 73
60 93 36
20 13 90
16 77 17
70 43 75
85 71 87
18 25 6
18 20 43
58 91 51
62 25 74
5 84 7
80 65 22
28 64 75
61 65 58
84 98 52
99 6 59
78 33 72
67 63 46
12 17 4
70 11 21
60 62 67
4 18 28
30 85 78
63 51 38
22 29 99
15 52 85
62 68 29
28 23 30
7 4 88
44 63 20
68 94 60
19 23 24
73 43 9
15 70 50
79 15 74
93 32 8
97 92 96
72 9 36
49 0 50
44 53 38
27 52 79
83 78 66
25 95 50
22 49 25
36 96 97
72 73 64
3 26 4
54 96 70
95 43 5
59 99 82
34 69 36
43 30 45
78 53 55
23 31 49
50 96 36
21 43 73
90 15 25
35 62 47
34 69 49
47 30 37
53 3 64
14 61 47
57 79 25
21 90 50
8 26 83
51 15 5
86 46 36
35 54 89
3 52 34
59 43 2
25 53 18
47 97 71
91 47 35
1 70 75
23 74 5
95 7 66
25 10 49
53 6 48
5 72 50
17 77 70
98 15 10
16 61 40
81 36 32
94 28 92
75 11 31
36 6 76
3 60 93
52 79 44
30 69 42
55 22 75
76 86 13
9 96 31
50 33 59
78 90 28
21 61 6
0 70 84
38 2 44
11 15 74
86 19 3
7 22 4
6 21 51
11 31 99
77 37 26
67 9 20
41 76 61
35 24 42
73 43 91
57 14 65
73 52 30
53 41 10
95 35 41
52 83 60
15 51 90
93 48 3
11 24 16
12 34 85
47 25 41
88 50 82
67 28 26
55 70 81
95 29 74
41 66 31
10 79 31
9 70 68
47 2 70
32 44 93
9 60 6
11 14 34
18 11 50
44 7 56
5 94 5
97 23 98
52 97 13
60 61 24
3 42 89
13 48 18
96 50 16
46 99 93
26 89 80
95 14 50
38 29 12
11 10 21
21 53 40
33 19 33
3 57 33
69 39 44
56 40 0
23 86 46
43 77 76
7 60 75
61 32 92
56 52 70
1 2 7
85 50 88
77 44 73
50 56 4
71 16 61
43 50 88
65 52 24
99 15 90
29 42 68
40 17 85
49 95 91
65 84 12
30 65 93
77 97 29
40 21 45
49 35 84
77 39 30
99 39 64
11 95 71
93 49 51
36 15 35
49 21 59
73 81 72
98 31 58
16 20 39
98 44 98
55 64 75
83 87 74
84 70 40
24 51 49
60 54 12
84 75 80
96 7 73
40 24 85
72 3 88
44 72 37
81 69 43
63 8 45
36 37 42
96 7 67
56 94 67
42 80 68
8 59 99
20 4 72
10 43 21
38 57 79
48 64 93
9 69 88
58 66 65
86 78 27
0 58 25
2 99 35
38 45 53
42 15 94
42 50 43
53 23 43
3 94 29
53 93 52
30 14 31
41 88 50
1 26 67
20 17 24
2 66 40
16 53 54
91 45 80
74 66 37
40 99 44
78 78 75
27 98 88
64 66 96
79 65 30
91 82 22
4 52 69
15 75 84
93 8 91
2 88 82
43 95 36
88 32 81
67 54 69
70 11 63
19 25 54
56 21 0
71 58 95
74 71 51
30 23 34
62 89 90
45 24 67
13 79 71
98 66 55
8 27 86
30 63 9
33 64 11
3 73 78
59 19 65
91 6 11
99 93 94
21 56 29
44 44 50
95 98 87
13 65 82
29 13 31
87 59 88
17 84 14
99 79 83
73 48 57
27 14 89
67 25 56
54 21 74
79 60 0
44 90 78
9 87 35
76 16 49
55 14 67
97 10 84
24 31 27
54 78 77
14 73 19
73 51 90
62 72 41
59 21 66
16 75 74
73 49 83
90 71 82
33 67 84
21 18 85
13 86 53
95 92 92
78 35 44
17 41 14
59 94 4
82 42 52
26 14 9
51 23 79
92 10 77
28 15 80
90 32 26
63 69 28
35 60 93
95 0 70
16 72 50
2 51 35
27 29 72
36 58 0
72 67 75
1 65 36
89 22 45
38 44 45
51 47 86
10 75 45
69 66 17
98 51 13
93 19 32
22 98 9
2 28 25
83 25 97
2 63 13
28 16 71
13 39 16
46 63 95
21 7 60
41 16 25
95 11 97
45 15 41
46 2 86
5 64 52
21 94 56
79 69 51
33 28 44
0 92 70
55 39 78
78 70 39
80 51 82
15 25 1
22 33 47
32 65 11
16 13 71
56 34 40
30 34 60
7 66 44
42 87 59
58 90 61
78 97 15
57 92 42
49 72 54
2 19 74
87 65 12
64 13 87
6 82 86
77 99 88
41 43 21
9 10 97
36 79 29
75 44 22
74 58 9
46 27 7
46 75 28
52 90 80
93 47 64
4 65 74
73 48 68
31 71 6
71 97 78
85 24 24
36 75 12
98 34 57
13 34 85
11 64 24
25 59 50
33 14 50
2 11 32
1 84 32
25 96 50
54 59 12
85 31 54
59 38 88
80 37 58
21 69 39
85 72 96
62 69 48
77 72 63
24 42 45
55 28 73
24 29 84
94 90 33
18 54 26
43 4 55
99 79 37
18 73 96
97 82 51
24 91 60
67 20 64
5 59 31
69 99 85
5 52 1
78 72 25
26 7 85
7 3 13
23 74 27
19 87 12
45 33 6
10 69 14
29 61 50
57 71 44
85 50 86
5 43 35
40 24 21
65 86 58
9 97 48
93 33 13
41 4 46
56 39 93
47 78 11
39 62 31
72 72 65
35 36 23
70 83 97
3 91 18
36 19 64
38 35 78
35 65 62
0 16 62
77 64 43
73 30 18
85 72 66
83 60 68
29 43 17
66 16 25
5 61 94
11 1 92
49 32 12
48 26 28
2 98 45
0 78 83
26 39 94
79 72 58
30 42 61
11 83 49
22 45 89
90 85 36
58 5 49
53 47 77
17 89 95
18 14 64
49 4 81
2 87 99
76 52 23
25 4 9
79 70 54
49 47 41
55 24 32
83 91 5
37 95 60
69 14 90
4 84 62
74 28 3
73 95 8
28 11 99
92 93 35
94 77 36
0 54 4
51 4 88
78 92 75
72 31 81
3 64 75
74 57 3
75 18 41
83 75 98
49 6 51
45 0 30
19 2 28
88 73 17
28 66 54
68 44 93
56 73 52
72 23 83
98 80 42
68 0 5
18 50 37
64 7 84
50 59 96
66 93 87
13 40 74
98 54 80
60 11 75
43 2 37
97 85 21
42 22 34
34 82 95
30 6 76
11 8 49
44 33 26
48 74 10
53 97 29
68 32 67
94 26 70
18 12 14
56 47 8
59 54 19
96 43 19
27 19 6
22 52 40
12 4 12
37 16 95
52 8 85
17 30 31
58 18 65
14 81 53
31 28 46
0 20 44
54 10 24
20 43 92
35 3 87
44 93 8
60 77 0
80 43 14
20 30 7
1 31 68
21 75 33
93 45 41
71 70 84
33 91 81
22 17 5
59 34 97
58 14 27
26 91 36
32 96 84
63 55 83
60 92 90
44 72 11
66 39 45
72 68 10
82 86 73
83 38 54
62 66 73
58 28 26
52 90 81
44 86 53
98 68 54
46 65 59
41 64 23
24 83 38
39 3 44
36 82 46
17 42 4
78 13 97
48 50 67
40 47 22
33 44 17
73 60 85
91 20 99
58 37 59
77 49 92
46 4 97
83 34 44
37 93 61
47 50 48
79 99 6
24 14 30
17 33 85
77 80 15
22 89 11
80 48 27
42 17 28
18 83 90
91 50 82
47 95 9
0 71 16
29 22 97
79 5 80
34 66 32
44 79 9
18 65 28
22 54 68
46 55 97
6 66 49
40 28 34
5 12 17
7 12 28
51 69 70
19 48 0
35 3 76
30 95 20
68 69 91
91 67 53
49 10 92
38 10 12
12 57 79
61 26 96
5 46 7
58 33 29
30 50 64
24 96 95
57 92 50
17 13 79
38 26 51
81 92 33
53 79 26
52 30 48
89 16 56
54 92 73
28 24 49
11 47 49
77 82 23
31 8 16
99 3 75
15 60 82
72 56 58
29 64 78
28 42 67
22 90 10
89 48 48
53 13 17
40 76 52
2 49 92
10 24 43
1 36 70
21 42 74
31 39 0
38 43 37
58 59 46
11 81 60
13 65 96
81 62 84
29 46 44
25 31 81
80 66 10
42 5 79
45 52 53
84 42 9
90 24 18
94 45 94
64 28 20
9 58 41
5 33 43
52 67 78
84 41 85
66 27 64
46 70 32
39 93 9
97 16 22
75 43 99
6 5 88
25 63 29
61 8 17
32 79 19
59 75 59
12 90 7
80 38 12
85 81 56
64 91 12
33 87 30
30 0 61
39 41 3
92 13 21
44 67 41
84 98 28
30 16 26
21 79 50
56 13 66
49 62 70
79 47 26
93 86 19
78 35 43
71 19 88
69 21 48
4 75 63
94 98 54
37 59 93
49 99 40
83 36 37
33 66 74
58 31 95
87 99 88
37 40 77
6 70 67
11 99 39
81 3 9
23 61 64
34 22 86
28 6 92
55 19 17
64 88 0
91 41 17
18 77 8
37 45 47
67 75 59
48 1 70
21 60 8
18 95 79
46 21 0
94 64 87
45 24 9
77 35 31
30 26 90
81 28 73
71 25 53
50 20 53
97 40 60
83 60 67
63 13 70
56 8 42
44 98 36
58 11 65
86 27 41
14 5 65
88 58 67
10 66 97
6 55 11
6 64 51
12 54 28
52 14 11
8 5 74
98 77 92
36 0 96
17 74 62
63 15 78
32 47 67
21 88 68
52 74 58
8 38 32
92 87 78
68 94 58
35 76 42
77 16 49
50 60 0
41 61 61
33 55 25
27 80 3
98 1 7
51 97 12
26 24 43
14 18 13
24 3 10
20 56 1
80 3 84
7 25 22
42 14 43
11 59 94
22 44 46
10 0 92
41 31 91
86 10 68
15 58 64
10 0 91
46 99 7
5 85 38
99 85 62
21 37 99
74 92 2
18 50 50
64 42 73
42 23 26
53 45 0
70 3 13
52 98 62
49 90 78
54 55 77
52 27 57
88 28 19
33 18 81
47 76 62
83 76 38
30 93 1
35 85 62
50 34 21
70 94 50
83 76 91
57 65 69
92 21 1
15 89 34
44 22 45
66 62 15
82 11 38
77 88 45
34 53 34
57 55 94
26 59 96
89 15 62
30 53 3
99 81 68
20 90 42
41 50 78
3 48 93
13 50 40
37 25 25
51 54 94
10 31 0
31 16 60
19 68 22
25 73 28
48 3 80
25 70 0
55 70 37
36 22 23
14 75 80
7 44 76
71 52 6
75 70 71
49 87 56
82 96 37
30 48 4
83 25 5
21 36 61
48 70 90
89 63 75
39 77 45
80 76 9
86 13 96
29 2 49
23 49 26
52 87 25
30 7 51
13 69 32
30 8 62
52 99 69
68 45 48
21 53 10
17 50 20
75 19 32
23 14 2
79 45 22
84 32 15
42 65 13
82 9 79
22 65 33
61 56 43
28 86 51
92 37 77
7 78 63
54 34 11
17 12 92
51 74 84
48 38 71
57 57 37
43 64 28
19 80 78
49 16 72
91 25 21
24 92 74
82 95 37
21 96 73
35 47 74
35 1 25
42 53 86
3 71 1
97 84 7
37 87 71
14 4 65
16 20 41
42 15 59
32 58 37
68 93 64
37 2 89
11 9 49
63 67 72
66 73 50
79 58 14
92 65 0
30 92 12
46 45 58
68 86 18
23 12 20
40 20 54
17 68 2
35 90 68
16 86 14
32 86 24
28 40 68
73 37 11
99 10 48
76 50 73
2 4 78
53 51 86
65 53 48
90 67 53
95 8 70
3 28 99
96 51 16
68 65 62
33 73 60
96 8 68
24 4 8
90 34 8
67 18 15
11 61 30
20 45 27
37 48 24
36 46 83
99 58 54
37 86 15
69 25 65
39 68 24
63 58 38
35 58 22
51 30 99
67 61 85
80 75 8
63 2 75
11 24 90
75 55 7
99 70 66
33 57 36
20 8 46
95 47 27
14 10 70
78 32 22
29 14 80
28 91 99
26 73 97
32 14 6
40 58 89
62 23 60
47 89 40
45 19 80
19 3 43
68 6 76
61 6 72
32 2 47
98 81 82
30 59 97
7 74 25
55 56 3
80 93 71
39 90 37
31 91 93
60 60 26
3 50 36
18 64 26
77 34 8
22 50 97
49 75 50
27 24 48
31 87 33
12 39 73
94 1 94
39 57 90
50 12 60
64 39 76
84 21 70
10 19 43
10 54 44
77 45 98
48 69 9
16 53 1
85 29 55
82 61 11
92 22 45
84 38 25
67 25 43
87 97 49
36 59 34
80 16 88
0 99 45
62 10 89
55 37 19
94 65 54
38 62 67
22 11 64
34 39 38
26 81 48
15 9 63
12 13 45
69 44 41
4 92 1
74 93 43
45 31 6
80 15 73
65 17 11
78 8 2
79 52 74
22 82 97
18 4 48
56 24 21
61 2 21
14 39 26
62 30 19
55 31 79
92 9 2
10 35 53
24 17 17
51 79 45
70 0 66
49 92 21
53 45 77
75 71 27
61 98 12
51 31 52
98 61 46
58 96 48
24 2 14
73 66 57
90 48 8
68 41 65
52 46 93
66 44 57
23 16 34
51 71 35
58 92 19
38 74 30
16 79 90
36 17 62
47 55 75
59 36 58
88 15 45
30 95 43
93 52 63
2 24 81
79 7 17
16 29 69
61 83 45
48 16 95
90 90 60
55 3 35
38 1 2
69 78 2
22 0 34
94 10 72
77 58 2
26 98 90
28 60 94
70 26 20
15 79 93
60 21 62
20 10 23
92 70 78
5 51 67
43 65 26
63 46 22
88 22 77
37 32 81
57 85 54
63 33 84
83 88 92
68 35 32
33 32 66
86 8 87
39 98 26
16 6 76
71 70 49
60 40 4
73 83 63
6 0 98
43 59 96
62 32 26
40 35 21
8 32 48
81 32 43
81 38 95
49 44 74
53 78 1
73 30 25
20 66 78
47 68 8
42 0 46
63 25 75
64 73 34
17 67 56
73 33 63
52 31 64
33 37 84
78 4 18
73 43 27
20 52 86
60 36 33
59 7 9
34 47 23
66 62 71
68 94 59
63 98 52
39 10 66
61 61 61
43 4 96
46 93 70
98 83 72
62 65 57
95 88 40
45 54 41
0 34 53
40 30 66
64 0 25
90 62 76
59 1 22
89 66 25
49 5 81
53 83 70
1 88 98
48 73 55
67 17 16
9 18 66
93 53 11
16 25 3
82 18 5
53 90 92
18 66 29
82 25 4
16 68 31
14 99 35
67 25 85
74 3 18
3 10 65
40 39 41
52 65 88
15 33 44
83 83 23
38 14 90
49 13 46
12 10 24
96 66 9
39 1 89
38 73 31
38 60 58
83 27 9
31 83 8
26 55 63
75 22 17
32 16 66
90 36 92
65 96 36
21 30 0
20 43 24
41 89 64
71 71 13
67 9 46
95 37 42
33 17 2
44 35 61
23 44 69
56 24 35
16 9 63
24 29 65
51 89 9
87 60 49
52 62 2
70 17 33
34 17 99
66 95 30
86 61 23
19 97 24
19 28 19
17 23 70
69 47 62
1 39 74
71 74 74
44 3 97
30 18 87
26 64 75
84 81 14
85 65 0
16 83 92
86 9 20
91 40 18
69 41 66
53 25 93
1 24 0
22 2 52
2 8 52
94 37 57
81 80 56
59 9 74
57 94 70
1 15 48
20 52 87
42 46 85
58 79 18
35 5 53
63 59 17
26 76 96
60 93 45
53 20 49
28 44 85
50 20 82
85 63 30
78 67 90
5 94 13
31 34 73
29 72 98
8 29 87
21 1 93
55 30 86
51 40 20
39 46 0
52 43 66
71 10 26
47 88 44
13 31 66
18 36 40
48 81 27
54 21 38
71 23 41
76 8 60
98 46 62
10 11 21
31 74 89
28 65 49
24 49 25
3 43 12
87 7 53
99 96 50
23 16 81
18 73 68
9 88 24
81 42 28
81 18 6
77 75 88
8 52 26
74 29 96
58 96 97
82 77 63
45 52 50
69 93 49
22 32 58
65 16 46
24 92 18
18 94 96
25 89 79
79 82 29
93 64 86
6 74 51
76 52 39
18 4 2
73 49 89
16 21 40
64 79 25
50 78 44
84 68 34
60 56 78
37 36 9
87 91 86
27 12 83
