77 77 70
49 22 2
48 46 79
71 21 14
43 43 75
37 72 78
82 12 49
35 68 60
69 17 93
39 22 95
75 22 12
69 82 23
42 55 99
10 62 35
16 56 47
72 82 36
68 82 68
53 50 88
63 19 89
48 85 54
48 54 69
20 24 38
29 61 68
10 52 36
70 7 53
80 54 35
18 81 60
12 22 69
89 16 1
10 89 94
87 70 37
30 59 71
78 58 51
61 49 90
91 91 64
58 33 34
17 38 45
8 97 0
91 41 17
18 25 63
11 61 89
28 25 10
10 62 89
16 7 7
46 99 55
44 91 27
65 24 74
85 44 32
45 41 81
9 62 9
77 13 97
73 81 46
98 34 74
73 29 24
82 46 84
43 98 40
70 16 18
84 47 27
76 30 22
97 28 78
20 76 3
96 63 69
5 98 7
8 63 35
14 25 47
57 30 77
18 81 33
94 66 42
12 19 21
73 82 45
6 39 91
24 51 42
17 25 11
59 6 53
68 57 75
89 88 52
65 52 68
0 74 40
66 89 37
32 17 82
36 43 19
44 0 53
41 28 76
22 95 57
89 87 58
97 54 0
97 88 36
59 42 92
68 58 22
60 22 19
5 9 68
5 95 79
0 24 71
19 15 95
36 58 33
33 40 51
94 22 78
69 73 44
0 19 17
58 42 92
4 3 68
6 64 90
72 11 60
49 20 72
32 24 33
82 12 54
38 2 58
15 56 48
70 54 59
43 62 54
89 92 61
83 94 70
73 49 52
78 41 19
98 90 15
61 67 87
82 53 69
89 34 1
69 56 20
38 94 10
47 72 20
32 70 76
78 75 4
94 25 73
65 17 91
13 78 17
45 55 70
77 98 69
23 57 68
86 43 35
44 30 13
58 64 41
72 48 75
40 17 61
43 33 70
12 7 60
43 40 81
9 91 97
88 13 54
28 11 4
26 15 12
34 45 14
33 50 95
0 90 14
63 24 41
98 77 30
65 85 72
47 22 98
87 47 37
98 20 41
25 6 11
82 15 51
35 0 24
80 10 46
89 88 69
13 54 78
11 80 7
44 49 70
43 96 42
95 32 66
97 87 12
63 17 14
98 89 35
20 12 54
15 77 82
25 96 87
22 26 63
60 66 81
81 75 7
27 12 25
64 80 73
17 38 92
81 47 82
75 33 24
85 71 3
34 41 93
26 92 67
83 50 25
57 43 93
83 46 24
6 13 2
74 85 59
96 86 9
8 66 89
4 40 95
40 4 59
5 38 36
40 29 76
64 49 18
87 46 37
96 87 10
34 13 14
67 86 75
47 87 56
72 95 84
99 62 13
6 63 58
59 20 87
21 60 43
75 81 63
28 12 3
42 58 56
32 59 69
63 68 98
5 22 68
58 6 54
79 95 35
91 92 63
87 65 82
75 38 24
5 88 63
72 1 69
27 91 67
43 21 42
84 43 99
0 24 73
49 54 70
5 40 91
29 27 48
16 53 18
73 25 10
23 14 28
48 1 94
75 97 67
46 55 13
64 85 69
38 41 97
91 21 94
25 27 52
74 98 68
4 13 1
33 9 0
96 68 43
78 68 32
30 67 26
74 13 77
76 83 25
56 53 13
93 49 4
48 39 31
93 39 75
72 94 43
59 79 6
75 71 88
63 71 18
0 17 14
13 23 41
46 75 16
85 67 29
6 61 30
56 20 1
10 45 78
29 78 54
58 56 35
66 82 69
4 98 16
96 24 80
7 12 99
95 24 77
7 64 35
86 59 29
26 92 32
39 44 14
11 85 44
8 6 67
40 93 40
6 29 25
35 52 96
1 74 32
66 53 40
86 50 67
22 94 59
68 27 12
32 40 22
67 42 75
75 27 22
66 85 70
19 31 24
48 77 62
74 13 75
57 31 38
82 93 69
85 80 65
78 50 84
26 52 92
33 66 78
73 31 24
50 74 16
58 41 93
70 80 25
49 40 20
87 71 43
69 11 17
17 81 35
16 62 98
38 48 12
99 85 12
81 99 70
45 87 0
87 89 52
23 24 36
84 41 98
61 32 32
80 40 19
44 53 98
58 0 89
9 82 12
14 70 78
68 87 74
14 1 30
41 66 80
20 59 42
93 24 23
26 39 22
33 63 28
65 93 30
23 9 39
63 47 97
80 55 68
94 21 39
95 30 76
82 42 22
3 91 39
30 13 84
72 53 83
24 59 70
86 49 26
61 22 86
22 94 71
8 39 83
37 51 93
12 61 10
6 39 35
70 67 33
95 21 83
0 15 90
72 92 37
25 18 40
19 91 57
10 64 63
89 74 62
98 92 14
47 16 67
19 80 57
34 41 17
7 77 38
32 69 27
66 24 13
1 12 93
38 39 99
11 68 86
66 76 83
45 52 51
72 72 83
21 28 60
3 37 79
75 93 99
94 50 3
86 17 99
39 1 14
74 72 85
52 19 74
43 43 81
64 53 38
30 50 41
21 93 32
96 68 79
3 24 54
96 32 76
68 27 11
15 77 81
10 81 12
99 13 89
93 64 48
92 27 15
94 1 30
72 95 8
79 31 21
48 66 63
75 2 43
60 31 74
68 57 23
58 73 14
69 45 76
60 47 17
87 11 48
75 18 42
77 13 95
60 66 84
12 90 63
45 59 51
11 38 89
67 32 32
87 69 57
88 11 50
35 68 25
77 25 23
39 87 58
48 8 7
69 33 24
36 53 96
16 80 32
71 79 25
32 45 39
49 63 61
94 23 77
39 19 82
29 44 74
62 46 21
66 23 44
20 68 28
89 73 31
3 70 75
75 77 22
59 56 36
37 31 65
30 89 65
79 36 23
72 13 61
84 99 45
37 84 32
5 74 40
96 40 80
43 68 77
18 27 32
10 87 66
76 76 71
28 11 87
14 82 85
69 80 36
45 30 10
78 51 89
38 75 95
67 27 34
43 6 35
17 10 17
49 36 50
97 29 72
6 36 78
48 19 72
79 75 69
82 41 21
14 36 85
58 22 86
33 72 80
33 24 94
82 72 8
82 81 80
88 83 65
14 64 62
74 83 28
5 5 25
30 1 4
88 50 45
34 74 57
63 23 42
47 55 70
6 93 69
65 90 37
70 96 37
37 96 79
77 70 31
65 69 44
16 24 69
21 76 7
89 32 84
49 75 17
29 71 46
95 23 71
48 76 15
51 18 2
60 66 87
57 36 78
99 89 72
90 32 13
45 90 94
20 74 10
20 69 29
69 92 76
3 39 35
19 81 55
8 92 28
45 95 45
9 76 35
60 19 68
32 24 3
96 25 52
62 18 15
18 92 33
28 73 50
78 41 20
20 82 60
75 82 98
62 81 88
65 17 76
73 27 10
73 97 80
45 1 90
40 91 11
60 19 81
4 69 89
86 79 64
2 22 69
12 69 87
62 72 14
63 32 53
52 38 19
18 24 55
95 23 38
77 2 44
98 20 38
66 34 29
46 89 0
37 98 56
96 24 16
11 26 48
27 10 8
58 26 27
69 16 94
62 66 98
97 87 41
49 64 60
50 33 43
13 1 27
62 39 77
70 12 61
70 0 39
61 28 43
42 71 77
34 73 74
69 30 56
19 11 53
99 28 57
57 57 32
78 3 16
20 78 89
72 26 17
99 38 81
76 39 82
20 73 89
12 91 62
24 83 16
19 81 31
20 91 59
35 43 20
39 4 13
91 29 73
36 94 11
42 58 97
18 80 34
5 2 67
46 14 55
34 99 25
72 85 62
21 81 59
99 79 27
99 14 89
31 10 11
79 2 12
34 61 25
4 22 70
87 70 43
13 23 68
76 21 20
94 0 3
35 25 91
69 57 84
81 92 68
99 32 17
5 17 63
69 44 76
78 96 69
21 11 52
36 95 13
8 78 37
7 40 35
42 73 77
20 79 99
24 74 50
67 51 38
31 86 92
97 82 34
72 78 97
54 98 43
80 73 3
0 34 22
36 68 56
52 30 59
64 29 29
21 76 6
92 11 44
68 80 80
7 29 23
96 98 1
45 44 71
79 15 51
77 25 13
46 66 51
50 84 56
76 78 69
41 74 76
2 65 88
39 73 44
25 93 30
44 22 93
32 27 49
31 38 5
66 42 77
61 65 99
50 6 90
69 37 0
18 23 12
79 13 79
41 6 61
30 13 3
50 21 73
8 88 93
36 88 29
73 82 26
48 66 96
91 45 17
7 37 84
47 97 58
36 24 95
86 71 40
42 23 40
96 98 8
49 68 17
74 98 83
4 23 71
57 35 79
62 49 92
73 82 23
77 67 32
21 31 31
61 8 53
32 42 22
11 85 34
15 26 32
79 72 3
90 23 39
99 18 12
72 38 14
81 42 89
30 37 34
2 38 33
93 36 77
18 26 42
76 79 70
24 26 8
2 74 42
30 13 13
14 25 48
81 70 5
11 73 84
69 97 42
3 94 6
92 66 39
58 68 89
77 49 86
61 98 90
57 10 31
31 18 78
32 47 29
62 30 89
70 14 95
69 83 67
60 37 27
31 39 4
45 61 93
65 88 75
3 67 90
92 55 22
18 27 9
36 74 99
71 94 43
69 72 45
79 59 52
45 59 53
51 38 76
18 31 29
52 6 84
77 38 84
21 79 5
39 56 91
4 56 58
41 66 60
69 88 73
33 96 71
1 32 21
0 22 10
57 57 31
91 19 98
11 58 0
50 74 19
5 61 40
9 70 77
93 22 12
74 93 37
36 48 15
0 86 77
41 82 6
55 79 87
68 47 34
40 99 39
74 1 67
83 14 55
4 23 72
3 74 43
83 96 70
68 58 83
95 29 77
47 47 81
30 43 41
53 36 99
79 41 18
84 76 35
43 58 96
64 55 39
48 73 21
72 92 7
76 71 49
80 99 45
33 63 26
0 30 20
70 15 94
95 67 80
90 75 63
96 27 16
31 24 3
78 94 40
94 24 38
45 21 93
0 19 12
76 80 99
66 15 16
38 69 58
20 80 54
58 19 42
82 56 72
66 16 90
37 80 89
34 67 26
66 86 74
70 8 53
62 92 28
6 65 60
28 25 7
16 3 34
21 68 29
93 16 36
2 84 80
64 32 90
48 73 15
63 66 98
57 72 67
26 26 51
62 22 40
15 71 89
63 88 75
67 48 66
9 95 82
28 26 11
28 69 12
70 93 75
88 89 53
45 64 72
92 63 83
32 58 71
3 5 5
74 20 14
16 16 73
2 8 31
27 59 70
74 80 62
41 61 53
79 48 83
85 72 34
46 30 43
11 97 82
94 99 1
81 73 3
44 34 71
94 55 82
79 59 71
19 58 43
98 18 16
39 57 33
20 75 5
13 63 35
22 2 83
51 98 55
63 31 30
2 41 88
39 3 56
25 10 8
94 65 46
59 99 91
15 21 69
74 0 70
44 33 22
99 92 93
0 39 36
20 78 4
74 36 15
96 32 65
20 92 34
49 1 49
98 26 57
32 73 80
69 12 13
71 95 42
64 47 67
2 57 22
34 51 94
53 46 94
71 12 60
38 59 56
79 3 44
37 53 93
38 76 3
61 26 44
33 95 73
64 30 77
8 1 76
79 11 47
75 33 99
16 27 27
20 40 43
63 72 43
85 75 36
89 90 64
79 13 96
77 49 90
41 72 79
75 43 59
99 90 99
98 0 15
59 5 9
36 66 25
98 30 20
4 38 37
47 36 32
65 76 73
13 49 12
19 81 38
1 29 22
37 70 59
21 24 62
49 65 50
26 18 78
58 93 3
7 6 68
1 23 71
9 37 89
79 35 20
93 85 33
6 94 2
70 74 45
49 65 49
49 15 2
62 46 96
19 69 95
13 78 11
74 86 64
91 13 54
49 37 33
34 40 18
58 66 85
75 38 62
17 45 13
90 90 63
12 80 84
80 16 51
12 86 35
87 44 35
60 50 71
30 79 53
67 28 37
2 62 37
38 30 31
74 28 23
33 68 25
61 44 94
76 49 91
94 20 82
86 70 5
82 65 28
35 67 77
95 21 40
23 3 87
37 57 34
35 76 98
14 47 16
71 13 96
85 40 98
71 36 18
9 91 71
20 42 41
52 39 74
89 34 52
94 99 5
42 3 54
64 75 82
77 76 21
85 45 35
54 46 95
41 83 8
3 38 93
7 65 90
80 62 94
60 27 44
12 81 85
4 57 59
13 35 58
43 55 12
63 41 79
45 94 58
78 36 18
37 3 11
86 72 3
43 44 68
10 61 88
68 38 1
95 85 41
10 90 72
83 42 96
2 94 4
8 57 4
41 76 38
21 68 97
66 77 79
21 75 92
79 37 22
95 67 43
93 89 63
73 85 60
42 55 89
96 88 42
80 73 5
14 81 27
90 16 97
46 54 54
17 1 32
62 27 28
38 85 30
61 3 47
52 35 98
24 8 26
36 42 53
38 0 94
11 53 35
65 25 40
70 37 99
62 27 11
66 4 50
23 14 42
4 9 23
38 62 77
38 44 12
5 28 80
70 26 18
5 53 99
93 21 40
92 87 60
35 27 91
33 24 93
19 91 85
0 97 40
63 93 30
47 92 57
35 75 8
26 95 30
34 39 50
35 77 8
3 26 25
85 71 68
99 85 84
67 24 44
44 49 73
12 86 34
63 32 29
95 85 36
36 53 92
31 40 23
68 89 36
94 53 2
87 69 0
27 15 27
54 14 89
63 80 73
74 96 79
90 30 14
43 4 11
94 20 6
67 53 83
97 28 15
10 58 34
83 32 62
68 92 77
78 13 80
89 30 13
6 8 68
70 55 59
65 43 79
99 4 11
74 34 0
75 73 45
39 69 76
52 34 20
0 22 12
97 53 26
25 93 31
0 99 42
5 85 59
62 40 78
75 83 63
87 68 56
35 71 75
37 75 7
58 21 86
24 92 70
43 96 94
98 89 73
48 20 1
2 13 92
49 96 85
77 70 48
62 6 60
17 30 28
1 85 79
78 3 43
80 42 87
19 9 21
18 44 14
77 4 15
63 73 14
5 63 38
7 35 79
72 96 41
30 70 47
9 37 86
0 27 76
65 16 14
72 97 82
51 19 52
44 93 97
25 14 28
13 23 63
75 19 55
4 60 59
73 41 59
81 13 51
58 47 93
46 54 98
74 58 81
11 57 33
58 26 13
17 24 11
92 72 19
52 60 27
97 89 1
81 50 84
98 27 56
8 20 73
10 88 41
73 33 24
13 3 28
46 45 3
8 2 80
48 15 66
22 90 47
5 82 13
5 54 60
29 13 84
21 25 61
46 19 63
25 36 22
15 21 23
73 75 48
94 22 13
40 78 7
99 72 0
20 38 89
9 60 33
58 34 77
90 5 31
94 24 75
58 17 0
42 1 18
37 76 47
46 96 98
4 1 58
86 60 28
64 14 14
60 6 32
10 63 41
81 62 27
58 58 68
49 19 66
27 14 26
29 86 63
77 20 20
56 46 84
28 81 84
8 70 89
53 31 61
49 84 53
63 75 45
97 41 79
81 61 94
19 24 65
40 73 78
54 52 28
59 28 27
8 13 99
34 63 46
73 57 11
16 3 30
48 69 17
82 1 70
10 45 77
0 35 76
12 65 61
22 15 41
80 47 91
36 99 56
72 23 18
26 20 40
10 94 3
30 25 7
5 63 39
17 1 34
62 40 76
40 73 45
36 69 58
10 81 13
42 15 51
3 65 89
43 43 7
99 18 16
42 70 96
9 44 79
7 42 79
65 5 60
43 48 72
28 12 5
85 74 33
72 18 17
11 89 63
92 56 25
10 36 41
37 70 79
34 66 77
7 67 89
21 78 74
94 17 95
28 51 17
19 71 76
12 79 16
57 16 89
61 35 28
91 55 25
82 9 4
81 73 7
48 65 63
72 98 72
20 82 55
61 47 17
6 1 92
12 82 21
99 77 31
91 75 63
10 90 63
47 5 88
36 57 83
6 20 65
0 84 60
71 38 17
27 19 24
4 75 39
37 30 68
21 16 40
39 45 11
53 13 90
31 49 96
38 78 93
74 95 78
77 56 14
6 62 59
38 11 96
52 61 28
12 28 52
43 63 53
41 46 64
92 67 44
58 46 47
47 18 67
52 68 20
61 23 43
91 24 40
41 74 78
15 30 7
65 7 58
14 3 34
59 24 21
32 15 81
28 80 83
7 65 34
70 81 24
10 58 32
62 97 90
62 30 76
76 0 44
61 26 40
71 37 13
35 88 30
74 34 14
47 64 71
22 74 10
45 30 21
6 88 66
86 69 44
32 40 50
12 0 28
98 92 49
74 40 63
17 81 30
5 59 60
69 89 73
65 24 42
5 14 1
51 68 19
59 92 2
53 23 2
67 69 44
49 15 3
71 96 75
84 46 34
28 7 69
95 23 17
94 28 56
81 15 57
31 95 55
53 61 27
47 32 25
46 0 76
43 67 81
94 64 47
99 35 23
96 53 14
8 62 88
27 11 11
76 73 69
6 7 26
75 26 18
74 92 98
4 62 40
64 19 91
97 27 57
48 75 16
36 70 78
95 85 32
17 54 47
10 66 60
47 66 64
80 71 9
66 83 65
28 13 85
28 16 26
16 24 10
62 24 15
95 21 14
5 29 80
30 16 85
1 84 80
1 65 90
75 12 76
30 12 12
97 27 74
88 71 31
88 11 47
73 1 38
63 29 28
50 36 32
70 85 66
2 11 85
93 10 44
33 15 75
20 94 33
19 41 42
11 22 70
36 52 22
97 89 0
16 10 18
25 13 82
59 35 52
27 15 7
1 90 38
80 79 93
46 78 77
76 3 9
75 84 97
21 74 91
25 17 12
29 89 66
78 26 13
96 52 68
45 45 71
5 16 1
27 92 66
36 71 43
7 23 75
80 39 86
37 16 26
81 54 34
37 72 59
4 18 64
91 6 31
86 57 50
34 72 26
88 32 84
18 17 94
74 81 46
21 77 4
36 26 34
24 10 59
92 75 64
88 70 30
10 71 89
87 68 37
9 25 74
46 89 94
67 59 21
3 76 32
31 60 26
90 21 81
7 4 63
90 35 2
74 16 91
68 19 69
82 96 43
14 34 58
40 88 58
53 99 42
74 2 41
96 26 75
32 52 91
80 36 17
77 12 78
93 65 80
10 59 1
18 31 23
14 76 83
92 36 95
71 57 23
1 76 32
78 91 39
71 33 10
95 49 4
51 73 60
48 70 18
76 74 85
34 62 30
11 31 49
11 0 78
71 48 76
70 39 16
21 10 61
98 25 52
6 75 37
99 0 15
42 22 42
98 92 95
70 51 8
80 1 43
61 48 89
70 99 41
35 70 57
37 54 95
23 54 60
67 45 65
51 62 28
9 70 88
70 47 75
21 80 1
60 36 55
44 67 67
22 92 33
50 32 31
72 58 82
0 33 16
58 55 33
47 47 60
43 80 5
91 52 66
72 93 80
59 46 92
2 36 79
25 41 39
26 18 31
36 68 77
45 17 53
44 66 68
9 5 63
81 80 79
59 24 19
24 71 12
35 74 75
16 23 63
32 25 7
50 94 79
27 7 68
32 17 12
38 62 82
63 67 99
40 85 29
98 81 26
57 80 6
17 31 26
76 66 90
10 46 21
65 85 71
33 74 75
16 53 76
2 83 79
28 15 81
7 82 14
8 15 64
95 72 83
33 42 23
50 95 85
51 14 3
84 71 33
62 97 92
4 74 42
25 15 83
88 82 63
97 86 34
45 56 71
37 31 57
63 21 43
56 35 76
73 25 11
0 99 41
85 37 70
24 15 27
38 38 96
72 87 66
98 92 48
80 3 11
71 69 35
10 5 28
28 60 69
79 74 4
90 12 46
7 98 77
48 40 75
73 98 82
32 97 49
70 72 84
42 96 41
15 73 82
1 82 57
87 10 57
81 60 74
69 36 19
15 3 32
77 92 39
47 30 20
93 89 58
81 68 7
0 24 76
54 44 97
41 49 39
67 79 69
21 67 95
8 7 28
92 72 18
91 85 59
25 15 86
58 98 92
8 89 64
94 23 79
36 76 98
30 11 86
69 55 83
8 23 73
94 24 44
14 93 83
72 73 44
42 67 76
49 73 18
94 53 22
66 69 40
57 16 9
4 79 33
91 52 1
45 44 76
72 34 13
47 3 90
72 76 47
59 29 39
20 25 34
98 94 97
29 17 25
65 83 68
38 48 15
19 80 61
56 72 67
61 49 69
37 17 79
13 85 38
3 3 5
70 55 82
76 34 74
62 48 91
96 86 33
9 83 83
99 16 17
11 30 50
60 31 33
8 99 77
74 21 55
63 27 17
88 69 38
46 2 89
97 90 16
2 41 93
50 14 4
37 62 79
43 70 80
93 23 22
16 29 8
97 88 34
98 62 12
68 26 35
71 35 13
78 12 46
76 1 43
50 37 32
89 90 59
30 43 73
31 45 41
9 3 61
72 72 46
72 37 0
72 34 12
91 91 56
65 73 15
28 14 8
71 38 1
66 12 83
6 64 60
93 88 56
79 52 88
29 16 80
75 84 25
10 72 90
93 22 80
70 88 72
49 7 7
31 64 26
98 84 34
67 81 81
52 72 60
9 54 37
10 67 59
96 56 99
2 30 78
58 47 89
23 1 83
51 33 17
6 78 39
43 1 52
86 37 67
58 14 8
73 78 47
70 67 38
4 42 96
40 94 41
34 43 97
74 56 12
34 63 25
26 53 93
19 36 79
68 70 40
44 81 36
25 50 32
82 82 8
68 81 24
7 16 63
8 43 80
34 58 85
47 55 54
86 12 56
38 74 1
61 29 77
13 25 53
65 24 11
30 39 21
63 44 96
41 50 38
0 93 38
27 21 41
9 96 98
10 5 63
34 99 77
46 0 48
32 57 30
42 12 45
22 15 44
8 14 63
35 24 92
44 47 73
54 36 99
4 84 70
67 59 75
44 80 91
24 11 42
12 24 53
39 11 54
7 6 27
97 77 29
67 50 39
39 75 1
65 26 44
47 53 49
83 49 0
75 46 90
59 47 83
90 66 42
0 86 75
99 86 76
33 2 24
64 71 17
79 2 10
19 41 48
8 73 82
90 20 40
46 65 66
63 70 19
7 95 0
50 84 81
86 73 43
92 52 40
47 95 97
81 0 44
91 82 56
63 76 3
91 20 82
75 32 21
57 4 22
73 93 7
47 91 40
13 69 88
86 76 35
83 52 68
87 91 61
41 45 9
1 6 6
48 21 74
81 42 86
39 58 98
29 21 2
38 70 77
60 48 68
34 14 13
74 85 63
35 31 67
23 51 89
85 45 36
11 84 76
92 70 78
77 55 71
74 26 16
30 43 29
78 56 70
50 36 49
91 24 39
93 64 81
1 15 91
67 59 55
36 32 67
66 29 10
87 87 62
94 49 71
93 63 49
48 8 6
30 93 69
52 38 75
76 26 17
0 89 73
21 67 28
98 23 51
44 93 59
35 73 58
61 65 80
58 89 27
57 45 96
4 19 90
63 73 11
40 64 59
66 6 59
66 49 67
94 66 47
67 7 61
38 24 1
42 2 53
97 96 95
81 37 37
34 34 5
11 82 12
74 82 1
67 29 34
5 80 37
80 42 88
48 1 50
2 5 6
40 17 81
29 53 92
33 15 14
6 7 68
33 77 28
2 43 52
12 80 25
7 0 77
93 19 97
66 5 93
31 15 77
42 76 77
16 82 34
30 59 32
28 8 13
53 60 28
46 53 53
70 87 73
62 17 13
91 43 16
53 17 2
63 98 89
59 7 9
65 52 67
71 41 19
63 49 90
65 82 65
4 64 38
0 93 0
30 23 8
42 99 92
10 94 30
64 23 13
14 55 38
49 21 74
97 17 17
81 61 64
47 14 52
58 71 66
89 14 50
80 67 32
84 64 28
65 24 36
96 42 79
69 36 23
81 67 97
59 22 17
37 77 4
49 28 21
26 14 82
67 48 63
19 82 59
61 7 31
68 95 79
97 33 75
62 21 87
54 66 18
5 63 60
69 43 78
54 57 27
29 12 86
28 24 9
34 72 77
82 56 84
0 89 64
82 15 56
99 73 0
48 37 33
74 3 42
85 46 30
68 31 33
7 54 0
7 1 5
75 91 37
73 32 13
30 10 85
58 64 85
85 69 70
41 3 56
13 98 77
87 11 56
19 80 33
95 12 36
89 90 68
61 34 74
75 53 58
72 21 13
61 95 57
92 50 4
69 46 68
11 16 23
77 40 20
54 82 15
83 42 32
55 58 28
31 39 24
5 21 67
96 30 76
8 97 1
33 1 79
45 24 51
75 99 69
18 24 14
73 96 83
42 83 6
5 2 44
99 92 92
51 38 78
13 80 86
63 33 74
30 73 51
92 75 22
14 80 25
73 25 9
1 90 96
8 95 99
16 25 70
45 1 51
58 91 29
30 45 29
75 11 76
97 88 41
22 41 89
99 26 74
62 81 72
57 80 3
59 0 47
36 48 14
36 70 57
84 88 55
84 46 25
3 30 22
7 6 8
79 35 23
65 26 15
78 39 21
63 73 12
12 78 12
12 79 10
75 35 23
85 40 99
10 31 51
15 26 47
73 99 70
25 19 81
59 46 89
65 16 15
96 22 39
78 39 84
47 77 63
34 0 78
68 79 72
61 27 42
57 13 9
81 41 20
33 68 27
75 25 10
97 17 19
71 15 20
96 83 34
4 94 1
20 78 0
1 89 14
23 21 26
7 38 86
12 44 79
28 12 9
20 31 23
36 58 82
71 98 81
17 24 64
38 30 58
61 27 27
52 55 26
99 97 37
58 58 32
86 70 42
99 91 38
85 80 62
7 20 72
44 65 51
23 10 54
78 94 65
89 64 81
60 25 19
16 28 13
91 96 87
39 78 7
8 36 79
99 21 11
16 82 29
32 78 28
75 26 21
35 69 77
94 37 77
58 17 86
10 81 6
57 90 28
94 51 1
62 34 29
40 45 8
68 8 52
64 53 37
10 83 20
30 13 82
8 38 82
31 1 16
80 95 67
56 5 23
23 84 16
67 85 69
63 28 46
49 39 18
77 33 75
98 28 55
98 27 78
33 35 7
84 50 99
9 58 33
35 47 15
70 45 77
85 81 64
71 81 69
36 69 25
74 74 47
45 46 74
90 98 80
37 26 60
4 3 6
10 61 38
24 27 7
71 44 58
59 37 55
48 54 72
88 11 55
10 87 40
35 4 13
60 6 8
50 71 19
86 88 56
78 56 72
57 23 86
21 75 9
46 63 71
86 48 30
65 23 12
27 6 27
25 0 88
93 77 23
10 91 67
61 35 54
75 95 80
56 16 98
77 49 89
73 36 0
60 47 88
77 55 13
78 44 89
49 32 44
66 54 82
21 76 91
57 30 37
14 71 78
90 53 65
91 37 69
96 29 70
10 53 38
6 68 89
86 70 1
11 83 19
75 87 66
54 18 3
11 81 14
40 96 40
13 28 2
42 78 91
85 47 29
21 66 95
15 55 47
46 6 89
76 3 70
10 92 27
45 84 13
84 17 55
48 31 43
61 96 88
65 51 68
66 32 31
86 71 38
15 4 33
49 39 76
67 48 35
79 65 88
99 5 38
88 26 62
77 58 73
10 97 52
75 86 60
26 19 39
3 5 68
44 68 79
10 55 38
23 15 41
59 23 86
57 46 46
89 27 75
34 41 20
25 7 27
9 87 39
4 92 6
10 71 71
67 25 10
47 73 20
90 25 74
49 7 5
42 55 87
18 23 67
71 50 76
31 88 69
3 92 7
11 80 84
74 54 59
64 17 89
99 87 13
76 12 97
74 95 80
35 66 58
42 89 30
73 83 70
96 81 35
18 70 77
68 12 16
44 9 75
40 18 82
49 94 86
25 37 21
87 69 46
60 26 13
66 25 11
5 87 58
51 30 60
57 57 33
32 53 90
6 99 7
47 31 43
72 93 72
97 85 10
55 51 28
40 87 57
54 59 29
35 52 21
59 33 75
44 44 75
6 93 55
61 27 12
66 46 64
93 54 58
57 12 10
76 24 14
99 30 21
81 12 50
42 67 80
83 71 3
64 73 15
28 60 68
48 30 42
26 83 15
73 1 72
53 18 73
89 74 2
9 91 96
85 42 34
10 21 63
49 76 25
6 72 81
93 25 21
33 36 8
9 62 35
10 46 78
32 93 70
67 82 69
72 56 82
55 81 86
22 16 44
42 14 52
77 11 79
89 19 82
21 78 90
65 52 39
94 50 66
73 42 57
32 23 3
20 25 15
2 61 42
99 27 75
50 29 20
97 23 15
48 47 61
72 40 19
95 27 17
20 39 89
75 34 1
65 25 45
28 15 28
17 81 32
54 43 95
91 90 60
71 96 36
55 38 45
1 66 90
59 55 27
11 28 50
63 96 91
32 25 6
47 15 54
66 51 68
21 24 36
80 65 29
77 5 16
68 57 82
35 46 14
4 93 54
95 87 41
77 3 14
18 8 21
95 22 80
69 97 38
60 28 41
73 84 61
23 0 87
88 51 64
77 48 90
9 22 72
17 7 8
38 74 45
51 66 19
8 59 61
70 82 68
8 80 36
80 40 83
83 69 27
92 28 0
41 32 54
74 94 8
51 83 80
68 58 74
63 29 76
38 56 35
12 83 22
59 58 68
60 26 28
67 17 89
73 85 72
8 21 67
87 59 49
87 51 65
45 45 77
64 4 49
29 12 2
97 27 58
7 2 76
18 82 26
30 60 29
71 86 65
7 6 25
29 26 7
6 70 88
57 36 80
4 41 92
31 51 93
38 2 13
33 73 77
8 80 13
59 45 47
7 11 98
83 48 22
47 55 68
21 73 88
54 21 53
1 92 1
58 1 91
83 47 26
67 79 79
73 35 15
70 74 42
38 60 81
47 28 41
40 22 40
25 1 49
98 89 0
65 16 28
34 35 6
52 73 16
70 50 73
48 78 61
78 37 22
73 76 0
41 80 4
8 96 1
36 96 38
71 75 81
73 17 92
42 45 63
45 95 58
9 90 95
20 28 59
70 39 2
67 61 53
46 0 50
89 81 57
75 99 44
44 95 59
39 98 39
39 52 94
19 2 69
20 26 44
14 21 23
81 71 11
22 26 13
51 70 20
3 37 36
65 77 82
59 67 88
36 38 89
94 65 42
66 76 80
46 65 65
52 86 97
25 70 11
66 27 38
71 80 23
51 60 26
95 22 73
14 19 77
90 28 74
78 69 31
10 22 73
30 80 53
73 97 70
65 19 87
34 74 1
59 14 6
98 23 14
77 29 21
38 19 81
75 22 20
99 88 74
31 62 26
95 0 6
0 92 16
89 68 36
92 23 11
96 84 38
96 53 1
8 96 0
65 1 52
70 90 75
98 95 39
42 81 5
92 74 21
30 41 30
66 42 80
43 62 74
59 65 87
6 15 2
73 90 36
59 67 89
83 37 69
65 4 51
85 62 28
71 49 38
89 82 58
18 15 93
73 93 37
66 78 68
88 32 11
60 65 79
72 34 11
52 30 62
8 91 98
8 92 2
36 74 8
69 75 45
60 98 90
98 27 54
84 41 34
66 17 83
59 89 28
22 72 10
22 95 56
94 18 95
38 59 99
2 83 58
4 62 61
2 8 23
21 25 14
38 29 67
99 80 26
80 41 84
11 57 3
38 62 81
67 14 81
49 31 19
70 68 36
11 7 61
11 69 71
33 36 6
98 87 13
57 53 20
62 26 17
2 79 34
92 20 80
95 52 15
49 75 64
40 27 76
69 98 41
60 65 84
59 36 53
82 56 83
32 17 76
7 22 73
75 55 58
26 7 27
43 19 92
58 90 4
64 2 51
6 63 34
26 8 27
80 71 6
66 48 34
11 81 24
5 42 51
72 73 43
0 90 1
80 72 10
78 59 73
45 96 26
45 55 12
92 65 41
38 76 7
10 90 68
32 66 26
12 25 48
72 54 84
32 25 4
4 99 15
26 16 87
67 48 33
26 7 12
52 65 20
7 55 11
14 99 78
20 23 57
50 67 18
11 72 83
37 62 57
31 77 56
67 16 81
18 37 93
63 33 55
33 26 8
63 68 0
94 23 74
63 31 89
51 15 83
86 71 4
25 92 68
48 64 46
69 73 83
66 50 68
2 75 31
54 37 44
0 94 50
82 68 26
49 37 50
47 21 99
92 70 81
35 55 84
62 22 42
81 47 27
92 63 81
93 26 22
71 96 80
73 93 99
74 21 19
74 39 23
32 15 14
12 78 85
31 46 29
93 27 57
13 18 21
72 13 97
50 19 1
49 68 14
67 59 53
70 34 21
96 67 80
9 73 84
66 76 41
9 94 30
80 89 40
8 4 64
47 93 57
74 96 83
87 72 42
61 19 91
36 81 89
67 89 36
82 46 28
38 12 53
79 68 31
33 86 51
91 92 87
60 34 77
28 51 95
59 21 42
40 89 28
89 78 90
42 42 76
39 72 43
63 14 13
69 71 44
38 4 55
39 81 62
67 48 37
28 95 18
7 7 8
64 17 90
4 63 36
41 73 94
34 73 55
74 38 23
5 4 6
36 70 56
52 3 68
13 21 61
58 49 58
95 68 77
4 39 94
65 17 88
45 65 69
37 77 99
84 88 56
76 25 22
29 20 3
5 87 63
75 34 19
17 27 28
81 96 67
15 73 78
79 72 4
58 21 16
9 1 79
4 38 80
73 40 60
96 20 84
69 1 41
80 56 70
14 79 33
21 16 43
12 71 86
37 85 31
66 29 39
62 25 42
17 24 13
35 53 96
99 93 94
62 21 21
7 93 2
39 95 38
69 25 17
39 13 54
87 89 57
18 8 20
36 95 40
54 36 76
40 7 62
21 30 31
98 75 5
50 41 76
61 20 42
89 87 51
29 58 32
71 97 8
57 47 95
39 74 96
82 97 45
24 39 19
9 95 4
85 50 98
98 28 16
70 96 4
98 25 73
30 13 83
7 90 97
30 57 73
1 26 27
90 26 1
15 21 86
59 46 46
0 16 89
96 87 34
13 36 86
1 38 35
6 2 66
50 40 77
66 18 81
66 80 72
22 29 59
39 4 14
73 13 78
72 79 1
44 43 79
82 40 19
47 1 49
62 8 32
24 18 0
58 97 0
93 48 3
96 86 40
42 1 87
90 26 74
82 96 44
85 48 28
20 95 34
32 16 13
91 73 20
27 8 68
36 62 58
36 14 14
75 74 70
1 10 94
39 98 6
97 29 77
54 18 1
80 0 71
0 20 18
92 26 41
97 91 39
84 72 38
40 4 14
13 55 22
61 23 85
98 66 41
77 22 14
30 8 5
6 89 66
81 94 68
25 17 0
75 84 24
87 58 49
98 30 19
55 17 97
57 28 25
61 4 52
87 71 41
65 6 60
73 77 97
6 41 79
84 70 70
1 37 78
99 91 15
55 15 90
59 12 30
66 18 86
87 55 32
65 24 13
83 60 26
11 90 68
95 23 5
92 73 18
10 85 42
88 69 40
38 79 90
99 92 90
71 73 45
44 61 54
68 72 41
28 41 21
26 69 12
91 93 86
45 28 22
97 73 0
70 92 76
8 82 19
61 25 17
38 45 13
97 89 41
65 76 81
37 51 95
59 29 37
51 40 48
64 23 12
61 64 79
93 55 81
66 42 78
40 84 31
68 16 68
90 31 83
75 3 16
70 97 6
6 21 67
90 84 59
68 90 74
13 82 86
75 94 72
72 33 23
13 68 88
67 30 34
37 58 87
30 27 28
37 75 46
66 24 36
92 56 80
58 33 32
4 28 79
41 93 43
78 95 36
11 63 36
29 44 42
51 37 79
1 37 34
49 84 80
65 53 81
65 41 46
67 29 9
91 37 4
29 16 85
56 18 42
43 79 38
24 78 5
58 56 27
85 47 87
3 62 41
44 79 38
4 27 24
45 12 54
37 94 12
30 38 33
54 49 87
65 77 70
66 83 72
70 38 19
22 92 71
74 78 21
88 74 2
78 50 87
33 94 53
43 1 88
46 93 98
74 94 78
62 69 19
46 18 66
83 98 46
24 0 89
91 42 18
1 53 60
28 11 27
58 17 88
26 50 31
65 26 39
44 96 95
65 85 70
74 97 72
79 78 93
38 87 27
43 14 52
93 88 57
45 30 71
23 53 40
2 92 51
92 63 40
74 96 4
54 4 25
29 61 3
13 92 61
69 73 85
23 18 43
49 47 61
84 45 30
65 18 77
30 46 76
87 69 6
9 46 79
76 65 90
76 92 38
92 21 21
67 26 10
44 95 26
16 55 46
13 0 30
94 27 15
74 72 46
91 76 65
94 11 45
22 85 19
20 73 95
21 68 16
41 6 59
15 27 12
72 96 72
75 67 91
94 23 21
15 72 77
14 86 37
67 79 73
18 36 91
75 11 75
34 70 76
9 86 67
2 81 77
35 42 20
15 5 32
26 53 94
94 84 34
98 90 92
2 29 23
20 29 30
49 71 18
28 9 28
74 42 60
82 13 54
42 58 94
31 14 83
88 12 49
48 28 40
45 68 68
27 61 81
57 36 75
41 54 93
74 10 77
5 88 66
72 93 38
80 78 95
32 44 27
44 94 43
12 4 28
24 1 90
5 93 55
76 23 15
45 52 50
78 64 88
78 1 11
37 52 96
44 59 96
73 26 17
10 60 1
26 12 11
94 23 6
10 62 40
40 86 56
77 57 72
9 90 68
8 77 36
77 72 68
75 0 66
99 35 75
4 92 1
87 46 53
90 97 81
58 78 4
31 22 6
68 46 68
90 96 81
60 19 88
68 46 35
40 81 6
73 78 0
29 46 30
42 92 42
77 50 88
77 39 26
94 23 16
36 73 57
43 89 78
43 91 28
0 92 37
19 10 22
89 67 41
82 63 27
57 29 76
31 77 94
69 45 38
37 92 11
75 71 47
3 68 90
41 19 66
67 28 11
98 56 0
65 55 38
91 97 88
5 5 26
0 19 19
28 60 80
77 69 33
32 13 83
17 70 94
15 47 15
5 17 64
22 10 43
28 90 68
31 15 15
67 84 68
24 12 44
26 17 30
45 17 55
69 61 55
11 17 22
81 11 46
75 90 9
32 47 78
46 44 80
71 96 7
62 21 85
20 68 96
77 24 16
10 63 9
48 71 19
45 75 15
25 11 12
47 46 3
90 83 57
29 18 79
98 85 83
58 80 5
29 13 11
68 60 51
40 3 16
97 76 28
83 53 69
55 4 24
45 52 52
43 21 94
63 21 89
85 71 69
59 13 7
0 19 18
64 30 30
46 18 64
13 77 84
26 12 81
45 19 91
90 51 2
49 69 15
96 54 0
18 82 37
56 19 2
2 86 69
71 94 79
69 34 19
54 61 29
38 30 66
93 26 14
86 73 34
34 53 95
7 79 10
88 90 60
39 31 59
17 83 27
34 30 66
67 49 36
94 23 11
78 47 90
47 63 47
29 42 30
6 17 62
30 74 51
14 64 10
61 24 19
88 45 36
62 65 99
45 65 50
7 62 31
25 92 30
8 91 69
60 14 6
7 61 42
29 12 4
84 51 67
7 3 65
93 29 75
45 29 13
64 94 31
61 89 27
25 20 39
16 20 85
96 53 3
99 78 0
91 56 23
4 76 38
65 30 10
60 11 31
27 13 84
73 69 92
10 96 82
10 46 22
24 51 59
60 23 15
29 75 55
4 18 0
87 82 64
75 78 87
54 53 27
72 82 70
49 30 42
99 76 30
75 99 67
70 39 19
21 23 38
6 89 59
74 83 62
21 29 60
28 10 10
96 60 11
73 87 7
60 7 55
46 1 90
16 69 76
96 23 72
79 36 20
66 78 40
90 16 0
47 54 53
10 96 5
74 98 71
19 28 41
13 65 61
43 64 52
53 56 27
98 85 76
76 23 21
43 95 43
52 17 75
37 3 12
29 10 28
3 54 59
8 91 1
39 3 14
79 48 91
74 80 45
6 85 59
81 9 3
92 39 75
81 67 27
5 41 80
0 44 93
61 18 81
26 26 10
79 14 48
41 4 57
63 15 12
73 82 34
11 3 63
7 4 60
42 47 71
28 24 8
24 27 94
77 77 72
71 77 20
43 77 78
31 50 97
94 52 23
53 20 54
67 41 80
73 33 12
36 28 34
40 68 59
71 33 22
68 51 67
60 48 18
39 60 56
90 51 68
95 99 7
51 75 19
69 39 16
75 2 71
89 14 53
59 32 33
97 27 71
9 90 99
75 72 86
68 57 21
67 12 82
39 59 82
21 77 3
64 79 94
31 24 6
72 95 40
76 94 0
1 42 88
31 94 71
20 29 60
0 21 14
73 94 39
79 39 84
6 62 89
5 79 36
41 54 98
64 74 44
58 56 30
49 21 65
44 88 29
10 57 39
44 44 78
21 14 43
68 99 39
16 16 61
50 85 57
74 4 17
66 14 16
36 73 58
93 69 80
34 69 60
18 40 47
42 97 41
35 71 56
50 14 82
10 26 74
27 86 62
6 90 60
45 32 23
26 19 80
87 91 56
19 72 96
13 38 85
76 9 79
72 6 16
24 13 81
29 72 50
49 38 31
65 62 10
44 45 74
89 27 73
80 72 4
43 3 14
94 23 25
36 46 14
30 44 29
65 88 38
13 25 33
64 15 12
78 34 19
50 20 65
0 38 79
84 71 35
60 46 94
16 28 28
76 77 73
93 54 23
52 29 57
2 23 55
21 91 33
33 44 27
68 12 15
88 68 7
42 95 95
65 78 69
2 56 92
37 73 57
35 42 95
30 44 39
84 14 56
28 17 79
41 57 90
54 96 6
64 66 98
18 24 57
82 74 7
17 77 83
28 38 36
19 83 36
69 34 23
11 4 64
74 80 0
39 79 91
2 40 32
12 79 9
99 92 13
91 46 18
76 60 75
76 78 21
94 56 3
90 83 56
0 19 15
76 72 44
87 89 54
48 1 92
99 93 89
9 57 33
60 43 91
80 0 45
64 76 82
61 25 16
7 28 80
13 94 82
0 65 89
39 57 34
84 49 99
76 2 16
60 64 88
26 50 44
44 0 91
93 53 69
32 3 16
26 59 69
44 58 52
58 33 78
10 81 15
1 8 24
33 8 1
7 70 78
9 45 78
37 49 16
73 0 39
80 39 90
68 46 38
61 17 82
59 24 17
93 23 41
26 14 84
18 39 46
62 25 11
5 1 61
56 35 78
22 13 27
57 48 88
95 49 5
42 16 64
97 5 31
0 84 79
8 38 85
94 65 79
48 74 20
80 89 39
20 74 93
95 52 2
57 33 53
17 26 33
0 75 31
28 93 68
73 48 50
94 28 76
14 75 82
70 96 41
28 52 92
85 60 28
4 87 64
87 48 30
11 28 1
71 16 91
43 67 79
33 59 31
68 48 34
79 25 13
37 61 56
70 50 39
81 38 36
6 54 99
77 34 20
91 31 82
75 83 95
10 23 71
66 23 12
38 73 97
8 16 63
8 86 40
48 17 66
84 49 26
45 93 95
60 46 91
26 13 13
5 4 68
24 26 12
62 63 79
7 8 24
61 20 90
26 42 40
15 73 79
48 42 22
66 94 29
50 34 33
39 68 59
37 66 61
19 70 28
74 34 24
40 6 63
75 84 96
79 27 14
27 65 86
37 20 83
22 61 44
66 77 77
11 70 93
44 34 69
85 58 28
2 42 32
38 23 93
33 9 2
18 87 68
94 68 80
69 66 37
12 4 60
67 13 17
93 64 78
28 28 49
57 18 43
90 67 43
94 66 48
57 56 29
99 30 18
74 88 65
58 27 14
38 63 57
63 73 13
37 69 55
72 81 45
65 11 83
9 81 85
62 20 19
23 68 15
31 93 70
59 27 13
32 51 94
30 41 23
28 71 45
99 26 54
80 40 89
44 81 90
10 58 4
27 19 79
1 89 96
96 67 78
83 43 34
75 16 90
5 62 35
46 24 52
76 47 89
29 18 25
43 99 92
23 92 59
12 64 36
59 36 26
1 14 92
88 72 33
84 70 2
21 37 88
33 84 53
44 56 69
12 99 78
4 86 58
87 72 2
32 74 76
2 41 97
2 38 34
38 80 90
64 86 71
40 67 59
39 79 93
92 20 81
60 90 28
87 12 50
96 28 56
98 88 1
71 73 83
63 73 43
41 99 87
12 73 83
98 93 16
8 24 74
34 48 17
93 19 96
74 99 65
28 43 40
70 68 34
76 30 19
64 18 83
28 52 16
93 24 12
34 25 93
1 18 13
78 99 72
11 76 85
15 70 77
97 78 32
29 82 85
66 25 43
78 54 12
5 4 8
28 71 49
23 18 42
84 65 29
69 50 39
75 56 13
69 16 90
96 16 44
67 52 38
38 76 0
37 96 40
32 75 55
65 72 44
52 22 3
43 29 20
72 91 7
74 28 10
96 24 17
4 82 12
75 49 92
0 96 38
40 87 30
43 21 92
50 99 54
64 74 16
4 20 89
27 52 95
10 74 85
18 92 32
85 50 67
39 31 68
30 61 2
24 94 31
32 45 40
90 10 45
99 78 27
42 43 71
1 24 55
92 19 98
24 17 41
96 23 10
29 12 8
59 65 85
11 46 77
38 76 2
91 50 5
89 13 52
69 82 25
93 25 40
49 23 2
47 20 0
4 3 7
75 78 2
89 29 15
3 22 54
27 51 44
5 0 7
24 99 88
38 57 88
72 50 53
27 73 54
16 78 82
0 37 35
66 33 30
92 44 16
71 95 3
69 59 22
64 24 35
96 27 18
96 85 8
0 31 22
96 22 72
8 69 77
5 84 71
35 27 92
44 96 59
74 83 23
4 55 59
9 55 47
11 9 47
1 91 96
6 78 10
22 75 10
48 62 46
58 56 33
12 1 32
35 72 76
76 22 13
83 53 84
8 90 62
77 0 11
59 36 76
79 70 31
32 17 10
91 37 72
73 39 62
72 79 46
44 55 13
17 70 76
61 21 20
98 28 76
9 64 42
45 16 54
36 29 33
49 64 62
45 92 57
80 81 68
43 69 95
24 77 6
67 5 94
53 4 25
31 17 81
72 96 71
74 77 1
67 49 63
27 13 24
12 59 0
77 97 67
62 20 88
80 24 97
80 72 6
27 99 27
74 95 9
78 59 50
12 29 2
92 64 82
55 35 77
96 22 5
41 4 54
5 79 12
3 29 79
58 91 26
60 35 51
67 77 40
74 56 11
21 77 29
99 97 41
45 95 96
56 48 87
98 78 28
26 40 39
36 65 26
98 29 55
57 79 6
66 70 45
92 63 48
62 27 44
35 64 26
24 82 18
99 91 12
87 50 68
17 9 20
3 42 93
19 37 90
68 54 84
3 73 30
40 89 55
33 89 83
33 71 27
78 94 64
82 45 85
24 16 42
38 71 78
68 18 68
73 52 58
35 43 96
6 2 60
11 70 85
3 7 30
0 92 98
46 93 57
80 45 26
43 40 71
76 39 25
22 25 61
42 82 7
38 72 96
72 95 44
60 37 76
80 34 20
31 16 82
20 37 90
16 39 44
56 28 26
88 68 40
52 18 2
47 4 93
73 20 15
57 72 65
73 97 3
82 0 70
1 75 41
10 59 37
75 22 55
2 86 63
41 2 17
58 27 26
22 69 30
62 48 17
58 0 90
8 38 89
37 96 39
19 25 64
13 55 37
91 37 94
28 18 25
97 19 40
4 65 61
62 19 12
18 10 23
46 16 68
66 82 73
57 57 28
28 44 29
55 48 86
69 70 43
67 17 82
50 31 18
68 50 37
99 87 75
77 44 88
27 88 68
4 53 58
96 23 79
75 66 10
91 27 1
0 85 75
5 81 36
55 81 15
64 98 88
8 0 90
36 16 14
24 78 7
2 38 35
39 91 10
97 92 15
28 87 69
45 77 80
79 67 30
48 48 80
7 3 61
51 98 53
2 22 53
27 43 41
46 53 50
30 41 31
39 0 58
11 71 91
55 46 95
5 8 23
72 74 81
26 18 1
77 3 9
37 95 11
71 94 75
44 32 71
10 83 82
89 32 10
60 45 92
43 80 16
57 41 92
48 46 80
11 63 89
88 16 2
44 18 66
26 64 87
22 38 87
91 64 82
47 76 61
76 82 0
16 29 7
4 9 67
91 20 93
63 26 12
46 61 54
31 45 28
13 1 32
55 36 13
67 47 39
85 52 80
57 47 83
46 88 29
84 66 30
17 28 8
75 45 91
63 16 91
2 26 26
25 82 17
68 86 75
95 98 0
72 91 1
10 26 47
65 67 1
98 14 1
62 33 53
99 93 50
99 91 17
33 60 69
41 75 77
36 24 93
74 91 9
68 3 19
64 32 31
16 31 27
58 64 86
0 16 47
19 90 59
14 75 83
99 29 17
32 15 82
48 14 65
29 81 86
76 58 72
75 73 48
14 70 88
2 89 39
98 96 40
45 31 70
14 23 68
2 39 32
55 15 97
96 39 80
83 16 56
73 86 25
27 14 29
94 27 55
29 89 67
44 20 92
71 45 70
13 84 22
79 49 84
25 11 40
48 3 88
6 22 74
9 93 3
87 89 61
22 93 60
1 9 30
92 25 23
70 16 92
92 56 21
42 21 40
32 87 50
55 56 26
77 48 83
8 72 80
5 30 80
13 1 29
58 35 75
85 38 68
19 16 95
77 47 86
10 70 72
92 30 74
93 0 2
2 89 14
15 25 46
48 31 26
91 36 69
42 70 81
7 57 47
93 22 41
75 35 22
8 8 29
7 83 15
39 39 97
94 50 70
6 37 77
55 38 0
8 81 36
60 17 86
72 80 1
85 48 25
23 22 38
84 37 69
6 92 26
42 3 12
20 78 2
82 68 97
25 12 12
86 45 34
72 34 97
83 78 34
39 61 82
69 9 53
93 65 83
33 42 16
73 17 90
22 1 86
69 38 2
38 96 38
27 51 93
21 74 90
6 38 90
7 1 59
24 12 41
60 69 54
58 70 65
67 15 80
82 13 53
56 64 86
21 26 60
68 58 21
64 49 69
7 81 11
91 66 42
4 4 27
11 52 42
24 16 11
46 20 92
88 90 57
74 82 27
41 89 60
24 70 13
10 60 38
42 99 41
28 74 53
31 61 28
72 95 37
9 58 37
60 45 90
22 26 59
89 32 11
63 22 44
81 98 45
49 0 49
71 25 18
73 39 4
48 14 3
46 59 52
37 0 57
48 64 48
87 74 34
9 31 50
95 25 52
76 51 33
41 0 93
79 55 71
46 46 72
69 0 40
45 93 42
20 26 63
22 79 4
56 81 2
79 53 14
73 34 98
59 32 75
6 82 13
66 85 73
57 27 15
65 33 32
12 20 22
2 74 44
31 60 1
38 99 33
9 90 70
86 70 67
7 21 66
35 51 93
47 40 76
94 25 13
29 40 32
9 44 81
23 73 11
28 20 4
7 92 69
6 73 81
43 64 73
43 42 80
32 3 17
72 14 60
41 0 88
41 0 40
17 42 43
72 49 51
73 79 22
37 49 13
25 39 21
20 39 43
19 91 34
67 51 65
12 26 50
65 75 43
32 74 78
64 40 46
60 11 30
92 42 15
78 54 14
69 26 94
19 27 43
41 22 41
35 26 33
35 98 57
90 23 19
91 22 20
40 58 98
80 47 90
68 8 50
6 1 7
23 2 86
52 18 74
63 39 74
59 91 3
22 94 31
81 80 92
32 64 25
89 52 65
40 46 10
31 79 54
98 38 79
11 70 78
16 74 80
39 60 99
69 91 75
51 98 10
22 27 58
51 61 29
72 96 81
47 99 48
21 78 6
50 20 76
73 88 7
40 5 58
70 36 13
24 53 59
63 66 0
14 2 29
11 22 68
9 97 7
26 78 6
9 36 80
75 57 72
0 25 54
65 6 49
53 39 20
42 92 59
21 77 7
21 26 62
76 13 76
90 19 82
80 78 94
0 91 0
89 91 60
31 28 48
7 62 58
63 75 76
42 72 94
1 84 75
24 53 37
20 11 62
49 84 55
57 43 94
49 18 66
62 32 75
99 89 74
21 74 7
12 56 32
53 37 46
48 5 87
61 19 17
91 87 57
36 93 11
92 24 42
74 30 23
12 22 62
97 21 40
15 22 62
11 95 82
96 42 67
68 6 93
72 78 49
92 28 99
9 96 0
8 81 12
88 13 50
16 41 44
56 81 5
58 36 54
53 51 87
5 28 24
66 17 77
64 17 78
61 18 13
95 29 55
38 40 98
77 98 71
23 94 62
32 39 22
58 15 89
91 88 59
91 22 37
22 59 70
53 31 60
35 26 92
7 89 63
27 16 29
93 66 41
40 56 93
36 52 93
23 11 60
35 71 78
23 28 60
78 31 22
9 82 19
12 71 77
93 99 4
23 30 59
6 41 51
39 86 30
32 95 54
10 95 5
14 2 31
80 59 73
73 79 0
40 2 56
35 45 28
49 20 1
9 81 20
50 20 71
31 16 11
44 69 80
18 82 59
30 53 55
27 61 88
25 15 12
84 51 82
65 71 44
60 19 42
32 73 57
45 54 99
84 52 67
59 44 93
67 26 16
70 71 46
35 43 18
19 26 33
37 88 28
38 42 96
51 39 19
38 41 96
5 80 34
8 4 62
71 40 20
44 33 72
42 45 67
40 97 6
73 22 19
81 95 42
76 22 54
2 94 1
74 20 56
43 94 95
73 10 8
62 3 52
8 62 72
89 21 41
60 24 85
71 46 76
61 50 70
48 35 49
83 64 28
40 59 57
53 54 27
13 90 63
5 1 66
85 46 26
12 71 76
2 41 33
4 21 67
7 63 88
7 56 12
64 21 88
3 19 66
45 76 16
8 94 26
7 34 51
49 41 21
79 66 29
51 20 73
88 88 61
75 69 84
32 34 88
12 89 62
14 21 61
72 78 21
20 27 61
19 67 29
72 25 10
23 14 43
72 14 59
18 86 67
7 71 77
37 0 54
33 13 75
67 52 67
88 45 35
35 28 35
19 64 45
30 76 55
13 5 61
44 30 14
38 49 15
24 38 20
16 54 77
63 3 50
4 70 74
99 36 76
16 26 30
21 25 58
11 80 11
26 12 84
0 85 11
72 1 40
21 92 60
36 67 60
98 31 16
25 31 59
31 76 54
77 1 12
45 94 27
11 66 60
8 94 25
72 97 74
30 52 93
43 94 98
97 40 50
24 52 58
64 50 89
67 78 78
73 84 71
3 93 7
54 67 20
97 76 63
60 20 41
42 78 90
7 63 59
10 34 89
31 60 70
44 18 94
35 57 84
16 82 39
42 4 9
91 52 69
10 59 33
32 11 83
80 50 83
79 80 94
44 54 98
81 13 49
11 22 62
28 7 28
75 79 21
28 86 63
80 47 82
66 26 37
69 81 79
58 46 94
61 23 16
39 79 92
22 16 42
2 74 30
10 1 79
90 14 54
78 66 58
38 56 90
67 70 41
68 59 54
94 42 83
3 9 30
66 23 10
58 13 11
15 23 69
27 9 12
51 32 57
50 84 79
20 77 28
66 6 93
87 58 50
81 54 69
71 94 37
34 44 28
15 82 28
17 75 81
97 66 5
71 92 6
3 36 79
32 94 70
78 73 3
76 75 71
21 10 43
24 67 14
66 84 67
2 10 85
10 51 42
80 40 85
11 5 27
43 42 71
31 11 84
90 93 62
16 26 12
0 90 38
62 93 29
98 18 45
78 70 34
44 31 13
95 55 3
59 46 83
0 73 99
73 29 11
25 1 12
83 72 8
94 71 82
17 36 92
59 26 13
30 27 7
95 16 43
88 72 44
38 87 29
6 73 39
8 2 60
53 37 76
57 17 99
65 16 13
39 99 6
82 44 86
37 29 68
61 33 76
44 90 61
61 94 56
4 23 69
75 84 62
80 14 49
2 95 5
61 34 76
23 93 70
62 28 44
47 0 56
72 97 84
27 25 9
11 70 88
84 12 56
7 37 81
33 17 76
75 82 23
97 25 55
19 15 94
68 89 35
79 3 10
28 15 80
80 69 30
77 36 21
79 58 73
13 87 36
41 68 75
87 73 3
65 74 81
48 27 39
42 3 13
65 49 88
74 85 97
38 75 96
2 54 59
76 1 44
84 63 29
57 18 88
48 34 50
72 78 99
19 29 24
76 33 24
29 50 96
13 81 26
90 52 70
29 71 48
91 90 62
92 88 57
4 29 23
33 47 18
6 5 26
18 28 6
36 56 17
61 5 32
12 27 0
92 89 61
94 52 67
97 74 2
40 85 30
11 86 76
65 73 80
62 28 29
6 62 41
9 3 81
13 26 49
60 20 80
37 83 31
12 61 37
20 28 57
75 23 11
98 54 26
73 19 17
61 95 58
51 23 4
80 97 68
48 83 54
29 92 68
61 3 52
33 29 91
97 89 16
23 71 11
8 93 27
88 90 82
22 29 62
50 21 75
73 74 80
3 63 37
13 21 22
95 67 44
32 18 12
88 15 99
17 88 67
60 18 90
73 92 0
67 83 66
46 51 34
3 43 97
86 68 55
61 30 88
88 18 99
74 85 24
38 64 58
13 26 4
43 92 10
40 0 59
79 81 53
0 92 88
43 48 70
7 79 36
61 63 89
91 12 34
4 2 6
50 39 77
19 27 42
66 73 82
46 92 95
96 85 39
20 10 52
91 70 78
63 18 88
2 94 6
59 60 74
19 2 71
8 97 8
48 17 68
92 37 71
49 31 31
22 94 58
48 66 48
49 53 71
52 31 58
98 40 79
59 21 17
36 4 13
45 64 70
40 4 54
4 38 34
8 97 2
24 25 83
74 92 7
36 57 82
64 25 13
27 19 0
95 90 0
30 21 5
38 20 81
39 3 54
17 24 56
23 16 83
47 77 77
24 42 39
6 8 96
81 98 69
5 39 81
40 68 75
86 81 63
88 66 81
28 47 29
55 18 43
74 92 37
43 41 81
49 64 45
20 24 35
30 8 64
23 11 43
91 23 38
96 22 15
34 67 25
3 23 68
75 25 15
41 75 79
10 97 6
48 39 30
64 76 71
7 37 91
98 29 72
82 79 35
24 10 39
93 51 2
91 68 44
0 31 23
91 11 45
65 48 69
37 60 55
18 26 10
20 81 55
91 2 6
57 17 89
95 31 77
11 61 37
39 63 57
64 25 15
31 58 30
88 67 37
77 95 66
91 64 41
74 81 99
34 54 83
77 48 84
83 66 27
98 94 94
92 51 69
33 74 5
52 45 96
52 39 75
6 80 11
73 94 79
56 81 6
59 35 76
69 30 57
3 94 3
10 90 96
95 26 74
1 91 39
12 82 23
36 75 98
3 80 33
38 19 82
3 75 42
4 20 67
78 59 74
8 63 60
90 63 81
86 89 55
90 51 67
71 38 15
43 90 28
42 75 78
65 48 68
48 23 76
68 15 67
43 3 25
59 20 91
79 13 47
64 18 90
20 90 58
41 73 44
5 70 87
32 14 76
96 41 81
82 47 26
60 35 75
42 62 54
12 0 77
41 4 13
37 58 86
79 57 76
43 16 66
99 91 14
96 98 6
68 52 84
50 72 16
74 24 10
98 80 98
67 68 45
87 57 51
90 87 59
94 52 25
58 66 88
67 93 78
75 83 26
83 71 35
73 94 73
2 92 2
9 74 83
44 63 72
13 58 0
83 55 84
72 20 16
12 69 71
40 75 47
68 52 66
64 27 38
81 55 71
55 19 3
27 12 6
72 86 26
73 80 45
99 39 80
26 13 11
79 20 73
2 31 21
32 40 82
77 93 38
62 27 45
49 72 17
67 88 74
57 5 53
72 49 75
94 42 84
41 57 98
90 36 3
65 24 10
6 30 24
55 37 99
74 35 99
76 35 21
83 69 96
21 79 1
20 63 44
68 69 43
63 93 31
15 25 62
6 44 96
55 67 19
14 78 17
25 98 88
46 32 24
38 73 43
70 47 78
9 86 41
62 45 95
31 18 77
0 31 18
6 88 62
90 90 57
7 38 83
69 67 37
84 77 35
73 31 62
55 39 0
12 37 86
48 23 75
79 35 18
48 19 99
27 8 27
38 3 57
22 4 88
12 64 61
40 58 91
6 73 82
44 78 79
72 81 24
86 71 2
43 79 92
62 40 75
80 48 85
39 18 66
49 33 44
60 25 18
6 63 89
8 82 13
13 73 82
95 85 37
29 80 82
1 93 50
99 75 39
91 89 58
58 74 92
37 56 82
93 3 86
46 76 77
31 60 30
89 52 66
5 39 35
8 61 42
40 76 76
22 11 60
73 94 36
73 33 1
33 11 12
98 90 39
39 19 68
35 57 18
78 15 47
67 28 38
13 48 16
46 77 61
23 92 32
94 5 10
72 35 14
9 61 89
42 62 73
24 26 53
64 89 75
92 5 31
1 43 87
39 77 6
95 99 8
90 88 59
47 35 48
76 67 10
50 76 18
37 45 14
75 80 71
65 66 97
5 19 64
5 61 60
98 16 45
42 63 53
1 9 86
27 14 10
96 89 0
26 25 8
43 89 29
43 91 60
63 82 73
6 94 0
31 11 12
73 98 73
94 55 83
19 28 58
62 47 90
30 15 10
11 60 33
86 47 26
37 72 96
41 98 92
46 42 81
0 25 75
74 88 64
66 54 39
17 80 33
60 23 18
42 90 61
77 21 53
28 45 30
94 89 59
31 39 33
37 31 67
39 72 79
6 76 38
96 43 82
96 73 3
5 13 3
77 97 72
5 72 30
78 94 37
92 4 19
72 77 48
88 72 32
57 98 99
41 91 10
25 58 69
58 90 28
31 23 7
38 22 95
35 58 32
6 37 85
91 27 15
29 75 54
22 96 58
20 81 1
50 63 62
78 26 23
34 61 26
5 40 78
30 77 53
4 96 0
3 87 68
56 47 95
40 19 67
67 43 76
0 36 77
70 69 36
99 22 51
10 81 20
45 89 29
12 38 92
87 12 55
74 26 9
11 37 87
42 92 11
28 11 26
32 37 5
92 38 73
44 31 11
64 80 71
60 65 83
20 1 70
51 30 57
0 98 42
7 90 61
6 91 68
60 5 51
22 10 51
60 35 20
77 60 74
0 84 81
85 89 57
58 11 31
28 88 67
89 16 98
61 20 18
3 36 80
30 49 95
8 89 66
45 17 65
81 56 69
7 62 34
40 32 59
73 96 70
88 14 0
45 88 29
60 25 84
47 89 30
59 90 5
71 55 83
95 84 34
46 88 1
97 28 18
5 17 2
66 29 11
10 80 85
95 55 98
70 76 81
66 19 85
58 20 42
41 45 67
42 55 90
11 82 21
62 75 77
86 70 45
23 42 89
2 76 32
64 66 1
31 59 31
46 45 70
85 13 55
72 21 14
6 7 24
6 3 7
77 10 80
35 56 82
44 55 89
64 77 3
35 66 26
46 92 41
16 83 27
65 63 9
15 79 33
96 73 1
0 33 22
74 56 59
83 2 69
79 60 72
39 63 59
24 1 48
39 53 93
37 58 33
46 0 52
28 60 71
61 64 87
89 53 2
98 26 71
76 83 98
4 53 98
79 65 87
79 33 19
95 42 82
59 25 27
45 91 95
3 82 78
6 11 0
27 19 1
38 77 5
72 40 3
1 96 40
76 36 24
43 54 99
53 82 16
99 25 72
73 76 51
5 1 59
72 75 80
77 15 96
44 74 16
62 19 16
62 21 90
70 35 20
1 84 57
10 37 90
35 41 94
31 46 40
0 20 11
70 94 81
22 17 42
56 57 27
98 77 31
58 34 52
45 0 56
63 50 90
59 56 34
81 36 16
76 28 17
67 84 72
11 18 22
86 72 70
82 72 2
58 46 84
95 65 47
61 26 41
73 71 84
37 73 98
79 60 70
97 21 38
49 73 2
70 66 32
28 11 9
69 96 5
92 42 17
44 65 49
39 18 68
59 6 7
38 75 45
8 32 51
58 15 8
84 59 27
1 83 59
64 34 74
41 80 6
14 26 32
41 88 29
76 96 66
34 43 94
9 53 37
93 66 40
32 61 69
34 28 92
29 45 75
98 91 91
16 16 71
96 24 14
11 62 9
72 78 0
35 34 66
16 40 44
11 37 91
74 55 58
48 69 16
89 16 0
81 43 87
77 24 22
92 52 68
78 90 39
48 97 85
24 9 40
42 13 51
5 18 1
25 68 12
89 89 58
59 28 40
39 59 81
73 24 10
8 93 29
61 66 85
54 86 85
55 90 39
25 15 88
9 80 7
61 49 71
96 66 80
29 22 2
14 25 54
61 0 48
64 17 79
0 74 0
85 72 36
33 71 76
67 68 47
88 91 59
96 0 55
87 32 85
69 70 42
1 20 14
72 5 15
65 76 72
10 17 24
28 91 69
68 49 40
28 20 2
23 42 90
71 80 36
17 26 29
7 9 97
53 67 20
73 87 66
19 24 15
73 39 2
4 75 41
74 1 72
91 32 12
99 92 99
77 94 39
46 96 57
42 50 39
36 57 85
76 61 73
20 79 35
27 40 22
47 94 97
74 83 70
99 23 10
68 88 70
91 50 3
66 88 75
30 70 48
53 38 45
74 52 59
15 33 59
44 96 44
33 34 86
92 22 21
38 68 55
36 72 55
62 29 44
49 7 57
7 75 38
60 88 27
17 80 35
10 36 87
48 9 7
85 44 31
38 62 78
10 54 39
60 45 94
24 69 14
42 15 65
88 48 29
10 70 78
20 76 94
93 20 77
31 94 61
58 18 44
1 73 41
9 88 65
95 22 11
12 62 37
78 37 24
7 37 90
71 95 38
31 14 82
1 55 92
44 78 39
37 72 42
50 19 72
73 91 8
9 6 29
58 35 57
86 73 36
20 75 6
7 69 88
37 9 53
24 15 82
73 16 92
99 22 13
6 19 65
6 43 95
79 38 21
73 4 16
33 74 56
24 21 39
61 38 77
48 1 51
84 61 27
50 40 19
92 25 41
40 80 63
31 51 92
89 53 1
14 26 13
6 34 78
40 32 53
80 42 85
75 34 20
61 67 86
2 23 84
46 70 21
11 84 43
13 71 78
42 18 65
21 38 89
9 58 5
15 4 31
23 10 59
45 0 54
3 93 2
92 20 99
64 14 15
76 70 34
13 39 93
14 56 22
90 43 16
46 94 94
26 91 70
97 17 45
35 15 13
17 10 19
24 53 41
24 7 28
95 53 24
72 43 58
56 44 95
19 79 34
37 69 77
11 62 87
63 44 95
43 63 73
7 0 6
81 47 86
70 45 69
50 66 17
76 20 56
37 42 95
71 41 21
91 16 96
44 43 70
46 21 91
57 92 2
60 72 16
36 73 95
73 91 36
30 27 48
57 40 92
77 38 24
93 38 76
11 85 75
91 63 48
23 13 41
51 29 61
72 83 72
96 26 54
12 25 50
5 40 93
57 63 86
79 81 69
86 72 39
17 56 46
59 47 16
79 76 70
94 20 84
37 21 82
68 5 93
34 58 32
91 66 40
67 7 51
28 39 35
94 20 78
61 8 54
41 77 76
10 58 2
28 6 68
9 45 22
37 59 82
43 71 95
13 55 78
47 65 63
87 73 34
4 72 30
2 97 40
41 60 58
55 16 96
40 48 40
47 15 52
8 5 30
60 2 48
25 13 29
41 86 55
96 28 71
22 24 15
12 76 53
5 58 60
84 52 83
68 71 42
39 95 39
78 76 71
40 99 91
72 76 99
84 50 24
93 76 23
95 51 69
12 71 89
0 11 93
10 82 84
39 94 39
77 38 83
48 63 72
60 7 54
18 28 41
67 26 9
79 50 88
76 72 48
19 25 32
62 96 88
50 22 72
11 72 85
5 64 61
11 38 88
32 61 0
34 72 6
4 69 74
63 7 59
94 6 11
0 92 97
25 52 37
58 47 37
97 95 95
29 60 72
24 12 29
89 65 82
25 83 16
11 87 86
68 28 35
27 18 99
63 27 46
49 18 71
64 67 97
30 82 85
9 93 28
80 14 52
46 1 53
93 4 85
18 30 25
45 79 78
9 79 8
78 48 85
69 73 43
64 8 59
13 70 87
77 65 89
95 65 79
40 73 95
25 14 84
17 83 38
99 93 96
62 33 31
13 39 30
65 17 12
69 27 36
27 14 11
50 20 73
94 22 84
29 20 79
96 29 19
72 81 35
38 54 94
93 19 79
10 65 59
9 53 40
36 15 66
41 56 91
73 57 82
97 67 42
78 14 48
43 58 55
56 47 94
13 86 39
70 59 24
95 55 2
93 24 24
7 2 6
96 23 33
87 18 0
98 73 1
40 8 62
17 29 7
42 71 97
12 6 61
48 31 20
89 17 0
41 14 53
47 0 93
5 56 49
34 87 52
78 58 72
22 25 35
89 91 67
61 31 75
85 71 39
71 47 78
13 27 3
17 28 32
33 73 6
13 19 78
49 35 32
24 30 58
5 77 37
42 86 54
45 95 46
78 2 13
64 90 36
42 74 47
15 15 72
75 66 8
59 18 87
11 79 86
65 7 94
33 43 28
7 12 1
43 74 37
71 39 20
63 48 17
45 32 11
43 75 38
54 80 86
78 54 71
10 69 73
68 44 77
27 68 12
74 95 73
80 32 20
32 69 26
93 23 43
7 34 78
8 61 32
11 63 60
23 17 42
4 7 31
5 80 35
20 80 35
54 66 17
90 22 40
64 42 78
67 25 36
13 84 39
85 69 3
68 73 45
77 74 70
29 42 40
53 31 65
35 33 66
99 94 37
17 49 28
41 4 55
3 85 57
20 77 91
6 88 59
19 91 58
73 3 67
11 58 38
75 6 81
8 54 10
85 74 36
26 20 79
3 9 23
30 68 26
25 85 15
37 23 94
9 80 13
21 62 44
65 75 42
81 46 85
3 42 33
51 32 18
69 84 67
1 93 49
90 31 14
32 1 43
58 43 93
34 79 7
34 62 27
74 82 71
35 39 18
75 81 0
3 90 39
17 23 68
46 45 75
37 65 58
98 26 73
85 70 39
76 33 20
78 58 75
71 50 74
30 40 22
75 22 15
3 56 93
8 90 94
38 23 2
58 30 38
7 91 60
12 86 86
21 36 91
75 74 68
25 50 43
20 81 56
8 36 81
98 87 42
59 6 52
56 49 85
7 94 1
15 15 61
50 5 89
98 78 0
81 66 28
27 9 10
84 87 55
44 60 51
51 33 32
95 0 9
41 93 58
64 18 88
3 80 63
70 32 10
77 2 10
29 9 4
99 95 38
2 78 34
98 57 0
46 4 89
84 95 71
60 34 74
9 68 74
64 48 19
73 2 41
93 70 81
47 1 48
39 99 32
18 1 33
91 71 17
29 74 52
76 45 89
65 73 43
65 18 84
6 79 37
72 96 3
19 30 30
72 97 80
44 70 96
64 99 87
10 45 83
7 63 91
69 95 79
41 96 40
98 86 11
36 27 34
44 93 96
27 19 77
2 20 53
44 31 22
35 78 7
58 12 32
64 33 56
96 29 75
27 8 14
46 54 0
66 57 25
92 51 8
25 15 13
25 52 41
6 5 9
44 19 93
45 9 76
16 29 29
62 6 59
15 83 40
20 25 37
99 17 46
60 24 20
18 37 89
29 14 81
39 93 10
57 79 4
80 35 16
27 13 7
99 29 76
9 80 15
84 43 33
74 70 85
42 99 88
27 11 7
49 21 1
45 14 25
24 92 32
44 1 89
67 54 83
62 97 88
49 73 15
54 39 44
64 67 1
78 80 68
83 50 44
66 77 73
68 33 19
54 80 87
43 92 59
5 66 60
38 71 59
45 70 19
16 80 31
38 10 53
40 88 59
25 27 9
68 17 90
46 54 69
35 48 16
33 41 19
81 57 85
90 18 99
58 36 57
84 43 98
47 2 91
65 33 30
29 87 64
44 58 54
78 4 8
24 8 29
10 25 73
96 84 31
9 89 1
82 45 27
48 29 21
15 74 80
83 54 83
64 15 13
99 63 13
44 20 94
79 98 69
32 59 31
42 81 15
13 77 14
31 47 77
42 56 98
6 58 46
37 30 32
4 3 27
7 9 28
41 72 78
21 40 88
44 8 76
26 94 29
74 68 92
93 66 45
46 5 93
33 12 13
8 47 80
61 20 89
96 53 0
68 33 25
43 47 69
38 99 93
60 1 47
15 21 87
44 15 53
86 74 35
72 80 22
51 31 57
88 14 51
64 87 76
23 23 38
3 52 57
98 87 35
40 4 15
6 1 77
31 58 72
56 40 46
34 71 79
43 43 69
9 90 0
88 50 46
58 28 36
45 76 58
99 45 86
11 29 51
5 40 81
33 33 87
36 42 95
31 42 32
68 60 52
3 86 63
18 71 95
76 72 87
31 44 40
18 36 80
75 67 9
47 1 77
40 61 52
91 38 5
93 26 16
1 45 93
68 25 17
9 61 39
7 33 52
43 68 78
80 41 88
61 34 53
49 73 22
36 95 12
98 16 18
83 41 97
6 10 97
32 65 25
67 21 12
32 70 27
49 76 63
5 93 2
71 40 3
91 86 59
59 73 15
32 68 26
38 1 58
32 37 4
92 21 22
50 63 46
78 93 36
26 14 27
14 84 39
47 0 52
45 66 67
81 44 26
93 78 22
62 33 30
66 17 86
68 23 43
4 87 67
88 95 63
40 53 94
43 98 41
85 40 33
36 71 76
50 22 3
90 93 85
33 35 85
5 86 68
20 96 35
76 4 15
36 66 59
30 15 84
39 10 95
56 4 23
72 77 98
91 51 6
19 79 3
42 59 57
76 80 63
43 17 65
20 74 8
20 94 72
49 19 2
94 63 82
45 31 12
63 23 34
38 31 67
82 36 70
68 29 55
52 19 51
91 38 74
71 50 73
73 2 68
61 21 41
41 97 39
48 99 51
80 38 37
12 4 62
82 54 70
19 70 96
97 55 99
6 56 48
11 56 38
63 24 14
10 99 77
99 85 82
46 96 97
19 81 58
69 12 62
44 46 72
27 88 70
65 81 65
2 43 34
92 90 64
73 87 64
40 87 55
81 14 52
45 60 96
37 68 57
32 60 27
20 75 95
4 99 6
63 14 14
16 27 48
98 19 15
26 8 11
25 63 86
78 97 70
2 28 21
40 13 54
10 70 92
27 43 42
7 89 94
39 19 83
75 10 78
23 58 69
7 89 93
62 16 13
6 82 37
9 89 63
30 21 4
68 93 14
24 54 58
62 48 69
51 33 19
55 44 96
58 4 8
60 2 73
50 93 86
42 63 75
51 29 60
90 28 15
37 18 80
52 73 59
97 84 38
26 99 89
27 87 61
44 29 21
66 6 51
85 71 2
46 67 64
92 20 95
10 93 29
48 15 53
70 58 23
77 19 21
97 90 40
30 47 39
44 60 94
37 56 91
89 14 54
37 50 94
88 89 68
18 82 32
47 45 81
0 44 87
13 55 39
29 16 28
45 59 95
5 43 96
19 24 57
12 79 8
31 66 27
49 4 88
19 74 92
53 73 29
28 13 26
11 70 87
7 43 81
63 47 20
77 80 69
47 86 55
79 91 38
36 52 96
83 30 15
22 30 61
44 62 92
95 70 75
42 76 37
80 73 9
72 15 91
18 82 35
28 40 23
43 82 37
38 2 54
6 64 35
7 4 66
66 93 77
74 43 58
13 57 23
22 67 16
71 0 41
29 10 3
74 40 24
76 29 18
51 72 15
83 98 70
28 58 31
68 48 40
39 88 55
85 51 81
7 90 67
39 25 0
25 15 85
42 71 82
50 38 75
67 53 39
45 71 21
19 86 69
49 20 65
94 27 17
21 93 72
79 90 38
12 95 81
43 48 74
28 7 29
38 61 80
0 72 99
98 84 10
30 90 68
12 3 62
12 25 52
21 24 58
30 49 40
61 93 55
31 13 83
2 21 53
67 78 72
71 78 48
78 56 15
1 66 89
26 1 11
47 29 42
76 77 20
34 1 25
22 26 57
23 78 4
30 88 65
24 85 16
31 68 25
43 41 70
71 35 11
97 17 44
72 52 82
9 99 78
67 51 83
69 60 55
92 66 45
93 21 81
3 41 96
90 44 16
68 62 55
32 74 58
94 21 79
26 9 9
90 31 12
74 22 15
7 62 33
10 57 33
33 41 21
36 56 83
96 68 45
47 75 16
64 32 54
47 72 19
68 51 39
32 62 27
55 36 98
59 66 82
80 72 8
70 95 80
15 35 85
76 52 16
5 85 69
31 48 39
22 19 41
1 41 31
4 5 68
77 29 20
30 19 79
24 97 87
35 75 0
28 13 10
41 55 91
64 9 58
43 93 41
49 22 74
22 10 50
72 95 74
66 7 61
39 2 53
11 88 86
40 57 92
10 81 18
43 55 97
75 81 72
38 97 39
42 97 93
75 69 35
10 52 41
13 77 13
68 37 1
24 64 85
42 76 39
22 23 37
18 82 31
9 44 82
78 12 96
40 54 92
52 19 53
63 48 69
95 25 76
10 27 49
8 56 48
83 42 98
34 76 7
26 62 87
90 20 41
76 57 14
79 15 49
75 37 25
63 26 37
98 98 41
33 62 29
66 13 82
91 9 46
58 14 88
64 28 17
94 67 45
36 69 60
6 5 67
28 39 33
39 76 46
9 6 62
11 88 42
69 46 38
5 95 0
87 89 53
37 21 94
75 1 71
70 22 13
70 15 91
69 46 77
0 90 99
22 10 53
64 27 16
69 11 14
1 30 21
66 27 16
60 28 77
78 14 96
99 28 53
23 25 13
43 78 40
76 97 68
63 14 16
56 47 85
84 73 37
59 1 9
47 27 40
0 72 60
62 3 47
24 2 13
77 57 52
89 52 2
67 47 66
53 44 95
67 47 63
14 27 30
64 71 44
61 91 29
33 77 29
14 74 81
22 26 60
46 59 75
59 35 56
80 2 43
39 90 54
88 51 67
6 29 79
72 7 15
8 21 72
62 74 46
52 12 91
92 90 59
59 7 32
43 3 10
65 78 2
26 91 33
94 21 82
73 57 10
39 99 92
39 57 89
75 31 22
13 74 84
65 7 59
12 19 20
7 72 81
95 51 67
46 71 20
70 37 18
78 12 80
37 39 88
64 84 68
57 37 76
77 82 99
70 35 24
21 27 64
83 99 71
27 94 31
29 13 87
73 71 46
58 46 97
76 82 64
7 97 99
43 56 88
69 33 22
34 36 22
98 24 51
65 30 30
69 47 79
55 47 84
41 79 7
75 34 23
17 70 78
33 75 6
41 96 41
65 17 80
70 81 37
11 64 62
74 39 61
67 17 68
42 41 82
74 97 8
73 40 24
6 38 81
61 36 27
66 22 13
33 48 16
68 56 83
73 87 65
63 4 48
33 16 75
68 59 73
45 4 91
32 95 72
89 87 70
68 68 46
2 85 56
45 61 53
97 26 53
19 24 66
71 17 18
96 69 76
60 11 29
90 56 24
50 6 89
65 81 72
97 79 99
41 75 48
74 21 16
2 22 70
94 55 1
14 27 5
84 10 4
60 92 2
13 78 15
82 30 14
11 80 17
16 2 34
62 21 84
73 96 8
6 0 69
29 38 34
71 74 82
16 26 32
97 85 35
45 22 94
64 25 41
18 10 22
2 67 91
33 12 83
33 76 30
40 65 60
80 27 15
25 78 7
33 47 77
75 27 17
16 22 68
89 35 0
57 92 27
27 21 3
27 38 23
31 89 68
63 72 16
69 97 41
92 27 42
31 19 96
23 30 63
42 44 71
50 31 31
10 6 62
17 22 62
39 92 10
87 70 44
43 58 95
76 24 23
29 14 9
70 16 19
84 69 28
15 1 28
14 48 17
5 23 73
68 50 64
4 41 82
75 73 85
46 3 92
42 22 91
31 71 76
77 68 9
82 69 6
12 75 84
91 21 21
91 50 7
68 47 67
49 19 0
95 21 6
41 6 60
94 88 57
91 37 70
89 83 58
67 94 78
69 87 71
92 17 35
6 38 82
45 43 80
65 72 16
38 1 55
67 56 24
36 76 1
62 4 51
46 16 53
11 44 78
56 28 77
84 49 23
92 69 79
7 0 8
21 28 64
20 74 94
10 35 88
23 1 86
58 31 76
46 31 20
32 37 6
53 40 75
70 95 36
43 93 43
14 24 63
15 27 31
43 80 37
46 13 53
58 27 28
83 12 57
93 51 67
16 11 19
37 73 96
36 72 44
29 40 22
94 54 3
89 11 47
4 93 61
26 15 83
28 74 54
7 93 27
78 38 27
83 10 5
75 77 86
12 54 36
60 21 90
62 99 89
89 82 59
45 60 53
65 5 50
21 30 61
61 8 56
31 2 15
10 95 1
25 91 69
96 85 35
93 63 81
2 75 42
79 54 34
3 4 7
78 47 84
12 26 51
72 76 21
42 77 39
87 68 39
61 50 93
31 22 4
0 85 78
28 19 79
