75 81 80
50 25 0
44 47 84
67 14 19
39 44 80
38 67 81
80 5 52
27 60 62
73 16 98
39 24 5
72 21 16
60 83 26
49 55 5
10 58 33
18 59 58
75 82 36
62 82 64
52 50 86
67 18 94
54 84 54
45 48 66
29 23 43
21 65 69
10 48 34
73 98 50
76 53 37
17 77 58
21 27 69
88 16 3
16 90 2
80 64 36
21 62 78
71 58 55
63 48 93
90 96 69
62 34 47
15 41 43
17 97 2
95 45 18
27 30 63
10 57 79
27 34 16
9 58 79
16 14 2
51 4 58
46 0 26
62 25 70
86 44 37
47 35 91
6 60 16
84 0 98
66 80 43
95 33 66
70 28 28
87 41 84
50 1 40
66 9 23
89 48 29
73 29 26
93 20 71
9 68 12
93 62 71
99 90 6
8 59 33
16 22 40
54 28 80
25 94 41
95 66 41
12 17 24
66 81 42
0 33 95
20 43 55
16 30 9
60 3 57
66 57 71
87 96 47
65 44 70
1 69 45
65 92 40
33 13 81
35 44 17
49 5 56
36 23 78
23 93 61
89 83 52
1 45 5
90 85 26
59 37 93
63 57 17
48 7 20
17 12 71
5 96 82
97 23 63
27 14 87
39 65 32
29 42 54
94 9 72
67 71 47
7 23 19
58 37 93
8 0 66
0 62 83
71 13 60
47 18 67
39 17 35
85 9 59
35 4 64
17 59 59
69 52 59
43 53 50
87 0 56
82 96 75
70 51 50
73 46 22
92 95 15
59 69 90
85 52 68
86 32 2
64 55 15
39 90 3
45 69 26
29 68 76
82 81 2
91 24 65
69 16 96
18 78 25
42 49 67
77 5 65
20 55 70
81 47 41
44 27 15
67 55 48
80 50 74
38 23 62
41 36 67
16 4 58
39 41 86
15 92 5
91 10 59
22 19 3
28 16 11
38 48 16
26 49 0
94 95 14
58 16 38
96 69 32
58 85 72
46 27 96
82 51 43
6 23 48
21 3 8
82 15 56
31 8 19
88 15 46
97 85 74
11 60 84
16 80 15
36 56 75
50 99 42
89 38 66
95 85 19
51 2 15
91 86 25
17 6 50
19 77 86
26 89 95
31 31 63
63 65 82
82 86 7
36 15 21
55 76 69
18 43 97
73 53 88
72 32 28
90 78 97
29 37 93
28 84 67
80 54 36
57 38 94
88 47 26
5 9 98
74 83 60
1 85 12
2 64 82
8 30 4
37 6 65
6 41 40
35 24 78
64 52 11
82 50 43
1 86 13
38 14 13
60 86 75
49 86 59
66 97 83
96 65 12
2 66 57
63 19 92
22 61 42
71 83 62
22 20 2
42 47 52
23 62 76
71 70 0
2 21 60
59 3 58
82 5 30
89 0 58
84 63 89
72 37 28
10 81 60
71 10 68
29 83 67
53 30 43
79 44 98
97 23 65
49 51 65
99 34 95
32 22 51
17 62 25
70 24 14
23 10 25
49 99 92
75 4 63
50 46 13
58 85 65
40 48 92
86 26 94
22 35 50
73 7 67
3 9 97
30 1 99
97 68 42
70 61 28
28 73 24
81 13 72
71 88 30
46 55 11
1 38 13
57 42 36
94 45 69
77 1 37
57 79 6
75 71 86
58 74 21
98 8 18
12 13 41
42 81 18
75 58 28
6 57 28
58 21 3
17 47 77
28 77 54
58 52 36
60 82 65
3 98 18
99 18 78
6 8 95
92 23 69
7 60 33
76 50 28
26 98 35
43 47 16
14 89 42
21 9 66
47 96 40
11 23 27
28 51 1
99 66 34
63 51 35
89 49 66
23 92 63
59 17 12
31 41 20
65 43 74
72 26 26
60 85 66
18 30 20
55 76 50
81 13 70
57 29 40
81 95 74
86 84 69
70 57 95
15 54 94
34 61 81
70 30 28
48 73 16
58 36 94
61 81 28
56 42 16
84 60 41
57 96 18
24 94 43
15 72 92
42 51 14
97 83 19
82 4 82
41 90 98
85 97 47
32 23 41
79 42 97
75 31 45
75 45 22
50 50 3
64 97 92
14 82 20
10 69 73
58 91 72
19 0 24
42 61 83
17 61 41
91 20 24
25 40 20
36 70 27
59 95 27
32 8 33
63 42 98
81 56 61
2 24 46
92 29 68
80 48 24
0 95 26
31 9 83
72 53 77
16 63 71
83 53 37
65 21 91
25 89 75
5 32 84
30 50 98
10 60 20
7 42 39
67 60 43
95 8 77
98 8 84
75 2 32
33 16 40
20 89 61
19 65 63
93 79 54
92 97 14
55 7 75
18 76 55
33 42 15
12 76 46
36 75 18
57 14 13
92 21 86
40 46 94
7 69 85
73 78 98
45 58 53
60 67 79
27 37 58
10 38 82
78 92 99
2 39 12
84 20 98
32 93 13
72 68 78
57 21 77
39 44 86
61 51 33
36 54 35
16 96 32
93 66 86
15 21 55
93 31 68
59 17 11
19 77 85
15 81 20
97 6 83
94 56 52
97 32 19
93 90 21
72 99 16
76 30 25
57 63 65
78 12 38
57 29 77
63 56 18
65 89 13
77 47 75
60 50 10
89 8 50
72 20 42
84 0 96
63 65 85
8 90 54
45 48 47
8 31 90
82 31 47
85 73 56
91 8 55
40 72 20
74 24 27
34 84 56
49 12 8
66 32 28
29 52 1
24 79 37
62 80 28
38 49 33
58 61 58
94 10 71
41 19 85
24 47 67
60 48 19
64 19 48
11 71 26
86 76 21
3 69 82
66 78 25
59 52 37
32 29 79
35 89 66
76 35 27
71 15 61
93 5 35
38 83 36
10 73 48
96 36 89
44 63 80
27 26 37
15 80 63
74 80 81
23 2 89
15 86 84
69 81 35
40 30 14
71 59 1
32 74 91
77 27 52
45 10 33
16 10 14
54 43 61
94 28 64
13 37 81
53 21 75
80 79 75
80 47 23
16 25 88
62 21 91
30 70 80
34 30 99
87 79 5
85 85 84
89 87 69
25 65 61
69 88 33
10 4 19
30 97 0
89 51 50
33 73 57
58 15 39
44 49 67
7 93 63
64 93 40
73 6 32
31 95 78
71 69 29
63 67 47
25 29 69
24 68 10
83 33 80
47 74 17
28 70 31
92 22 63
44 82 17
50 18 2
58 61 92
66 35 89
2 95 72
95 37 17
41 90 91
23 66 13
11 72 27
59 96 74
4 42 39
18 77 53
11 87 25
52 98 45
14 75 43
60 20 63
34 35 4
3 32 57
50 3 16
13 95 33
29 76 40
73 46 23
19 78 58
72 88 93
56 85 91
67 19 77
70 26 14
66 3 80
41 1 87
41 87 4
58 15 82
5 65 97
87 83 68
99 21 61
8 70 86
59 73 12
62 34 57
48 36 26
26 26 56
3 26 45
80 12 39
10 26 41
80 33 42
42 92 98
40 93 61
4 29 18
13 23 41
21 18 7
67 20 37
73 15 99
70 68 0
90 83 40
58 62 57
51 47 55
18 0 21
65 37 78
64 13 72
73 10 34
56 20 40
48 70 72
31 70 71
74 24 53
16 5 49
6 35 62
57 53 33
82 96 15
23 78 89
69 25 21
99 34 90
81 32 86
24 70 86
8 91 53
21 84 12
26 94 39
21 89 63
34 44 18
34 0 12
87 27 66
37 90 4
47 58 3
25 93 42
9 99 65
46 13 53
30 7 20
68 87 61
20 77 57
97 71 29
97 7 83
33 11 10
83 95 11
37 68 24
1 21 62
84 59 41
22 28 68
75 16 28
88 97 1
36 31 96
68 62 74
74 93 66
6 37 20
2 16 55
77 46 75
79 1 81
18 5 48
34 92 6
13 77 45
8 43 39
48 72 72
9 71 8
23 79 59
64 49 33
24 84 93
90 78 33
75 85 1
55 90 41
84 79 1
4 39 29
35 67 56
49 30 58
78 28 42
24 68 9
99 6 50
68 85 81
12 23 25
90 95 99
37 51 76
77 8 54
74 24 17
46 57 47
56 83 56
75 86 77
47 73 71
96 62 92
32 71 42
20 96 30
36 22 93
35 22 52
37 38 1
74 40 80
67 68 8
51 9 87
72 42 5
21 21 16
90 18 81
32 11 67
24 21 2
48 19 68
18 88 94
41 94 38
68 87 31
44 75 99
95 49 18
4 30 85
42 94 56
36 26 5
83 60 38
52 32 41
90 95 6
46 63 13
66 2 85
1 22 63
66 34 90
64 48 95
64 83 26
69 60 28
24 40 33
62 5 57
31 43 20
11 80 39
24 25 37
83 78 1
93 31 45
99 14 11
70 40 11
86 35 93
34 33 37
97 38 33
0 35 72
22 16 45
75 87 78
23 35 14
3 69 47
32 14 12
16 22 41
85 76 3
7 74 83
72 7 37
9 95 14
93 66 38
56 66 95
69 56 97
67 95 93
56 4 29
32 14 77
36 43 32
58 28 91
74 15 5
63 83 63
64 40 31
37 39 0
50 67 88
55 92 73
4 63 98
93 59 25
17 32 7
30 67 98
74 4 38
67 70 48
81 63 51
45 48 49
49 42 68
17 30 25
56 95 84
82 31 88
10 71 14
31 56 95
8 50 52
33 58 62
59 92 71
41 98 71
5 35 29
2 23 7
59 51 30
88 25 98
15 60 0
48 73 19
2 53 45
5 69 72
98 27 16
77 3 32
37 43 21
95 88 82
48 81 1
58 85 82
65 45 29
40 99 41
73 10 66
86 11 60
1 22 64
4 69 48
82 98 75
67 63 73
92 28 69
43 48 86
32 49 38
51 35 0
74 46 21
77 80 28
48 58 2
61 53 34
46 70 27
73 96 16
74 69 52
88 4 40
27 63 27
4 33 28
74 14 99
86 71 87
85 77 64
1 32 20
33 35 4
81 4 35
2 27 45
37 21 93
0 15 11
73 86 94
54 0 17
37 68 58
19 76 52
53 11 39
85 55 71
70 15 95
46 79 93
39 71 21
59 86 74
73 1 55
56 86 24
2 68 59
27 34 13
18 5 33
12 71 27
1 7 34
0 82 86
60 30 92
46 72 15
71 68 0
55 69 62
23 34 49
57 14 37
11 72 88
53 92 73
67 40 68
12 1 80
27 35 17
26 67 4
71 95 76
86 97 48
57 58 73
89 61 90
23 61 78
6 8 7
70 13 19
10 14 72
0 13 35
19 63 71
70 82 61
41 49 48
71 55 94
78 76 27
47 44 55
13 5 82
88 96 99
85 79 1
38 39 67
99 49 86
77 59 65
16 60 42
99 20 16
42 64 32
23 67 8
13 59 33
25 0 87
47 96 62
77 30 43
7 43 87
36 5 62
21 7 5
97 61 54
65 96 94
24 26 69
73 9 69
45 41 24
1 91 93
95 39 36
9 70 13
71 33 14
90 38 65
15 95 34
54 8 54
5 33 62
29 71 80
57 97 14
74 5 37
64 39 69
10 64 22
27 50 99
52 46 92
70 14 60
34 50 56
82 13 39
30 52 98
39 75 5
59 27 45
41 97 73
61 28 80
4 1 72
87 16 47
78 38 4
22 24 27
22 35 39
54 77 36
78 79 29
88 95 69
86 0 97
69 56 1
47 71 74
75 45 52
13 84 1
97 6 15
66 10 11
31 69 19
5 35 23
0 33 40
50 38 40
61 68 71
14 47 7
28 84 44
6 23 24
36 69 59
31 26 58
42 57 41
27 14 77
60 90 98
20 9 67
98 22 63
6 30 90
76 34 24
84 86 28
12 95 10
68 72 48
42 57 40
41 11 1
62 41 97
19 70 90
18 78 19
70 88 63
94 10 59
52 39 41
33 41 16
56 60 84
73 34 59
17 50 13
89 95 68
13 84 83
78 9 54
12 81 40
82 48 41
62 48 80
29 78 53
78 34 48
1 49 37
40 29 31
71 27 27
38 72 20
61 39 95
68 56 2
94 7 76
95 72 4
74 58 24
36 62 80
3 24 47
17 9 92
40 64 33
29 69 97
13 34 17
75 14 6
81 34 99
69 38 15
9 90 66
23 43 44
50 43 66
89 40 49
88 96 3
39 5 60
71 77 97
73 74 20
80 49 41
53 46 93
50 75 6
99 32 98
1 63 83
83 71 5
58 28 45
13 85 84
8 51 53
17 36 62
49 55 15
66 39 80
40 91 56
75 35 22
32 99 10
91 79 97
35 51 73
9 57 78
71 43 6
81 84 42
10 89 67
78 43 95
8 95 12
12 59 4
44 75 42
21 69 92
66 80 80
24 78 95
76 36 26
96 67 42
92 94 68
69 87 59
34 60 89
89 84 41
84 79 3
22 80 32
89 16 99
46 60 56
19 3 31
76 26 41
42 88 37
54 95 48
50 34 99
32 10 22
39 39 62
34 0 91
11 49 33
63 21 44
73 42 4
53 17 11
68 3 46
25 12 36
4 8 16
37 58 79
40 45 10
4 21 91
68 27 21
99 62 3
96 29 46
93 84 54
41 31 88
34 30 98
21 91 86
0 90 43
56 92 27
42 89 55
41 73 13
27 98 28
30 41 53
41 75 13
8 20 27
91 73 73
94 89 94
65 20 48
36 56 78
12 81 39
77 31 42
88 81 35
29 52 97
30 41 21
73 91 35
2 42 11
92 76 94
36 18 23
52 15 91
54 76 69
67 2 79
95 35 18
38 0 10
99 18 3
57 55 81
2 33 19
15 49 28
83 33 61
58 96 75
89 18 82
94 35 17
18 11 71
69 53 59
73 41 82
88 12 8
77 39 5
73 71 48
40 64 79
48 26 25
8 26 10
89 57 14
20 96 31
95 99 47
0 82 48
65 38 79
71 85 62
85 72 55
32 69 75
43 73 12
62 20 91
27 87 74
39 96 91
1 95 73
47 20 1
93 22 85
46 94 83
75 68 51
58 13 65
16 29 24
96 87 84
81 13 38
85 35 91
18 9 18
18 49 14
81 97 14
60 74 12
2 55 43
14 36 82
75 6 36
31 70 34
6 30 87
0 16 72
53 1 15
64 1 84
48 13 62
40 93 94
34 17 24
16 30 63
73 28 67
8 54 53
71 37 56
79 6 54
57 47 91
53 54 4
73 63 71
16 48 27
44 16 14
20 22 15
90 75 18
54 54 26
11 83 3
84 54 89
5 34 61
17 25 73
7 99 39
70 32 28
18 2 22
50 48 5
4 2 76
51 5 75
18 88 56
3 80 12
9 48 54
30 9 83
31 27 57
52 11 67
24 37 20
15 19 26
71 73 51
99 27 17
47 77 2
7 67 4
20 40 92
9 56 31
67 33 88
92 2 26
91 23 67
57 16 99
46 98 18
30 74 45
42 96 95
8 98 56
76 51 27
55 0 10
55 3 39
9 67 36
71 53 26
64 73 57
57 10 74
36 17 22
34 86 64
76 15 28
55 46 82
34 87 84
4 71 88
50 31 60
47 83 52
59 81 42
97 37 88
84 68 7
28 29 65
41 68 81
52 43 32
68 22 37
7 9 95
34 68 45
76 59 9
20 6 27
48 70 10
83 6 82
16 46 70
97 34 68
23 66 60
23 13 34
72 54 2
33 1 62
69 22 22
34 18 40
16 95 11
29 34 13
2 55 44
19 3 33
65 38 77
33 71 43
35 68 58
15 81 21
44 16 44
97 62 93
51 41 7
7 22 14
36 68 93
15 45 72
13 43 72
63 4 72
35 55 77
22 20 4
79 87 19
68 11 22
7 89 54
93 60 30
6 32 34
38 65 82
35 61 80
3 68 88
20 80 76
91 23 95
28 49 15
19 72 73
17 79 24
61 15 94
66 37 36
92 59 30
79 20 5
86 80 4
57 62 65
73 2 70
19 78 53
61 50 10
99 97 91
13 80 29
7 72 31
86 77 64
5 88 53
48 9 84
30 51 85
3 19 57
93 80 49
69 40 14
32 31 22
9 74 47
32 28 82
22 14 33
41 46 9
51 14 92
20 51 98
47 77 97
66 94 79
80 58 12
2 65 58
31 13 97
54 55 27
14 25 45
43 54 49
43 41 64
95 63 52
54 53 44
58 10 77
51 61 17
56 15 40
94 32 46
47 73 73
14 35 5
66 14 66
16 5 33
46 12 21
31 5 76
34 86 83
7 61 32
61 82 27
15 49 26
68 94 93
59 28 79
79 10 39
56 18 37
68 39 9
40 94 39
71 31 13
59 58 72
25 66 13
46 38 23
1 78 64
83 58 42
28 42 53
17 99 22
99 96 49
72 36 60
25 80 35
9 53 54
59 93 71
63 20 46
4 10 97
50 61 16
61 89 97
54 26 0
65 67 47
41 11 2
72 98 76
79 50 40
24 99 75
3 28 19
1 35 61
84 12 62
37 96 49
55 55 26
48 40 27
41 5 79
44 62 84
95 56 51
3 40 30
5 54 15
7 58 78
29 12 10
72 72 66
11 6 20
72 25 22
77 91 98
1 54 45
68 18 96
4 34 62
44 81 18
37 65 81
88 82 22
22 58 52
21 67 59
56 63 66
80 76 11
60 83 61
23 98 80
37 19 22
19 22 14
53 14 15
3 26 16
4 22 91
31 12 84
99 82 86
2 61 98
82 12 71
32 13 11
94 26 66
85 74 21
90 8 49
76 11 33
77 28 41
56 35 34
64 85 62
3 12 87
0 5 50
34 11 74
16 99 37
22 42 45
20 27 70
29 54 29
11 83 2
15 10 15
21 12 83
59 37 55
19 24 11
98 94 25
80 78 94
52 76 73
80 96 8
72 90 92
25 71 88
27 18 11
31 81 66
75 25 17
0 57 70
37 52 76
4 12 97
29 84 66
29 69 41
16 28 75
85 32 90
40 10 20
77 53 36
36 71 59
1 17 56
93 3 26
82 58 52
30 79 19
82 33 80
26 16 86
67 80 43
10 69 13
32 22 34
25 15 52
97 73 59
85 73 20
6 72 88
86 67 27
18 30 74
42 89 91
62 58 16
1 68 34
34 67 25
90 8 75
11 1 61
87 33 3
78 15 96
63 31 69
91 2 33
17 37 58
35 85 56
54 91 40
77 12 36
93 25 67
21 54 93
77 35 21
88 17 80
90 63 87
14 61 1
17 30 19
18 76 87
91 32 93
66 56 18
97 70 36
81 99 33
68 30 9
3 38 13
51 80 62
46 67 24
75 72 78
37 69 29
13 28 42
7 0 74
79 50 75
68 41 13
22 15 54
5 32 57
11 74 45
3 94 16
52 31 43
0 91 95
79 54 7
83 9 37
63 47 92
73 9 36
34 69 57
30 53 0
21 48 62
67 37 67
53 56 27
5 71 87
78 49 74
11 74 10
59 38 59
49 62 69
17 95 33
56 31 33
71 63 72
7 38 19
58 51 34
42 45 63
50 79 0
94 51 62
64 92 81
58 46 90
9 37 82
27 47 36
33 19 29
37 63 80
45 16 51
49 61 70
13 2 61
84 84 83
50 14 19
27 63 15
32 71 72
22 28 64
31 34 13
47 94 87
23 99 74
33 20 9
37 58 84
71 65 6
44 88 36
96 73 28
55 80 6
16 30 22
71 66 85
16 45 11
59 85 67
30 71 72
21 50 79
0 81 85
29 11 80
5 80 13
5 9 57
91 68 94
37 49 28
47 93 83
43 10 2
77 75 26
68 94 95
9 73 50
21 14 84
89 86 67
90 82 33
42 50 68
35 36 54
60 15 43
65 34 87
70 24 15
95 99 46
94 46 73
24 11 24
41 38 94
68 89 65
99 96 48
84 96 10
68 62 45
15 4 22
20 64 70
83 80 2
97 7 52
3 98 73
50 43 74
65 2 84
17 99 44
63 68 87
49 99 41
19 73 86
94 78 46
90 7 62
84 67 69
67 38 16
19 6 29
80 2 34
43 22 25
94 86 52
85 74 5
97 23 68
54 39 98
44 45 35
65 70 67
21 68 90
13 6 22
90 75 17
89 79 53
22 12 89
64 95 95
13 82 61
96 14 77
30 69 97
25 96 81
68 60 73
17 28 73
97 32 50
18 97 92
70 71 47
43 62 79
47 70 24
95 57 25
62 71 41
62 10 3
4 82 33
91 45 7
41 45 81
69 31 12
44 3 88
70 74 50
54 21 36
29 24 39
0 93 97
34 29 23
59 83 64
46 48 23
17 74 63
54 69 62
63 47 78
39 17 82
13 80 43
6 6 7
69 60 72
76 34 72
64 47 94
89 83 23
10 87 82
0 18 17
13 27 43
64 32 46
4 99 73
77 33 63
61 28 20
87 68 28
43 2 87
91 95 16
4 38 94
42 10 3
36 58 81
44 65 83
91 19 23
15 34 6
90 85 24
98 65 9
78 26 53
68 32 12
86 17 46
79 11 38
59 38 37
87 98 54
25 46 66
37 49 35
13 0 59
70 70 49
75 42 5
69 31 11
88 93 50
62 74 13
22 22 7
74 43 6
80 13 85
2 67 59
88 90 50
72 60 0
30 12 79
70 89 30
8 72 91
93 9 74
60 92 70
50 11 8
25 64 27
91 80 33
67 86 82
52 75 63
9 50 35
21 68 58
0 47 4
2 33 79
57 47 87
26 99 87
47 25 22
11 77 47
48 6 55
89 43 60
63 8 2
71 76 50
64 67 35
8 32 5
47 97 41
33 58 6
77 58 10
28 63 26
15 55 95
23 35 84
66 68 43
49 83 36
25 47 32
80 82 12
59 82 27
4 15 55
14 44 73
27 59 85
47 61 56
89 9 61
39 73 3
58 27 80
15 22 46
56 14 11
29 40 19
63 39 97
42 46 34
93 89 37
35 19 41
18 96 0
14 2 61
38 99 72
52 6 51
33 64 26
35 11 38
19 18 38
6 2 58
36 30 97
36 54 78
52 35 0
99 74 68
65 59 71
42 82 84
27 10 39
14 21 46
41 12 47
12 5 21
95 69 31
64 48 34
40 74 3
63 22 48
47 59 51
83 49 5
67 53 1
58 47 81
91 59 38
3 92 75
2 92 76
29 10 19
59 74 20
83 95 9
17 44 46
4 74 81
93 28 46
55 62 68
58 73 22
16 95 2
54 77 81
83 62 41
98 44 38
43 95 94
89 5 39
89 76 50
64 76 5
91 7 76
72 31 25
57 14 25
74 97 16
44 89 44
9 70 87
79 80 28
86 51 67
85 99 56
43 46 7
3 10 6
45 27 74
86 35 90
44 58 4
24 31 99
39 65 80
62 46 77
35 17 10
70 87 62
30 29 81
23 46 98
80 49 42
13 91 73
83 74 85
79 56 68
71 25 20
34 39 32
80 57 67
55 43 60
94 32 45
90 62 88
99 8 85
59 57 53
31 30 81
63 23 11
85 95 57
98 54 73
94 55 53
46 4 5
38 93 76
50 42 67
73 25 21
3 95 73
12 70 26
5 30 56
39 90 57
34 72 58
64 64 81
52 83 23
57 40 97
10 16 94
68 73 13
32 56 61
67 13 67
66 41 69
97 62 55
68 3 64
50 32 6
47 7 56
99 95 95
85 32 33
40 34 1
16 82 20
71 88 96
77 29 52
5 83 37
85 35 92
53 8 55
5 8 8
42 17 84
18 55 94
34 18 11
18 10 71
38 72 31
98 46 55
20 79 30
3 0 73
90 25 97
73 1 91
32 11 76
48 75 72
23 95 42
33 66 31
24 5 10
55 54 27
46 59 55
60 91 71
50 2 14
95 47 17
52 17 2
69 95 92
66 12 11
65 44 69
69 43 16
65 48 93
59 82 61
1 56 43
2 92 0
29 32 14
38 99 89
11 92 34
55 13 13
17 53 35
46 27 74
98 19 17
86 67 63
47 13 50
56 68 61
92 11 55
72 60 28
74 55 27
78 21 48
96 38 88
66 35 27
81 62 98
50 12 17
38 76 6
45 20 26
22 13 83
67 40 65
18 78 57
56 4 38
58 99 77
94 32 67
66 20 92
58 60 14
1 66 59
77 45 77
52 48 31
24 97 81
27 33 15
31 70 77
83 54 81
99 99 69
85 12 61
7 68 4
51 39 41
77 13 37
93 42 35
83 30 48
7 61 3
10 4 7
78 1 32
70 29 12
25 95 80
56 58 84
91 71 75
38 5 62
13 98 71
90 8 61
26 93 41
96 14 43
97 87 73
70 33 85
78 51 59
68 14 18
64 93 59
0 39 13
72 39 69
11 14 26
73 42 22
55 84 16
79 44 37
57 52 27
30 40 22
2 20 59
93 29 68
17 97 3
37 1 74
39 29 46
74 8 68
21 22 18
65 0 85
49 82 1
8 4 50
1 91 92
53 41 77
14 84 85
63 30 71
31 76 41
90 78 21
22 79 30
70 24 13
3 89 96
17 95 1
25 30 70
50 8 56
52 85 25
34 41 32
82 11 71
90 84 40
21 44 86
96 25 66
53 77 68
55 80 3
56 87 49
40 51 16
35 69 57
78 87 56
89 47 27
8 24 24
10 9 10
76 34 27
63 27 18
74 41 23
60 74 10
17 78 20
17 79 18
72 34 27
81 34 0
12 28 44
17 26 43
72 8 69
26 15 80
58 46 87
53 1 16
4 25 46
83 32 88
54 76 51
38 0 73
64 71 70
56 19 39
57 14 4
79 47 22
38 72 22
72 24 14
98 19 19
67 8 25
89 79 33
10 95 9
9 70 9
2 89 17
28 17 30
4 31 87
19 46 78
22 20 8
19 30 19
35 54 84
64 4 81
23 29 65
40 29 54
75 26 40
50 46 30
86 96 37
59 63 36
83 59 40
92 87 37
86 84 66
16 25 72
44 56 47
20 4 50
78 2 70
86 62 88
51 15 19
15 33 11
89 2 90
32 77 8
15 37 82
1 22 8
24 81 34
37 73 31
72 25 25
36 64 80
95 43 71
62 16 91
15 81 14
51 84 24
2 40 10
67 36 37
42 46 6
70 7 48
61 51 32
11 81 28
31 9 81
14 30 83
22 83 20
79 97 72
56 15 26
20 85 12
61 85 65
64 30 55
56 41 14
82 35 74
5 35 60
4 24 77
39 35 3
83 52 3
14 49 27
39 50 17
78 47 76
86 85 68
66 80 67
41 73 20
72 72 50
41 47 79
91 6 84
38 29 67
7 6 8
10 57 36
23 36 13
66 46 54
58 39 59
48 51 67
91 8 60
7 98 38
30 0 12
67 11 10
48 68 25
84 96 51
80 57 69
61 22 91
24 67 12
58 57 72
94 44 35
56 13 12
35 8 23
26 93 96
91 80 22
11 89 60
60 37 58
67 94 81
55 15 97
69 56 0
76 41 5
62 46 91
80 57 11
70 51 0
50 46 56
56 56 80
23 77 93
57 28 39
10 70 73
93 52 61
82 52 57
93 28 62
10 49 36
2 69 88
91 77 95
12 81 27
71 89 65
53 18 3
16 81 22
47 99 40
16 26 99
41 75 96
93 43 34
21 67 90
17 58 58
47 10 85
75 12 69
11 90 31
42 89 12
89 15 55
49 45 55
67 93 91
65 43 70
80 31 44
79 65 37
17 6 32
51 42 75
64 46 30
78 61 87
2 1 33
89 19 59
80 65 68
12 97 51
75 84 61
34 17 39
16 8 67
45 63 82
10 51 36
31 13 41
63 22 91
53 53 43
85 25 68
33 42 18
33 9 23
6 98 37
10 93 14
9 69 68
58 15 10
45 70 26
86 23 67
50 3 4
34 60 87
27 28 67
79 52 75
33 80 69
9 93 15
12 84 83
77 52 60
68 16 94
97 85 20
78 3 95
66 94 81
27 58 60
42 91 26
68 82 68
89 77 34
14 69 72
56 97 17
42 10 84
42 18 85
45 86 81
24 38 19
88 74 44
50 18 11
57 15 11
0 84 47
48 30 59
53 56 35
21 55 92
1 0 5
48 45 55
69 94 71
2 84 13
53 42 32
35 84 55
56 53 28
28 54 28
56 31 78
40 45 80
4 87 61
51 19 10
66 38 66
93 61 65
57 13 5
73 23 18
3 33 29
79 5 53
43 62 83
88 78 97
61 74 13
20 64 69
49 44 54
23 84 11
72 10 71
58 20 76
94 81 96
15 92 4
86 42 39
13 28 63
44 81 24
2 73 80
91 21 22
38 38 12
9 58 33
16 47 71
40 93 77
61 82 65
71 61 72
58 87 81
30 14 44
44 15 45
88 16 81
83 21 90
24 78 90
62 50 34
98 55 68
73 44 50
34 34 4
23 23 19
99 53 47
96 26 67
46 21 25
5 28 17
43 45 64
70 42 16
0 32 21
20 41 92
78 39 6
63 21 49
37 18 24
18 83 43
54 38 96
92 87 54
74 6 31
47 36 42
2 62 98
61 49 26
13 25 43
69 93 94
31 34 12
47 14 52
66 43 70
30 23 41
72 58 25
81 98 15
67 62 72
39 49 16
2 87 60
88 83 40
81 96 13
17 8 18
95 9 74
72 7 33
55 20 38
69 86 60
17 6 92
91 50 60
69 55 1
18 27 72
17 14 3
31 72 43
50 59 16
8 55 63
65 81 66
8 83 36
85 33 87
75 62 23
97 27 3
44 26 51
75 98 17
55 76 80
66 58 70
60 27 79
41 63 34
20 82 27
65 73 57
72 27 42
71 16 94
69 86 70
5 20 59
85 62 51
90 50 61
41 46 82
66 3 45
23 20 1
4 34 63
3 2 72
26 81 31
33 67 28
67 88 64
12 5 19
28 35 13
2 71 87
66 35 91
98 35 96
20 53 95
33 98 12
30 71 77
6 78 12
55 52 44
6 7 94
80 52 33
44 49 65
25 70 85
51 15 63
3 91 1
64 98 94
88 48 28
67 82 80
70 32 14
68 72 45
37 56 83
48 42 53
50 31 41
25 9 47
12 83 2
62 21 22
40 35 2
50 72 16
78 52 72
64 84 52
75 36 26
69 72 3
48 79 99
17 96 3
29 89 35
59 70 77
77 16 97
44 40 63
40 92 56
15 91 3
26 37 57
73 44 7
59 59 51
51 7 55
87 75 51
78 9 39
39 92 57
39 98 41
37 51 3
17 1 67
24 16 47
14 19 26
82 78 11
25 24 17
49 67 26
98 37 36
72 79 97
57 62 93
34 34 84
95 65 41
66 79 81
55 62 67
58 89 86
23 68 3
76 27 56
62 81 26
53 54 25
92 21 65
10 14 79
86 26 67
70 62 27
19 27 73
29 79 53
74 1 68
71 23 91
28 67 0
64 8 0
6 27 12
74 28 25
40 19 84
72 21 24
2 94 74
34 69 25
89 97 4
94 97 16
88 67 26
97 28 15
89 80 37
0 44 6
17 96 2
70 0 47
60 94 73
91 91 38
49 80 0
90 77 20
34 37 33
74 40 83
55 56 75
57 59 86
5 11 98
75 97 32
57 62 94
86 38 70
67 3 47
75 53 27
68 47 33
87 76 52
26 14 85
76 3 32
62 70 66
87 44 15
63 64 80
69 31 10
49 30 61
14 92 6
14 93 10
42 72 13
63 74 47
66 95 93
5 34 59
85 41 39
73 19 89
53 83 24
25 64 13
23 93 60
91 24 95
43 59 5
95 79 47
0 65 60
2 7 16
24 23 18
33 27 81
97 72 28
85 34 88
15 59 3
37 58 83
81 15 83
45 23 24
62 69 29
15 4 59
10 67 68
39 36 2
96 85 20
66 46 18
53 16 17
2 82 34
92 7 74
90 52 24
59 81 56
35 22 78
72 8 36
63 64 85
58 38 57
82 57 79
33 13 75
16 27 73
78 53 59
34 9 23
35 19 92
60 87 99
66 1 47
6 59 32
34 10 23
84 77 4
63 46 29
19 80 29
12 55 48
70 71 46
14 84 3
80 77 12
81 66 68
53 91 20
49 46 12
93 65 40
44 74 12
11 88 61
26 66 27
14 22 41
73 57 76
34 36 5
3 99 17
23 13 90
64 46 28
22 4 9
51 58 17
2 55 9
14 99 72
32 19 57
49 60 15
15 72 87
32 53 56
30 76 56
81 17 83
19 42 98
62 35 59
32 35 14
71 66 7
91 22 66
59 29 91
58 16 88
95 73 3
27 84 68
41 65 42
62 69 86
66 42 70
0 67 33
46 35 41
1 98 50
74 61 22
54 44 61
46 26 97
83 74 88
29 49 86
57 14 39
86 48 29
89 61 88
91 22 23
63 0 82
76 92 99
71 20 23
71 38 27
33 18 11
13 82 84
35 42 32
0 34 62
13 16 24
76 14 7
49 19 1
49 69 7
59 57 51
67 33 25
93 65 87
5 74 83
57 75 43
10 92 34
79 84 38
12 1 62
42 90 55
66 0 85
84 61 40
69 29 99
45 80 93
72 91 35
87 47 30
40 13 46
71 61 27
25 87 51
88 89 90
69 33 88
17 53 97
54 13 39
40 91 24
82 64 93
38 43 81
32 70 41
54 0 9
67 69 47
35 6 61
45 82 60
64 46 32
33 96 19
10 10 10
68 16 95
4 48 36
35 71 91
33 72 55
71 37 27
8 7 8
35 69 56
62 6 64
16 28 61
54 45 65
93 68 79
0 33 99
69 16 93
50 60 71
31 70 98
78 87 57
73 24 26
24 30 0
11 78 60
72 33 23
23 24 28
80 98 72
19 73 82
83 78 2
49 11 16
5 1 75
11 39 83
71 36 57
96 7 78
72 11 36
82 57 67
22 78 38
29 14 43
8 72 85
38 84 35
77 35 50
57 17 39
20 22 17
28 52 1
1 92 94
50 6 22
13 94 10
46 98 38
67 26 20
41 14 47
85 97 52
17 8 17
29 88 37
63 35 87
31 12 68
24 39 33
98 81 10
52 44 75
56 12 39
84 89 46
32 65 31
71 1 16
56 47 93
33 72 93
91 3 35
23 40 17
15 96 12
84 52 2
3 33 20
70 0 12
95 24 65
31 9 82
13 91 5
21 60 80
0 20 33
92 20 97
11 21 82
55 53 43
98 9 83
89 84 24
15 25 89
96 38 35
10 99 64
52 43 76
80 19 83
62 72 70
28 38 57
34 0 13
75 13 77
68 75 4
40 44 84
80 46 21
52 8 54
49 5 33
16 20 97
52 3 99
1 37 12
89 82 39
38 1 84
86 24 67
91 2 34
90 49 30
16 0 38
33 19 10
89 76 19
23 0 74
31 53 57
37 17 11
71 73 67
96 11 93
37 86 1
94 28 69
53 18 1
81 5 83
7 24 20
95 34 47
90 87 38
77 76 31
35 0 13
19 49 23
65 22 90
6 60 49
74 21 18
29 15 3
1 79 64
80 96 73
17 19 97
70 89 29
83 59 51
5 35 22
54 16 96
64 22 34
62 93 52
84 60 39
63 5 72
76 84 1
12 42 72
90 72 75
8 38 81
93 96 15
53 16 92
58 6 28
72 22 90
86 51 29
56 14 13
73 51 25
12 88 61
0 21 2
90 76 17
7 96 40
87 68 30
47 78 94
12 91 91
69 71 48
44 52 50
66 70 44
27 42 19
24 67 4
93 98 93
46 36 24
5 68 4
71 94 77
9 80 27
52 15 17
42 48 15
90 85 40
72 78 96
30 50 0
54 21 34
54 43 47
55 13 12
64 63 80
98 49 85
74 40 81
44 87 38
63 28 68
88 28 77
79 8 16
70 1 14
3 20 59
88 78 53
58 94 72
14 86 85
72 97 72
69 32 27
20 67 86
77 30 52
30 59 87
30 28 25
30 73 44
79 21 48
97 50 84
62 34 45
3 21 90
39 89 49
81 5 31
11 59 34
31 50 39
53 40 78
96 37 34
53 77 80
55 55 79
65 45 48
64 23 10
86 36 7
30 12 84
51 10 39
48 81 38
18 75 97
60 50 26
89 47 91
0 54 46
49 81 38
9 21 26
45 11 52
38 90 5
34 34 36
53 49 85
61 69 68
59 83 72
68 40 16
25 87 75
65 79 24
93 81 96
70 57 98
39 95 47
39 1 85
42 93 95
66 93 79
57 72 22
52 10 70
92 4 36
25 93 97
95 46 19
5 47 54
37 14 23
62 16 93
19 46 31
63 22 43
40 96 92
59 85 66
75 1 70
79 77 94
42 90 34
45 15 45
94 85 51
43 29 74
17 49 42
3 96 51
93 63 39
73 98 12
54 14 28
26 64 8
9 92 52
62 69 88
31 16 43
44 45 64
92 41 35
67 20 78
25 49 69
96 71 5
11 55 84
71 65 85
79 2 33
90 17 22
58 16 10
52 90 20
21 59 51
18 99 24
99 32 19
72 70 49
90 75 59
1 6 51
31 88 17
22 74 97
24 60 19
38 8 65
14 32 10
67 98 73
70 67 86
92 19 22
11 71 72
14 81 42
63 71 71
18 38 94
81 11 69
35 65 79
14 79 64
0 79 83
34 43 18
19 8 29
15 55 96
87 80 33
0 89 92
7 23 25
20 40 30
47 68 24
36 11 24
74 44 53
85 10 59
47 58 0
32 10 82
90 9 51
49 42 52
50 63 70
28 61 75
66 35 86
39 53 2
81 10 72
0 78 64
75 3 33
80 77 96
36 40 30
41 92 47
17 3 22
25 94 98
3 87 61
73 22 19
45 58 52
77 60 87
82 94 10
30 51 1
53 61 94
70 25 21
13 64 99
28 13 10
99 21 3
9 66 35
35 83 54
79 58 69
10 88 61
13 76 44
73 71 65
74 9 65
96 34 67
10 93 9
89 42 52
91 5 85
56 78 4
30 31 12
68 38 70
91 4 85
64 18 93
65 44 30
45 79 3
69 74 3
33 42 33
39 90 46
69 57 99
74 38 30
2 28 18
35 72 57
54 88 73
43 93 24
93 88 36
18 10 19
90 60 37
72 54 26
54 27 79
34 79 4
65 41 37
38 88 4
73 69 50
4 64 98
47 11 70
55 23 15
0 55 1
62 53 33
89 3 91
10 4 20
7 23 21
29 60 74
69 62 29
33 9 82
18 69 92
14 34 16
2 16 56
25 9 40
30 82 68
32 18 12
61 84 64
27 11 41
35 20 26
41 21 55
66 61 55
11 15 25
89 16 46
81 88 14
27 50 71
42 45 85
71 0 15
66 20 90
20 69 91
74 23 20
14 68 15
46 68 25
41 81 17
27 12 11
51 49 5
88 77 51
30 14 78
96 83 89
56 80 5
31 14 10
60 58 49
43 97 15
95 68 30
86 52 68
55 14 27
45 58 54
35 21 94
67 20 94
91 73 74
64 7 1
7 23 20
78 29 43
52 10 68
17 77 88
22 11 82
37 19 91
90 44 8
49 70 8
0 45 5
25 95 45
58 20 4
97 76 67
61 98 77
66 33 23
56 55 28
33 28 80
98 31 18
80 86 20
27 52 0
5 77 9
86 98 55
41 30 55
25 82 32
29 28 80
64 47 31
99 28 15
70 54 1
40 55 38
33 38 33
3 16 54
31 77 41
12 55 11
52 14 19
83 49 42
68 68 8
45 56 46
7 58 29
20 95 30
9 91 63
65 8 0
4 53 47
23 20 3
87 50 66
11 0 63
90 28 67
45 26 15
58 96 28
55 83 23
33 18 39
13 18 82
4 42 12
1 86 97
94 64 25
9 75 46
62 24 11
59 5 29
22 98 79
68 69 87
13 2 80
16 45 12
15 44 64
51 13 15
28 74 55
6 18 92
88 86 68
78 72 89
52 44 31
67 81 68
50 44 54
97 68 32
74 8 66
68 41 16
30 22 43
1 86 48
70 85 61
27 38 58
22 18 9
99 55 7
83 87 4
59 94 65
43 1 88
12 68 71
93 22 64
76 35 24
57 77 42
89 16 2
47 60 55
16 97 13
75 2 69
23 18 44
24 66 60
43 55 48
51 47 31
1 91 76
73 22 25
50 98 43
57 19 78
32 99 11
38 13 24
7 48 53
14 92 9
34 99 13
71 55 2
67 79 42
1 82 48
78 20 4
93 45 69
73 60 23
8 43 71
94 47 94
59 14 82
25 35 16
87 19 48
38 6 63
51 0 13
76 82 34
15 0 61
11 1 58
34 54 76
27 33 14
24 21 90
75 81 82
62 78 23
49 76 73
20 52 99
97 53 26
50 14 64
75 39 83
70 30 11
38 26 36
32 60 61
68 32 26
68 43 69
60 51 11
40 49 58
87 49 70
89 96 5
49 74 19
67 41 13
74 11 70
92 11 58
63 33 46
94 26 63
15 91 7
75 72 84
63 56 16
81 13 84
38 55 84
10 69 12
61 74 90
30 33 12
75 5 35
79 93 0
6 44 87
39 94 78
26 38 58
8 25 12
76 4 34
84 32 88
0 60 82
5 82 36
48 54 4
54 71 42
60 50 29
53 16 73
44 90 25
10 53 37
40 45 83
18 17 37
66 2 38
20 15 60
56 84 57
78 9 17
54 99 17
35 72 58
84 73 87
30 68 66
16 43 45
49 0 41
34 70 56
57 15 87
6 30 73
30 86 59
1 87 49
46 40 25
27 15 79
85 99 51
21 73 98
16 31 93
83 9 74
76 11 16
20 12 82
30 75 40
58 39 36
57 62 9
40 46 79
85 25 66
84 78 2
44 1 21
92 19 26
40 49 16
34 40 32
58 84 38
22 24 38
55 1 8
75 33 23
54 15 73
7 39 82
77 75 28
60 41 95
22 25 28
74 81 83
94 58 26
58 30 55
14 20 56
16 94 33
37 40 30
56 97 16
97 70 6
38 95 92
61 70 67
1 59 91
36 72 57
34 57 4
32 50 36
87 11 61
29 13 78
33 57 94
53 93 0
72 68 0
30 20 57
83 85 7
21 77 87
32 34 39
26 96 44
66 33 27
15 1 62
70 76 3
48 78 95
97 40 32
17 79 17
93 97 13
95 50 19
79 67 70
72 80 19
97 65 0
88 77 50
8 23 13
74 70 47
85 97 49
49 99 90
8 91 90
14 48 27
60 38 92
88 5 40
71 78 97
52 15 16
6 21 91
17 98 91
1 61 97
42 64 33
84 49 4
80 7 16
58 58 87
23 41 59
40 0 88
90 51 71
23 85 20
18 63 70
44 47 48
67 32 89
15 81 23
1 7 17
30 0 0
3 69 73
15 46 71
45 49 24
76 10 34
85 32 94
64 42 37
59 13 83
50 14 17
96 31 47
22 13 85
16 42 44
53 15 11
9 98 59
65 34 89
22 9 24
56 48 86
3 38 14
48 8 68
87 8 28
98 82 85
5 31 86
91 63 86
46 71 26
83 97 33
23 77 96
3 41 11
57 35 56
26 25 38
98 67 33
30 85 68
73 47 45
91 27 68
18 75 86
73 6 36
17 54 94
75 51 27
9 80 61
95 44 35
11 26 2
75 15 96
44 62 82
36 66 30
65 46 29
76 24 17
32 52 55
67 48 34
85 33 32
6 61 2
74 33 24
84 30 73
72 89 90
19 28 71
57 13 12
32 66 96
5 15 55
5 97 38
56 8 74
81 53 37
41 93 92
59 46 89
28 14 12
18 7 67
27 24 16
65 62 80
12 7 18
69 30 98
28 48 37
19 73 83
55 44 18
69 95 29
56 33 35
31 60 61
29 58 63
19 75 41
71 33 28
31 11 69
72 90 91
76 26 18
20 63 95
39 20 86
23 62 43
66 80 78
9 70 94
42 37 66
75 49 27
97 42 32
38 25 3
35 98 0
16 85 74
85 72 87
63 66 34
16 1 58
55 98 18
90 62 85
31 23 52
52 10 40
90 64 39
97 62 56
59 50 28
6 35 21
70 90 64
44 17 15
33 54 56
60 74 11
36 68 55
65 80 42
69 10 88
10 85 84
50 5 20
26 60 18
39 93 77
49 19 11
21 53 96
29 42 21
27 70 30
6 33 59
85 33 93
42 83 83
14 60 4
28 15 78
8 82 93
94 67 80
84 43 39
79 15 95
5 58 33
40 29 47
68 54 0
34 30 23
39 99 89
24 90 63
12 60 34
63 39 30
92 23 85
85 75 23
89 77 96
21 39 91
26 85 54
41 50 66
8 99 74
99 83 47
92 79 96
29 71 73
6 31 6
97 38 34
47 79 94
58 86 67
32 59 61
48 78 97
92 7 75
54 84 24
90 9 55
3 35 61
10 78 99
59 68 79
54 78 36
38 96 85
16 73 87
88 99 25
17 29 74
38 51 19
90 25 96
73 8 64
30 49 37
67 61 44
73 29 23
70 22 87
28 50 14
98 29 16
35 31 98
99 9 17
79 4 84
15 76 89
11 69 72
95 70 34
35 88 85
64 21 47
81 56 10
8 7 10
28 71 36
31 16 42
74 56 28
66 48 34
78 58 11
73 15 95
91 13 46
64 50 33
39 75 2
30 89 37
31 74 55
63 70 47
53 25 1
44 37 22
73 95 16
71 27 14
4 29 19
2 80 11
67 56 3
93 92 37
44 90 37
35 21 92
46 97 61
61 75 14
10 17 93
16 54 97
6 75 84
13 95 32
88 49 66
34 29 82
27 64 7
23 0 34
38 49 34
97 5 51
97 70 29
34 50 76
8 31 60
89 25 98
32 15 41
1 28 14
23 20 7
57 59 84
17 47 70
39 75 4
94 40 13
92 10 57
60 83 28
97 27 49
47 25 2
46 25 98
7 6 9
71 74 5
94 34 19
15 19 55
24 42 59
0 1 5
25 92 96
31 58 88
69 52 51
26 72 54
20 78 86
95 37 35
80 32 43
96 48 17
71 99 11
64 58 17
77 21 47
1 32 22
1 84 11
4 34 30
93 21 64
4 68 72
0 74 69
41 31 89
42 97 52
69 88 28
8 49 53
15 53 51
11 17 50
3 90 96
4 76 9
25 67 13
41 54 37
58 52 34
12 5 29
32 70 76
73 21 17
84 51 81
3 88 52
81 93 10
68 35 87
71 63 27
26 24 7
94 43 64
71 35 59
65 78 43
48 46 13
13 69 71
49 6 21
95 27 68
8 68 37
41 20 54
38 27 35
58 62 59
40 89 55
79 79 66
37 67 92
18 74 98
77 97 91
53 14 28
32 13 80
67 98 72
70 73 4
67 41 65
36 16 20
16 61 0
77 4 63
66 19 93
73 22 98
84 78 4
32 93 30
75 99 18
71 59 54
12 27 3
89 62 89
64 34 88
1 20 2
38 6 60
3 77 11
2 22 90
64 98 28
57 36 53
58 76 42
77 58 9
18 80 37
94 97 46
41 95 93
55 48 85
96 70 30
28 46 36
30 67 21
5 36 60
55 79 6
64 68 48
93 55 52
61 28 49
29 66 21
21 83 14
93 96 12
90 49 67
16 9 17
97 36 97
19 39 93
58 56 82
1 65 32
35 86 53
38 87 74
37 77 18
78 2 69
87 38 89
32 14 42
39 66 81
63 30 68
71 53 56
34 58 5
10 99 58
7 71 84
1 12 34
2 91 98
41 90 55
85 46 28
35 47 76
73 38 29
34 21 61
49 81 2
32 65 95
77 2 38
69 36 87
77 33 24
32 12 81
20 39 93
14 43 42
63 22 35
89 61 36
51 18 2
47 8 93
69 13 20
55 69 60
73 1 11
83 5 82
2 70 46
10 55 35
78 34 63
7 79 60
44 96 16
67 21 36
13 72 28
62 51 10
64 97 93
5 31 90
30 89 36
28 30 64
16 53 34
91 38 96
33 30 23
5 22 47
0 68 60
50 6 10
17 10 20
54 7 76
59 82 73
59 51 27
32 40 32
54 48 84
67 68 46
81 18 84
46 23 23
65 48 32
2 93 75
69 51 99
29 80 68
8 47 52
99 17 77
79 62 8
93 21 97
3 91 75
5 84 36
55 80 22
70 95 91
95 99 89
37 22 16
18 75 99
97 38 35
40 87 3
91 97 15
30 79 69
51 75 76
71 60 26
44 49 85
11 0 59
53 1 63
14 19 54
29 49 38
46 59 52
34 37 34
36 2 64
9 71 92
54 46 93
10 7 17
60 69 77
18 20 98
81 96 8
38 91 4
72 96 76
42 35 68
11 87 81
90 40 19
59 45 90
49 80 13
57 36 93
44 47 85
10 59 79
87 16 4
50 10 70
19 62 96
22 40 90
88 62 89
54 75 49
73 88 95
15 34 5
16 12 70
86 25 93
54 16 12
45 71 52
35 41 31
13 5 29
53 30 20
63 43 38
86 50 77
56 47 81
46 90 25
74 57 29
16 33 6
69 54 3
67 15 96
1 20 32
22 83 13
61 86 75
89 95 98
68 90 6
12 23 40
73 65 8
99 14 99
61 35 57
0 97 50
93 96 17
24 63 76
47 74 72
38 27 0
75 95 18
58 3 20
78 31 44
15 30 23
56 58 85
3 15 43
17 85 58
18 75 87
6 34 20
33 11 81
57 8 65
35 85 88
77 60 70
73 71 51
10 71 87
99 93 26
91 92 39
43 30 73
23 28 68
97 39 32
54 14 96
96 35 89
86 13 61
68 91 30
36 17 25
1 34 59
31 81 67
36 20 92
74 38 71
21 83 27
71 56 95
34 10 34
49 7 84
3 21 66
15 94 11
85 97 56
23 91 64
99 14 34
90 21 24
74 15 97
93 61 21
52 30 41
24 88 50
57 50 25
69 55 94
4 73 79
5 25 92
18 0 23
67 34 86
88 44 61
27 15 87
69 54 97
9 68 69
89 29 66
87 97 0
3 89 17
17 25 42
49 39 28
82 51 57
43 65 84
8 62 44
96 30 47
72 34 26
13 7 23
5 81 14
41 46 92
98 55 72
13 38 80
53 37 1
8 84 36
64 16 91
66 81 10
82 52 36
32 21 43
87 38 70
9 87 23
37 99 11
9 70 11
82 63 98
27 13 11
81 49 40
75 39 2
76 82 27
38 57 84
72 7 51
90 63 90
32 43 14
77 16 95
16 7 91
72 43 7
31 89 35
16 53 95
25 71 87
0 32 94
11 98 57
33 11 35
54 65 48
56 67 60
81 16 82
80 6 56
54 58 85
31 28 56
63 57 16
64 41 71
5 79 10
92 66 41
2 7 22
11 48 40
26 17 10
38 20 92
86 98 52
69 87 32
36 86 58
27 62 16
10 56 36
42 99 43
27 73 53
34 68 27
75 5 32
9 54 35
59 45 88
34 22 59
90 40 20
60 16 44
89 3 40
54 7 54
68 24 22
76 44 9
40 10 2
46 48 48
34 2 63
41 56 39
81 83 32
11 28 43
2 32 57
81 45 30
37 0 90
81 56 68
38 53 77
72 10 35
42 91 46
29 31 63
11 71 13
54 81 2
82 55 12
76 39 3
56 30 78
4 80 12
59 85 73
43 17 16
79 32 45
12 18 25
3 69 49
30 59 7
41 5 33
9 89 65
92 72 72
4 20 58
28 50 98
45 42 81
99 30 17
33 36 35
14 40 78
26 65 14
23 30 1
8 92 63
2 74 80
55 58 74
39 43 85
23 85 21
71 16 60
37 0 85
41 0 42
16 45 41
69 51 49
64 80 25
41 52 15
24 40 19
22 34 39
14 94 34
67 43 67
14 23 43
56 74 45
29 72 78
64 44 48
59 5 28
96 46 16
81 56 12
71 29 90
23 17 46
51 31 42
31 22 33
32 0 63
88 16 16
89 15 17
45 58 4
72 54 1
70 7 46
9 4 9
17 8 91
57 20 77
66 37 75
61 88 98
17 1 33
89 80 93
26 64 26
92 51 61
42 47 8
30 78 54
98 34 88
7 69 73
20 74 84
44 60 5
59 95 73
54 92 9
34 23 58
53 55 28
64 0 83
53 5 51
10 70 15
47 26 76
83 88 4
37 7 64
67 33 12
22 47 61
71 64 7
19 1 23
20 27 68
15 98 15
20 85 10
16 37 83
76 59 70
7 32 59
67 5 45
49 37 27
37 89 57
10 69 16
30 31 62
83 13 71
90 6 76
80 77 95
14 85 2
87 99 55
34 23 51
3 65 57
61 73 74
36 70 91
5 81 71
13 55 25
22 17 58
55 83 55
57 38 95
57 9 74
59 30 78
2 95 74
24 66 10
17 47 26
45 35 43
49 9 83
49 4 18
92 84 51
37 89 4
95 32 48
71 29 27
15 29 62
5 24 47
18 29 62
14 1 80
99 37 60
78 98 90
70 76 52
97 27 2
18 96 2
6 79 11
91 10 55
14 45 42
54 81 5
57 38 58
52 51 85
10 22 26
68 19 78
66 19 79
49 3 14
2 36 60
40 47 93
78 3 83
28 2 61
31 40 20
62 14 94
92 85 53
97 27 39
14 63 71
50 31 59
36 32 97
12 82 60
36 19 25
94 66 40
32 56 97
29 51 98
24 16 53
32 69 78
29 37 58
75 30 26
10 80 27
8 70 72
87 96 2
29 39 57
13 54 48
43 89 37
38 96 48
16 96 13
14 6 28
83 66 68
69 75 3
37 4 62
39 41 31
48 25 99
10 79 28
48 18 66
32 19 8
45 64 83
17 78 57
32 49 57
20 59 97
27 16 11
85 49 79
63 69 47
55 11 39
31 72 57
52 54 5
87 51 66
59 39 94
65 27 19
68 69 49
34 44 16
28 25 38
41 91 35
40 49 91
58 41 15
40 48 91
5 83 34
12 1 60
69 42 17
38 38 68
34 52 72
38 85 1
70 21 23
90 1 32
79 34 62
8 95 9
72 29 68
39 94 92
75 10 9
64 91 51
4 55 67
92 29 47
64 23 90
79 48 75
63 48 79
53 42 60
73 55 27
41 48 59
51 45 31
9 90 54
9 98 64
90 47 28
8 70 71
97 41 33
1 20 59
1 61 81
1 58 11
68 20 93
0 18 58
41 82 18
9 96 28
9 31 44
56 43 17
71 59 25
56 22 76
86 96 56
73 65 77
26 38 79
8 89 53
17 28 61
63 79 24
30 29 57
10 70 27
77 29 5
25 12 37
71 16 59
16 84 73
3 70 72
34 2 60
34 9 74
67 44 69
83 49 41
42 31 40
20 65 44
29 75 55
17 2 59
44 27 16
46 49 23
23 39 18
21 51 80
65 2 46
4 69 81
96 35 68
22 23 30
33 21 58
16 80 19
21 97 79
98 83 18
75 11 35
22 90 64
28 59 62
5 36 19
31 40 57
30 75 54
81 94 11
53 89 21
22 67 59
9 96 27
73 99 75
19 54 95
39 94 95
1 35 56
22 46 60
66 49 92
67 81 79
68 83 69
9 94 15
58 61 16
92 81 63
55 12 38
41 75 95
3 66 58
7 27 90
22 63 77
36 18 94
28 58 84
20 91 49
37 0 8
88 50 71
15 50 27
33 7 82
83 54 88
79 79 95
51 54 4
89 18 49
14 29 62
36 9 24
66 80 24
33 86 64
72 53 88
76 26 55
69 86 80
57 46 92
52 13 16
48 78 96
30 14 42
0 66 32
6 1 75
93 11 59
82 65 54
30 56 94
65 68 44
60 57 52
94 38 92
1 14 34
57 13 10
58 14 6
24 28 69
23 6 9
53 30 52
47 83 80
17 80 36
73 2 91
83 59 52
82 55 62
74 4 32
38 40 31
23 81 33
21 75 85
93 68 6
72 96 15
10 37 82
40 94 77
82 79 1
74 79 81
24 9 40
27 59 17
60 84 63
3 11 87
10 47 40
85 33 89
16 4 21
35 49 76
32 7 83
88 1 57
15 31 10
1 94 30
55 92 26
93 15 47
70 63 30
44 28 15
98 64 0
58 46 81
2 78 2
70 28 15
28 98 15
88 79 5
90 67 93
18 41 97
49 18 11
29 36 13
89 13 42
85 61 42
42 90 36
11 72 47
12 99 58
61 35 88
56 16 98
56 2 9
36 7 4
87 37 90
32 27 82
58 31 79
39 87 59
64 92 58
1 22 61
71 86 61
88 19 49
8 96 13
70 33 87
26 88 74
61 29 49
52 5 59
64 1 86
26 34 15
7 71 87
87 9 61
14 38 84
34 13 75
70 87 28
4 31 60
27 14 86
73 91 34
83 1 6
29 11 79
71 68 21
74 35 25
82 65 68
13 82 41
42 63 78
92 80 97
72 76 96
49 41 51
37 99 12
67 48 91
71 91 92
32 74 92
6 48 53
79 11 39
74 54 28
61 17 93
53 41 61
75 85 3
18 28 20
73 32 28
18 52 98
21 80 31
87 50 72
30 71 35
90 95 67
93 85 51
9 23 25
37 50 20
11 4 20
17 33 4
33 54 18
56 2 39
12 25 1
91 94 66
98 57 69
5 69 6
44 88 37
13 93 73
72 75 95
76 27 42
3 54 46
5 3 77
15 23 42
58 16 81
38 82 35
12 57 35
28 34 52
72 22 15
90 61 18
69 12 22
64 93 60
52 26 2
81 2 80
46 82 53
31 84 68
62 92 52
39 33 88
91 94 16
26 63 14
11 88 24
84 85 86
28 38 60
47 27 75
61 69 76
3 48 37
13 19 25
98 63 52
33 21 9
87 15 1
15 86 73
68 26 98
76 91 0
61 83 62
53 54 37
6 40 1
84 72 54
57 28 90
86 21 98
69 90 29
30 56 60
16 21 2
44 88 3
37 2 65
82 82 53
9 90 89
35 55 75
7 82 36
59 57 88
90 14 28
7 5 8
52 42 76
23 17 45
73 75 97
42 92 92
89 81 38
17 4 48
82 74 85
67 17 93
8 95 14
59 57 65
17 1 69
14 98 16
59 9 78
95 43 63
55 30 33
23 92 62
42 67 35
49 50 66
49 31 57
98 36 88
50 11 17
31 0 12
50 59 72
37 6 60
5 41 38
17 97 4
22 22 84
75 96 16
30 51 84
55 15 13
19 21 97
9 84 2
29 30 11
40 20 84
36 5 60
29 20 56
19 15 84
53 75 73
26 48 36
5 4 92
82 3 81
12 40 84
41 63 78
87 85 67
85 64 88
32 43 32
50 10 40
77 2 32
39 42 86
42 65 41
29 23 40
33 98 68
26 10 40
92 28 41
4 27 17
39 71 20
0 22 60
72 24 19
47 74 74
16 98 14
57 40 35
60 68 69
1 31 95
95 28 64
75 83 28
33 9 33
1 40 11
94 64 52
4 34 31
98 6 51
65 40 71
32 51 54
17 31 8
19 77 53
90 3 5
61 16 94
92 30 69
11 57 35
42 60 57
55 15 15
32 65 26
87 66 27
77 3 71
92 64 40
71 87 94
28 48 85
69 55 95
75 59 23
0 93 94
89 49 71
39 72 10
52 40 97
50 43 67
4 78 10
65 93 80
54 81 6
68 34 87
74 24 54
9 95 11
16 91 4
92 25 66
98 95 26
20 81 28
30 68 97
3 83 33
40 19 85
4 70 47
1 19 59
81 66 69
10 66 55
87 61 88
84 97 50
93 50 63
69 40 12
43 92 24
48 74 73
65 40 70
45 29 76
63 27 67
35 97 26
65 28 98
87 18 47
68 17 95
21 88 62
36 69 40
1 71 86
33 10 75
96 37 90
87 48 28
69 34 86
42 53 50
8 0 73
36 0 12
30 59 86
82 64 71
49 8 70
93 96 14
90 95 4
58 54 82
48 71 16
71 23 14
0 88 95
65 66 48
83 58 53
91 84 53
97 53 28
56 61 93
57 97 76
70 88 31
76 75 28
74 96 74
8 93 10
5 75 82
56 57 73
17 60 0
84 53 81
68 13 21
11 67 68
35 72 45
68 44 68
62 23 42
84 54 70
57 20 5
21 20 5
67 91 31
66 79 42
99 35 89
28 14 10
81 28 76
6 34 29
32 41 82
80 3 33
63 29 54
47 69 23
57 92 72
58 2 57
80 51 74
95 40 81
46 57 4
87 34 4
56 14 10
11 24 26
53 36 0
77 40 4
73 34 25
86 65 99
10 71 10
21 64 43
66 67 46
57 95 28
18 32 62
10 34 5
59 61 15
19 78 25
26 91 96
47 40 26
31 71 41
78 49 77
6 97 39
62 40 96
32 14 76
7 36 21
11 81 59
87 92 51
4 31 84
61 68 30
77 81 28
66 29 64
53 38 1
14 26 89
45 29 75
76 34 22
47 24 97
35 10 23
35 5 63
16 18 86
23 65 60
32 58 95
2 74 81
50 76 75
63 82 27
91 78 96
42 76 97
65 38 76
74 60 93
45 10 70
50 47 56
51 15 18
0 61 82
6 80 12
17 73 86
88 81 36
31 73 85
2 97 50
0 70 44
92 86 52
65 75 86
31 50 84
0 5 93
54 72 77
34 67 29
92 51 62
6 42 39
5 53 47
46 75 71
23 16 53
76 4 31
76 38 6
36 11 15
91 86 38
45 11 72
32 55 19
85 20 46
78 34 49
12 35 17
52 83 47
18 95 32
1 8 14
69 32 13
8 57 79
47 59 80
23 25 56
54 93 73
93 5 30
6 45 86
45 75 11
89 96 6
91 85 53
52 42 59
80 63 8
48 75 18
41 48 16
74 88 79
73 68 99
2 18 56
9 55 54
97 20 42
42 54 49
4 2 86
29 15 9
10 83 2
25 34 14
43 91 25
38 88 58
54 78 69
15 94 2
33 12 11
74 2 71
99 49 87
27 34 53
64 46 93
31 18 7
16 51 27
91 48 28
31 65 95
37 98 89
48 36 91
97 24 67
70 90 63
63 52 34
25 79 38
51 13 18
37 87 59
80 33 61
32 41 33
95 86 53
35 35 36
32 29 81
40 67 82
11 75 46
96 39 91
4 68 7
4 9 99
78 2 84
3 64 32
81 4 32
91 6 19
70 75 51
85 75 22
52 5 98
42 87 3
17 62 70
52 84 24
30 32 13
38 24 5
38 65 31
3 30 86
96 32 19
28 74 54
23 94 62
10 75 10
59 61 59
75 25 27
37 68 25
11 41 71
29 76 53
10 97 8
98 77 66
55 47 93
46 11 71
75 41 79
97 35 69
62 70 29
6 29 56
11 79 28
45 91 25
9 31 93
90 9 60
71 25 13
8 30 88
43 88 4
37 14 22
38 37 1
93 44 67
39 31 15
57 79 68
63 64 84
18 0 68
53 28 52
95 98 47
2 87 50
1 81 66
61 94 51
19 4 47
58 39 24
80 67 69
98 82 87
83 97 52
57 5 29
30 80 67
88 16 0
49 5 19
10 37 83
19 51 97
13 82 63
51 9 69
82 57 62
7 58 32
36 37 63
74 0 68
87 14 2
45 90 25
64 24 89
47 91 26
61 87 0
70 60 73
88 80 33
42 91 99
2 33 22
4 13 98
54 24 15
11 84 84
99 46 3
61 74 84
72 23 89
53 12 39
33 52 72
40 54 99
12 80 29
60 73 75
87 75 43
21 50 84
0 68 34
72 64 8
34 66 30
38 52 75
88 10 60
68 14 19
11 6 18
9 6 9
88 15 82
29 50 84
36 60 89
65 77 5
29 68 21
43 90 45
24 82 32
57 63 8
23 78 38
4 68 5
4 38 29
77 54 60
84 7 81
82 67 67
31 55 61
24 9 46
37 52 2
40 65 32
51 7 57
19 63 78
59 58 86
89 46 8
95 25 63
73 89 93
5 51 98
78 61 86
76 32 23
95 38 91
68 19 37
41 91 92
1 80 84
5 7 96
22 29 98
44 75 10
75 45 8
1 89 43
73 35 28
50 54 5
53 83 17
96 24 64
86 66 47
9 98 57
60 70 76
90 9 0
34 77 18
50 4 17
70 31 98
67 34 24
94 80 46
7 30 91
30 37 94
37 50 34
0 16 10
60 98 79
30 15 42
58 51 26
96 69 33
58 36 55
50 5 59
65 49 93
59 52 35
78 35 20
73 27 21
60 84 72
11 16 25
92 74 75
87 79 96
57 46 82
98 61 55
56 18 38
71 67 77
31 66 97
77 60 64
5 24 45
47 72 96
67 59 42
22 19 8
69 0 13
96 46 18
44 56 45
45 10 72
66 11 9
31 73 43
10 29 44
63 9 2
74 50 26
94 79 48
64 31 71
48 79 1
23 25 37
41 90 25
76 3 62
33 58 3
9 49 35
94 66 39
23 64 76
40 32 89
24 48 68
0 90 91
10 14 70
4 29 16
15 67 15
68 74 3
30 32 80
14 44 42
8 30 92
77 53 59
48 70 9
88 16 2
86 36 91
74 23 26
89 50 70
81 98 33
45 95 83
33 8 34
44 14 44
4 14 97
23 66 4
87 97 53
54 20 37
38 55 83
70 23 14
11 88 26
66 65 86
47 86 75
48 93 35
22 12 91
14 80 15
63 47 80
93 64 87
20 27 11
16 22 47
54 92 49
66 19 80
2 79 3
78 76 29
30 69 76
65 66 50
86 99 54
0 5 57
81 33 81
67 68 45
9 24 12
76 10 15
61 68 70
4 17 26
30 83 69
65 47 35
23 30 99
22 45 87
74 80 36
23 23 29
6 5 93
52 60 17
69 89 65
22 22 19
76 44 7
9 74 49
73 10 71
96 37 16
1 91 99
80 4 34
41 93 55
45 46 35
29 58 85
79 68 68
27 92 43
26 41 20
43 94 94
69 82 68
1 24 7
58 92 68
91 43 9
56 92 73
31 70 35
45 36 42
72 53 57
18 36 59
51 99 44
27 38 77
90 18 22
37 67 55
35 71 55
57 21 41
52 4 61
12 74 46
54 82 23
24 93 43
7 29 88
49 13 8
86 44 36
37 58 80
10 50 37
60 40 95
27 61 17
48 7 69
96 44 34
6 69 73
23 79 97
93 7 71
30 6 59
53 10 41
2 68 46
14 81 62
0 27 15
12 58 35
75 36 28
1 31 94
74 5 33
30 4 77
0 58 91
52 78 43
30 70 40
55 21 75
74 95 17
14 5 23
57 37 61
74 84 31
23 67 9
3 70 87
39 10 46
20 14 83
77 15 97
7 26 11
3 18 57
10 33 4
75 40 23
77 9 16
32 73 56
33 22 37
70 37 88
53 8 56
74 52 26
57 42 15
95 33 47
46 81 61
20 53 94
89 46 7
13 31 11
13 35 81
43 26 50
85 35 89
72 33 24
59 69 89
1 24 76
44 67 27
14 88 41
9 70 73
48 10 69
21 40 92
13 60 5
19 7 28
24 15 52
50 5 57
9 94 10
89 26 99
52 99 16
68 63 30
10 32 94
18 51 18
94 47 17
42 94 91
33 87 76
92 14 47
36 18 10
16 10 16
18 49 43
32 9 24
98 54 27
72 45 51
56 39 96
26 92 42
38 64 80
10 58 77
63 39 96
55 57 74
2 1 4
86 40 90
73 38 70
49 59 14
77 23 59
39 49 90
69 43 18
90 16 98
36 50 75
38 21 91
59 89 97
67 88 15
30 66 94
76 1 31
33 22 51
57 35 93
74 37 28
94 44 70
13 92 72
92 55 52
32 12 35
48 29 60
67 82 70
3 33 59
14 22 43
99 34 97
55 57 85
78 79 67
79 74 34
22 60 51
59 50 9
80 80 76
94 7 78
39 21 85
78 97 90
37 65 31
92 66 39
69 6 47
32 35 38
94 7 72
60 95 64
47 76 71
14 60 2
24 98 74
9 45 21
36 55 84
37 69 92
11 61 84
56 62 65
84 76 24
2 64 32
2 90 43
41 49 54
54 15 95
43 44 36
47 14 50
13 4 24
53 94 49
34 16 25
36 83 53
93 27 63
25 22 19
6 70 41
9 52 54
85 50 80
66 69 45
46 98 39
76 80 81
36 99 88
68 72 2
81 54 35
91 79 22
99 56 71
8 72 88
95 12 92
11 86 83
46 97 39
82 31 87
60 57 73
61 4 58
21 26 51
58 16 9
71 57 99
74 70 51
28 24 37
68 93 91
48 20 67
7 73 84
1 67 60
8 31 89
31 60 6
40 70 11
4 68 81
59 14 64
95 7 12
2 91 97
19 58 35
48 42 47
99 94 95
20 63 79
33 15 25
86 63 89
22 84 12
9 77 79
78 28 53
19 20 96
64 29 55
54 20 74
72 69 99
36 88 85
10 91 32
78 7 55
51 8 58
0 6 92
17 29 21
51 77 74
14 79 16
70 55 96
67 71 46
65 15 67
9 71 86
76 61 88
92 63 86
34 71 92
21 13 85
21 92 48
1 92 96
76 32 44
11 38 31
56 3 8
79 27 54
29 15 10
55 22 76
94 9 78
30 16 78
1 34 23
75 81 35
36 53 3
93 6 73
21 66 58
9 49 38
33 28 74
33 56 95
72 62 72
98 67 41
86 19 48
43 47 51
55 47 92
13 81 44
65 58 19
96 52 7
91 20 25
10 5 8
98 31 25
85 21 99
6 68 5
31 13 68
16 34 5
36 69 94
16 3 59
44 23 25
88 17 2
43 15 46
48 98 91
6 61 46
26 88 52
81 65 67
31 24 40
97 88 72
58 29 78
78 73 34
79 49 77
16 22 1
26 27 37
39 71 11
9 14 80
55 34 34
30 39 56
10 76 45
39 82 52
59 95 54
82 95 12
63 93 39
43 69 45
9 13 71
79 62 6
63 17 92
12 83 85
72 3 92
37 39 31
6 8 97
38 83 32
69 41 17
63 51 10
45 29 13
46 74 42
57 86 81
80 55 68
9 67 70
76 46 76
25 66 4
71 98 73
77 31 24
36 75 17
96 31 49
14 35 81
8 57 30
17 58 53
31 15 42
6 10 31
5 83 35
27 93 43
58 60 13
93 30 46
67 40 79
77 25 54
19 77 44
88 70 99
66 71 48
73 73 67
31 48 37
52 31 72
30 31 80
92 90 36
18 51 30
38 6 61
98 82 46
22 78 93
1 85 48
20 89 62
72 12 66
11 54 36
71 5 83
3 54 8
78 78 29
27 16 78
3 8 16
28 74 24
22 86 11
37 25 4
7 78 12
22 63 43
56 74 44
86 39 89
98 42 33
47 24 23
63 84 63
2 97 49
95 36 18
36 7 40
58 38 94
40 77 12
37 69 26
69 81 69
34 40 16
72 87 95
0 94 26
26 28 68
42 46 80
29 57 60
95 25 65
78 64 38
73 32 24
81 65 70
79 52 73
29 41 20
71 15 20
2 59 92
16 92 93
50 31 7
53 22 35
2 88 49
10 76 79
25 37 95
71 73 65
21 42 56
19 77 54
15 37 84
91 83 41
58 3 49
55 49 83
16 94 3
19 14 60
51 9 85
0 86 97
73 59 24
23 6 7
81 80 46
44 49 47
57 32 34
89 97 7
36 90 56
68 17 93
99 77 57
67 29 9
81 95 9
28 16 2
92 91 37
2 81 34
0 56 1
47 8 85
83 97 76
69 33 85
8 66 71
64 51 12
76 12 36
84 74 88
53 7 51
45 5 30
20 3 32
89 74 16
28 73 52
68 52 0
63 71 46
71 22 88
6 82 37
72 0 11
19 41 30
65 3 80
38 68 93
70 96 90
15 41 80
1 61 84
59 99 77
48 99 40
96 84 18
38 25 36
40 93 93
28 15 76
14 17 54
45 39 24
41 76 12
57 6 30
63 35 60
93 28 67
23 5 11
53 54 6
61 56 20
95 41 16
27 16 12
19 48 43
9 8 11
36 19 93
48 16 82
15 28 25
58 13 64
19 92 50
29 24 42
2 16 42
51 14 20
18 39 92
30 10 80
40 89 3
55 79 4
77 34 20
21 21 6
96 28 68
14 80 23
85 43 38
72 66 78
39 96 86
21 19 6
48 26 99
53 12 32
19 95 32
40 1 86
57 56 81
68 94 91
47 72 15
65 39 47
72 65 8
77 78 66
81 49 52
62 69 71
65 32 23
57 86 82
38 89 57
1 69 59
37 70 59
43 67 25
24 79 36
40 11 46
35 85 57
24 36 15
72 16 95
43 48 66
39 51 18
32 42 17
82 57 83
87 24 99
57 38 61
79 44 97
44 2 89
79 32 43
34 87 65
44 47 50
82 97 7
30 10 30
19 30 73
89 81 21
15 90 9
87 46 29
44 21 26
19 74 84
84 52 80
52 0 14
99 66 10
36 20 94
80 3 81
35 66 30
48 81 12
18 77 22
26 50 70
49 56 4
7 63 43
39 28 34
2 6 22
12 8 22
47 71 73
21 42 91
42 9 85
27 97 27
69 68 87
96 62 53
46 9 93
36 12 16
10 56 85
65 19 94
0 44 5
65 32 29
35 54 74
34 99 90
53 93 48
11 21 83
40 19 53
80 83 33
63 81 25
53 29 52
91 11 56
52 92 75
32 22 43
7 46 51
91 84 25
35 0 14
2 1 73
22 61 79
65 52 52
31 69 79
35 50 74
15 91 8
89 51 51
53 20 33
44 78 50
5 49 88
13 26 44
8 42 72
27 37 78
28 42 98
35 38 35
60 58 50
8 79 60
20 72 97
76 72 85
33 50 37
22 35 85
79 63 7
42 6 80
40 49 47
87 42 2
98 31 20
95 48 94
66 26 20
9 57 37
9 30 45
44 63 81
85 34 92
60 36 57
47 70 28
37 91 5
99 18 18
78 42 96
5 6 93
26 65 26
61 12 14
36 76 18
56 75 51
11 94 10
74 45 8
92 83 53
66 89 14
30 74 24
35 3 64
38 37 0
90 17 23
43 64 42
81 3 31
35 17 23
18 93 49
52 7 57
50 61 69
86 45 28
91 81 21
76 32 43
72 21 90
66 19 47
99 77 65
93 94 58
38 52 3
50 1 41
86 40 38
33 69 76
51 25 1
86 94 89
35 38 81
0 76 66
16 1 39
80 97 14
28 58 61
31 11 83
32 12 96
56 14 26
75 84 2
94 41 14
8 71 12
42 48 53
72 82 62
49 9 69
23 66 11
23 89 76
48 19 2
91 61 89
45 28 14
75 26 34
33 29 81
85 37 71
73 23 52
51 18 53
92 44 68
79 52 72
72 11 67
56 13 38
48 0 39
53 6 56
84 33 33
16 1 60
85 53 69
21 71 98
1 46 4
7 61 45
11 52 36
54 14 14
6 99 73
97 83 88
42 96 94
18 77 56
63 13 73
36 53 77
24 82 70
59 81 61
4 38 33
91 95 69
69 89 63
35 84 53
79 7 55
47 63 99
36 67 57
35 67 26
23 78 98
99 0 4
51 99 15
18 27 44
6 23 13
22 5 8
18 61 95
79 2 82
7 22 23
42 14 47
8 70 93
29 49 39
15 91 93
41 19 86
82 10 73
15 62 70
15 91 92
50 1 14
6 85 37
4 87 53
29 30 10
65 93 7
20 49 52
64 46 78
47 25 24
55 39 97
65 9 10
51 99 70
46 85 81
54 57 76
48 29 59
95 33 19
39 18 83
52 76 62
90 80 37
27 92 97
30 87 58
45 37 23
68 5 47
90 78 96
55 64 66
87 25 95
11 91 33
48 14 51
65 57 18
76 14 29
90 86 39
36 51 33
52 58 89
29 56 95
92 11 59
30 49 99
96 86 73
25 95 40
43 46 86
6 48 89
16 53 36
38 19 24
54 61 93
9 33 5
31 20 57
17 79 16
29 72 25
50 8 84
22 77 95
55 70 28
37 16 22
7 71 86
13 44 74
63 50 13
76 78 67
53 85 55
82 99 32
29 51 1
88 22 5
28 39 59
49 68 87
93 70 77
45 75 41
80 78 11
76 14 96
25 95 43
27 41 21
48 84 37
35 4 60
6 60 33
20 7 65
56 97 75
74 45 51
17 52 19
25 59 19
74 10 36
23 18 2
71 39 28
73 28 22
49 71 15
84 2 75
31 65 30
64 44 39
34 85 53
86 49 78
2 80 65
51 33 5
21 14 86
43 66 85
52 41 74
64 51 34
43 68 27
17 84 75
50 15 73
99 32 21
24 88 76
82 98 32
15 1 79
35 55 79
36 9 25
37 57 82
8 67 3
3 83 13
32 82 68
16 0 60
14 22 45
33 20 58
36 53 34
64 91 57
32 9 82
14 18 54
63 70 70
69 76 51
81 58 13
95 63 93
29 98 14
48 43 54
72 79 18
30 9 20
34 22 57
17 75 96
35 88 66
21 86 12
29 74 23
35 48 75
68 32 10
92 14 46
72 52 76
5 99 74
57 53 81
61 58 53
95 62 53
93 8 75
7 31 5
94 48 17
65 62 55
31 73 58
94 8 73
22 6 6
95 36 16
70 15 20
7 58 31
15 48 27
32 42 19
30 50 85
99 64 53
43 81 18
63 34 58
45 69 25
65 49 34
35 69 26
53 35 99
62 65 83
80 77 10
60 99 78
17 24 88
76 55 16
0 75 67
37 52 33
30 17 41
96 41 31
17 8 67
74 28 24
31 15 78
25 90 95
29 68 99
30 14 9
39 54 0
65 16 66
40 91 45
46 28 74
19 4 46
73 97 75
64 6 73
36 4 59
9 78 79
32 57 96
11 79 26
50 55 3
74 89 80
31 90 36
38 97 90
67 62 31
10 48 39
18 77 21
71 33 8
17 62 94
50 76 43
31 22 42
26 84 35
14 40 79
85 99 97
38 53 1
49 13 63
66 42 79
92 24 68
12 24 42
9 61 45
78 43 97
40 74 12
19 60 96
93 28 47
79 59 12
87 20 49
72 36 29
60 23 39
93 98 46
36 69 28
80 14 84
98 4 52
62 13 93
62 29 20
97 63 53
35 68 60
19 8 66
32 35 36
32 74 44
13 3 60
13 5 35
65 42 37
11 96 8
85 97 48
37 23 4
74 10 70
66 15 18
74 14 96
77 48 76
14 84 1
19 4 49
62 28 19
57 96 15
5 33 29
64 28 19
57 26 80
85 1 97
6 35 58
26 23 17
51 78 44
76 4 64
51 97 20
55 47 83
77 77 30
61 3 5
48 41 52
97 68 51
55 95 48
27 99 16
70 57 56
89 45 8
67 39 68
53 39 96
67 39 65
23 24 34
55 76 37
55 85 25
38 72 32
18 74 85
34 22 60
48 56 77
58 37 60
83 12 38
34 87 52
91 50 63
5 22 90
76 12 15
17 26 72
58 80 43
50 13 93
93 87 53
54 4 39
38 99 9
64 79 3
26 97 36
94 8 76
76 59 8
35 99 89
31 57 93
72 30 26
17 74 88
66 14 67
12 17 23
3 73 80
99 56 69
44 68 26
68 39 15
89 17 82
35 35 83
58 84 64
66 36 87
74 88 94
67 34 28
30 32 64
84 4 83
28 97 29
21 3 83
71 69 49
58 41 98
72 84 63
16 97 1
35 61 88
66 32 26
42 35 20
5 31 56
79 29 43
78 40 90
54 47 82
48 78 2
72 33 27
20 69 78
39 73 11
48 99 41
67 19 81
73 81 37
22 65 61
72 35 58
62 29 68
38 42 87
74 1 16
70 39 28
13 39 84
65 34 36
57 12 13
37 51 18
67 61 73
69 89 64
65 3 44
34 12 74
66 59 69
42 4 89
40 97 72
97 84 75
66 66 49
97 82 45
47 52 46
4 33 58
28 29 66
67 10 23
94 69 78
59 5 27
93 64 26
51 10 85
58 80 69
99 87 96
42 70 46
70 14 21
99 21 62
95 52 6
17 22 3
81 21 5
62 89 97
18 78 23
87 22 4
16 80 25
18 4 33
66 20 89
73 0 16
3 8 66
33 34 37
59 69 78
25 25 37
90 81 34
37 22 94
62 21 45
17 10 19
3 63 99
34 8 82
38 71 33
32 57 62
77 26 19
32 81 9
28 50 70
72 26 21
25 27 68
86 33 1
63 99 29
22 31 0
26 39 21
33 81 68
58 75 19
72 7 36
95 35 48
36 21 99
37 30 59
34 51 76
56 30 33
14 3 60
23 27 63
40 88 3
84 59 42
48 58 1
73 23 27
31 15 8
66 9 24
76 62 24
20 0 22
13 35 18
2 22 65
68 42 66
7 43 73
74 71 78
43 3 90
34 22 91
28 69 76
81 64 7
86 75 4
16 75 88
89 14 18
94 40 15
68 39 69
48 24 98
0 19 3
32 11 66
99 93 50
94 43 62
87 77 52
57 98 76
59 91 69
0 20 40
13 39 85
41 44 85
62 73 14
35 3 61
62 55 19
30 69 0
64 92 50
46 15 51
18 46 77
53 26 80
81 53 34
83 73 86
2 1 6
30 33 64
23 77 97
7 28 89
17 7 91
55 29 79
47 39 22
38 37 2
51 44 67
73 5 31
40 91 47
17 31 63
24 26 36
48 82 37
46 12 51
67 21 38
86 9 62
97 56 69
15 11 16
31 66 95
29 70 42
28 41 20
2 43 12
91 8 49
0 98 58
22 14 84
27 73 54
10 88 24
75 37 31
80 21 6
78 71 88
12 50 34
68 31 98
68 96 92
87 76 53
45 51 49
67 4 46
27 39 59
65 13 55
22 84 19
19 95 3
32 87 75
89 81 34
90 61 88
3 70 47
75 53 36
6 7 9
70 54 95
14 23 44
63 77 24
50 77 43
86 67 29
62 55 91
32 32 8
95 87 83
29 15 78
