77 76 74
50 26 2
47 44 80
71 20 15
42 41 76
32 71 76
83 11 53
35 68 60
75 18 96
42 24 97
75 21 13
69 80 23
43 56 96
9 59 34
16 57 52
76 83 36
66 80 69
53 49 89
69 20 92
50 85 52
43 55 67
22 23 36
25 63 69
9 49 35
71 3 55
79 52 37
16 79 58
18 20 71
89 16 2
14 87 95
88 69 37
26 61 72
75 61 49
61 48 91
90 88 60
66 32 42
17 44 45
12 95 1
93 39 20
24 23 65
12 57 85
25 30 15
11 58 85
12 7 4
43 4 57
45 92 28
63 26 74
88 42 37
44 39 86
9 61 15
82 9 98
69 85 48
98 32 69
73 28 25
86 45 93
46 1 39
70 15 19
87 45 32
76 29 23
97 26 73
18 76 6
91 61 67
3 0 7
7 60 34
15 28 41
58 28 79
24 84 39
95 61 45
8 16 24
69 86 47
13 34 95
21 48 49
18 27 14
60 2 55
69 52 73
88 85 48
65 49 65
0 74 45
61 93 39
28 14 80
37 45 21
41 5 55
36 25 74
21 93 59
88 84 54
99 54 2
93 83 32
59 41 93
65 56 21
55 19 22
13 8 73
4 94 78
0 22 66
25 14 95
33 63 33
32 42 51
94 20 73
65 77 46
3 20 19
58 41 93
7 2 70
7 60 86
76 11 63
47 21 71
36 23 34
83 11 58
36 4 62
15 57 53
70 54 59
43 62 54
88 89 57
79 94 69
71 48 53
78 40 20
95 94 17
62 66 88
83 58 70
87 33 99
66 54 19
39 95 12
45 69 22
27 69 74
82 79 3
94 23 68
71 18 94
19 81 23
40 56 68
73 98 68
19 59 69
89 41 40
39 29 13
58 61 45
73 46 77
39 23 63
41 34 68
15 6 62
42 38 82
13 89 98
89 12 58
27 10 6
25 14 14
34 46 15
31 50 97
97 94 16
61 20 43
97 72 32
63 83 73
48 26 98
90 45 42
2 23 43
20 3 11
83 14 55
32 2 23
81 9 50
88 88 70
13 55 79
17 83 13
43 47 71
46 99 41
92 30 66
1 88 12
58 14 17
94 84 31
16 7 53
18 75 82
22 97 93
28 24 65
61 65 82
85 81 4
32 14 27
62 78 74
19 38 93
72 51 92
75 32 25
89 75 2
34 41 93
30 86 68
86 48 30
57 42 94
86 44 29
6 8 1
75 88 60
0 87 9
9 62 85
11 35 99
38 6 63
5 39 38
35 26 74
62 48 16
90 44 42
0 88 10
33 12 16
65 84 76
49 87 54
70 93 85
0 62 15
6 63 53
65 21 90
21 66 45
73 79 64
27 11 5
42 58 56
28 61 70
66 64 2
5 20 63
59 2 56
82 98 30
90 89 59
85 65 87
75 37 25
5 82 56
68 1 68
31 85 68
47 20 45
86 49 0
0 22 68
44 55 68
12 35 95
27 21 48
19 56 17
73 24 11
28 16 30
44 4 92
71 97 66
48 54 12
62 83 70
41 44 98
91 21 95
23 29 50
70 98 67
4 8 0
32 9 99
97 63 46
74 68 27
28 71 22
77 12 74
76 81 25
56 52 9
95 49 6
50 42 35
89 45 71
75 97 38
58 80 7
71 69 85
60 67 19
4 16 15
14 17 42
44 72 18
81 67 24
5 58 29
59 21 3
12 45 74
29 78 54
58 56 37
64 80 70
8 99 16
96 22 75
7 7 98
95 22 72
6 61 34
82 59 24
24 93 33
39 45 15
11 89 44
16 5 72
43 96 39
7 28 30
33 52 98
0 69 34
64 55 38
87 55 68
21 92 61
63 24 15
33 42 24
65 42 73
75 26 23
64 83 71
20 34 22
56 79 56
77 12 72
55 27 40
78 93 68
84 81 66
69 54 94
24 52 94
28 65 76
73 30 25
48 71 18
58 40 94
70 78 25
46 40 22
88 70 43
64 8 20
23 84 41
8 63 98
38 49 13
3 86 12
77 99 69
43 87 0
86 86 48
25 23 34
86 47 99
69 31 40
80 39 20
45 54 95
61 98 90
15 85 18
17 68 78
66 85 75
15 1 30
36 65 78
20 65 44
90 22 23
27 41 24
30 68 28
61 96 34
24 4 37
63 46 98
81 60 69
98 24 41
95 28 71
82 41 23
2 93 35
26 10 82
71 56 81
20 61 71
89 47 31
67 23 89
26 88 72
15 34 87
35 51 95
11 62 17
6 40 37
67 65 35
95 19 78
99 16 88
75 95 32
27 17 38
18 89 59
14 60 59
91 74 57
95 96 16
53 10 70
17 78 55
35 43 19
7 77 43
30 73 23
61 21 16
0 13 91
41 42 0
14 66 86
69 79 87
46 51 52
67 70 82
27 26 62
5 37 75
78 94 2
96 50 5
86 17 0
37 3 14
69 70 84
51 18 76
42 41 82
62 55 36
27 53 43
19 94 33
94 68 84
6 25 52
96 30 71
63 24 14
18 75 81
16 84 18
98 14 87
94 59 51
95 28 17
95 95 29
70 98 13
79 30 22
53 64 71
78 5 38
61 29 76
65 55 22
55 80 13
70 43 78
58 46 15
88 10 52
73 17 37
82 9 96
61 65 85
12 84 56
45 59 51
18 33 93
75 31 40
88 72 56
89 10 54
33 72 21
77 24 24
38 85 55
50 7 8
69 32 25
34 53 98
22 83 38
71 77 25
29 48 41
51 60 63
94 21 72
42 20 82
25 45 74
60 45 19
64 19 46
18 67 28
86 79 26
1 68 76
75 75 22
59 56 38
36 32 71
34 83 66
79 35 24
76 13 64
87 2 40
38 85 33
5 74 45
98 40 76
38 67 75
20 26 30
10 81 59
76 75 75
24 8 85
17 80 85
73 81 36
40 29 10
69 55 99
39 74 93
75 26 42
44 7 42
12 9 14
50 36 53
97 27 67
8 36 74
47 18 74
79 74 73
82 40 22
21 31 89
64 23 89
28 71 78
36 26 96
86 76 7
85 78 81
87 84 66
18 60 58
74 81 28
6 5 25
32 98 0
88 55 47
34 74 57
61 19 44
42 56 68
6 87 63
60 94 39
73 99 32
36 94 79
73 70 26
61 73 46
22 22 71
19 76 10
90 30 82
47 72 19
27 71 44
95 21 66
46 73 17
54 19 4
61 65 88
58 34 80
0 90 73
93 33 15
41 93 92
18 74 13
18 68 29
67 90 77
3 40 37
17 79 53
6 94 28
48 98 44
9 76 40
58 19 66
29 29 8
99 27 52
57 15 18
16 93 34
26 73 48
78 40 21
18 80 58
72 84 97
58 84 86
65 22 80
73 26 11
71 95 81
41 4 88
41 92 13
59 15 80
3 69 91
85 80 65
2 20 64
15 67 87
59 68 15
61 32 54
49 38 21
24 22 57
99 26 40
80 5 39
2 23 40
74 33 37
44 89 0
35 0 60
99 25 18
12 29 42
26 9 10
66 25 35
75 17 97
65 62 2
89 89 41
51 61 62
50 37 47
14 1 27
63 37 79
74 12 64
73 3 34
59 24 45
46 70 75
29 72 72
71 25 55
15 6 52
2 30 57
57 57 34
80 3 15
20 78 88
72 25 18
1 38 77
80 38 91
20 73 88
12 85 55
21 88 18
25 84 37
19 89 61
36 45 22
37 6 13
91 27 68
37 95 13
43 59 94
24 83 40
8 1 69
47 12 53
31 1 24
70 83 63
19 79 57
98 74 29
98 15 87
30 9 13
81 2 11
31 66 25
4 20 65
88 69 43
19 21 70
76 20 21
90 97 8
38 27 93
68 60 82
82 91 66
2 33 19
5 15 58
70 42 78
74 96 68
17 6 51
37 96 15
8 78 42
7 41 37
46 72 75
18 79 2
24 76 52
65 53 36
28 89 94
89 84 34
70 81 97
54 96 45
84 77 2
1 33 27
36 68 56
51 29 58
72 28 37
19 76 9
93 10 48
71 83 84
8 28 28
92 95 6
44 42 72
80 14 55
77 24 14
46 66 51
52 84 54
76 77 73
45 73 74
1 65 90
37 72 43
23 94 31
47 22 93
30 21 49
30 37 5
67 40 79
64 61 3
46 9 88
67 39 1
20 20 14
82 13 76
39 8 65
29 12 5
48 22 72
12 86 94
37 89 30
73 80 26
49 68 97
93 43 20
14 32 88
46 95 55
39 26 97
87 70 40
46 22 43
92 95 13
50 68 13
72 96 84
4 21 66
58 33 81
62 48 93
73 80 23
73 67 27
23 33 32
62 4 55
33 44 24
15 84 34
17 25 30
83 76 2
93 24 39
3 17 13
72 37 15
85 41 98
34 35 37
2 39 35
95 37 74
19 21 52
76 78 74
21 31 13
2 74 47
29 12 15
15 28 42
85 74 4
14 71 84
72 0 37
7 92 7
93 61 42
59 67 90
68 53 96
64 96 91
57 8 30
27 15 76
36 45 32
61 32 96
76 15 98
67 81 68
66 36 33
30 38 4
46 63 89
63 86 76
2 67 92
90 53 26
19 29 12
33 68 97
74 97 38
65 76 47
76 62 50
45 59 53
52 39 76
19 34 27
52 0 79
81 37 93
19 79 8
37 56 93
7 53 55
41 66 60
67 86 74
36 95 72
2 31 26
3 23 12
57 57 33
91 19 99
11 55 98
48 71 21
3 57 39
12 68 77
96 23 14
77 96 32
38 48 22
1 87 78
39 80 5
53 79 87
66 49 32
42 2 38
70 1 66
84 13 59
4 21 67
3 74 48
79 96 69
67 61 81
95 27 72
46 45 82
27 46 43
49 37 96
79 40 19
81 82 30
44 59 93
62 57 37
46 70 23
70 95 12
72 75 51
83 2 40
31 67 22
1 29 25
76 16 97
88 67 83
89 74 59
99 28 18
28 29 8
81 97 35
98 27 40
48 21 93
4 18 13
73 82 98
61 12 19
38 69 58
18 78 52
56 15 44
83 61 73
72 17 93
42 84 89
32 71 22
64 84 75
71 4 55
58 95 32
6 65 55
25 30 12
17 3 34
19 67 29
94 14 35
3 85 81
63 34 97
46 70 17
66 62 2
59 72 62
24 28 49
60 18 42
18 69 89
61 86 76
67 45 63
9 98 85
25 31 16
28 71 12
68 91 76
87 86 49
50 62 80
90 63 88
28 60 72
2 10 5
74 19 15
12 15 71
1 13 28
23 61 71
72 78 63
41 61 53
70 52 93
82 78 29
46 34 47
11 0 85
90 96 6
85 77 2
42 35 69
94 53 82
80 64 72
19 64 45
1 19 18
36 62 33
18 75 8
12 60 34
25 99 87
51 1 59
71 30 38
5 42 88
37 5 60
20 7 8
95 60 49
62 97 92
21 19 71
70 0 69
43 37 21
3 90 94
0 40 38
18 78 7
74 35 16
93 30 65
18 93 35
46 6 51
1 28 57
27 72 78
64 9 16
74 98 37
64 44 64
7 57 22
32 51 96
53 45 95
75 12 63
38 59 56
82 6 39
35 53 95
37 73 0
59 22 46
36 94 74
65 28 79
7 2 75
80 10 51
73 35 0
18 26 25
19 35 45
59 76 45
82 81 31
88 87 60
84 9 97
68 53 0
45 71 77
75 44 59
3 88 0
99 0 16
65 6 5
34 70 21
1 31 22
4 39 39
49 39 36
63 74 74
13 50 10
25 84 44
2 28 27
37 70 59
27 22 64
47 64 45
22 15 76
61 94 1
15 5 73
1 21 66
16 32 93
79 34 21
85 87 33
10 92 3
66 78 47
47 64 44
46 12 0
62 45 97
19 69 94
19 81 17
72 84 65
92 12 58
51 40 37
35 42 20
59 65 86
75 39 62
18 45 15
89 87 59
15 78 84
81 15 55
16 85 35
90 42 40
60 50 74
30 79 53
75 27 45
0 58 36
37 29 33
74 27 24
31 72 21
61 43 95
67 53 1
94 18 77
90 74 4
78 65 23
30 66 75
99 24 42
18 5 91
34 62 34
32 70 96
15 41 18
77 14 99
87 46 99
71 35 19
9 85 65
19 37 43
53 40 74
88 37 48
90 96 10
40 5 58
67 78 86
77 74 21
88 43 40
54 45 96
47 83 10
10 33 97
8 61 86
83 67 98
58 23 46
15 79 85
7 54 56
19 35 61
44 52 13
64 39 81
44 92 55
78 35 19
35 5 11
90 76 2
42 42 69
11 57 84
66 40 2
87 87 41
10 84 66
85 48 97
6 92 5
8 54 2
43 76 41
21 68 96
69 80 83
21 75 91
79 36 23
96 62 46
92 86 59
71 83 61
40 55 91
88 90 42
84 77 4
20 84 33
90 16 98
47 53 55
18 1 32
70 26 36
39 86 31
58 98 44
48 36 95
29 10 28
35 41 55
34 3 92
10 50 34
63 21 42
68 39 0
57 24 14
67 0 52
21 14 38
5 9 23
35 59 76
38 45 13
4 25 83
71 21 24
3 52 0
96 22 40
91 84 56
38 29 93
36 26 95
24 88 86
98 96 38
59 96 34
46 90 54
34 72 5
24 96 31
33 41 50
34 74 5
4 25 30
89 72 69
0 86 85
65 20 46
43 47 74
16 85 34
71 31 37
87 87 36
34 53 94
32 42 25
68 87 35
96 53 4
91 73 99
32 17 29
52 18 87
61 78 74
72 94 80
93 31 16
41 6 11
97 20 4
62 50 80
0 29 17
9 55 33
82 33 61
66 90 78
81 13 77
92 31 15
14 7 73
70 55 59
66 41 81
97 9 11
72 36 1
71 77 47
34 68 74
50 29 25
3 23 14
94 57 19
23 94 32
98 98 40
5 79 52
63 38 80
73 81 64
88 71 55
30 70 73
36 72 4
64 22 89
28 86 71
39 99 92
99 90 74
51 21 3
1 14 90
49 97 87
73 74 50
61 10 61
18 33 26
2 86 80
81 6 38
84 41 96
14 8 18
19 44 16
79 4 14
60 69 15
3 59 37
9 35 75
75 99 36
28 70 45
16 32 90
0 25 71
60 13 17
70 95 83
51 22 58
40 96 95
30 16 30
19 21 65
76 24 58
7 57 56
73 42 59
82 12 55
58 46 94
47 55 95
73 61 79
10 54 32
53 23 16
19 21 13
95 72 19
52 60 29
1 87 2
85 56 92
1 29 56
14 18 75
10 94 39
73 32 25
14 3 28
47 47 6
7 3 79
54 9 69
20 89 51
8 79 16
8 51 57
25 10 82
27 23 63
52 13 66
26 38 24
11 18 26
69 79 50
97 23 15
38 76 6
4 66 0
23 41 85
8 57 32
59 32 79
89 7 32
94 22 70
57 18 99
49 0 21
35 75 46
42 99 96
7 0 60
82 60 23
59 11 17
55 3 36
9 60 40
77 62 22
60 65 65
55 13 69
32 16 28
33 80 64
77 19 21
56 45 85
31 77 88
11 68 89
52 30 60
51 84 51
59 79 47
99 41 75
84 66 98
25 22 67
35 72 76
54 52 30
67 27 35
8 8 98
30 62 49
77 55 12
17 3 30
49 69 13
78 1 69
12 45 73
0 33 71
16 61 57
20 15 37
71 51 1
34 1 60
72 22 19
28 19 38
14 92 4
27 30 12
3 59 38
18 1 34
63 38 78
38 72 44
36 69 58
16 84 19
44 12 48
2 65 91
48 38 7
2 19 18
43 69 94
11 44 75
9 42 75
64 10 65
42 46 73
27 11 7
82 80 28
72 17 18
11 83 56
90 54 29
7 36 37
32 69 77
29 65 75
10 65 89
23 81 73
94 17 96
31 54 18
22 69 76
18 82 22
63 17 92
67 34 34
89 53 29
82 13 6
85 77 6
53 63 71
68 98 71
18 80 53
59 46 15
3 99 88
18 85 27
3 74 31
90 74 59
10 84 56
43 8 86
33 54 82
6 18 60
0 78 53
71 37 18
33 23 27
4 75 44
36 31 74
19 16 36
39 46 12
51 17 88
29 49 98
43 82 93
72 93 79
81 54 15
6 62 54
31 12 0
52 61 30
13 31 46
43 63 53
39 46 63
93 62 47
58 49 44
53 12 70
53 68 16
59 19 45
94 25 40
45 73 76
16 32 10
64 11 59
15 3 34
54 21 24
28 12 79
31 76 87
6 62 33
70 79 24
9 55 31
65 95 91
63 28 78
79 3 39
59 22 42
71 36 14
36 89 31
74 33 15
52 62 79
20 74 13
44 34 20
6 82 59
87 68 44
31 42 50
13 0 28
3 97 47
74 41 63
23 84 36
8 56 57
67 87 74
63 20 44
5 9 0
52 68 15
62 93 0
54 27 2
63 73 46
46 12 1
69 94 76
87 44 39
27 5 71
98 24 19
97 30 56
82 14 61
33 92 52
53 61 29
46 36 24
44 4 79
38 66 79
95 59 50
0 34 28
1 54 15
9 58 84
26 10 13
74 69 72
7 7 26
75 25 19
77 93 1
2 58 39
70 20 94
0 29 57
46 72 18
31 69 76
91 80 28
17 55 52
14 62 56
52 64 72
84 75 8
64 81 66
24 10 83
33 18 28
18 21 12
57 21 18
98 22 16
4 26 83
26 13 83
2 85 81
0 65 92
78 11 73
29 11 14
97 25 69
85 77 26
89 10 51
76 4 33
71 28 36
52 39 36
68 83 67
1 8 82
94 9 48
29 12 73
18 95 34
18 36 44
17 20 72
31 54 26
1 87 1
11 9 15
21 10 80
57 35 53
26 14 9
0 92 34
80 76 94
50 77 75
78 3 8
72 86 96
21 74 90
24 16 14
33 83 67
78 25 14
97 54 66
44 43 72
5 11 0
31 86 67
34 70 42
13 21 77
84 38 95
42 14 24
80 52 36
37 72 59
4 16 59
90 8 32
85 62 50
32 76 22
89 30 82
24 16 94
70 85 48
19 77 7
35 25 36
23 11 53
91 74 60
85 76 25
13 69 89
86 60 32
15 23 76
42 92 92
64 57 20
2 71 34
28 65 26
90 19 76
10 3 65
88 34 0
80 17 94
66 21 66
85 99 38
20 34 61
39 86 55
53 97 44
77 5 36
96 24 70
30 52 93
80 35 18
80 12 75
91 65 85
10 56 99
19 34 21
17 74 83
92 36 96
68 55 22
0 71 34
81 94 34
71 32 11
97 49 6
52 74 63
46 67 20
72 72 82
31 67 30
12 34 43
10 1 77
72 46 78
70 38 17
20 11 55
1 27 52
6 75 42
1 0 14
46 21 45
2 90 96
74 52 5
83 4 38
61 47 90
73 2 36
35 70 57
35 54 97
23 53 56
67 42 62
51 62 30
12 68 88
71 45 77
19 80 4
58 36 56
49 65 75
20 93 34
52 35 35
71 61 80
3 34 18
58 55 35
43 48 62
41 78 4
92 57 67
70 91 81
59 45 93
4 36 75
22 44 41
31 20 33
31 67 75
46 15 51
49 64 76
12 4 65
84 77 80
54 21 22
22 71 15
30 73 73
22 21 65
29 30 12
51 95 84
26 5 70
31 16 14
35 59 81
66 63 3
41 86 30
97 76 28
56 81 7
18 34 24
75 65 90
13 46 19
63 83 72
28 73 73
19 52 76
3 84 80
24 12 79
10 79 17
8 13 59
90 72 87
34 44 25
50 96 87
48 11 1
81 77 28
65 95 93
4 74 47
21 12 81
87 83 64
89 88 34
40 57 69
39 35 60
61 17 45
57 33 78
73 24 12
98 98 39
87 39 68
29 17 29
41 40 95
70 85 67
3 97 46
82 3 10
68 67 37
11 5 28
24 62 70
83 78 3
91 11 50
6 99 76
49 41 75
71 96 83
30 97 47
65 70 83
45 99 40
18 71 82
1 76 50
88 9 61
82 65 75
69 35 20
16 3 32
80 95 34
45 25 25
92 86 54
85 72 6
0 22 71
54 43 98
41 48 39
65 77 70
21 67 94
9 7 28
95 72 18
90 82 55
21 12 84
61 96 93
8 83 57
94 21 74
33 70 96
26 8 84
68 58 81
14 21 75
97 25 44
14 96 86
68 77 46
37 66 74
47 70 20
92 51 26
62 73 42
54 13 3
3 82 34
93 52 3
44 42 77
72 33 14
43 6 88
68 80 49
57 25 41
22 24 32
2 92 98
35 21 28
63 81 69
40 48 22
19 76 62
58 72 62
61 49 72
40 18 79
17 84 38
2 8 5
69 58 80
78 32 71
62 47 92
92 81 29
12 81 83
2 17 19
12 33 44
68 30 41
7 0 76
75 26 58
64 22 23
87 61 33
42 5 87
94 94 18
6 36 95
47 11 2
34 59 78
38 69 78
90 21 22
17 31 11
93 83 30
99 62 14
76 25 43
71 34 14
79 11 50
79 4 38
52 40 36
88 87 55
26 44 73
28 48 43
12 2 63
68 76 48
70 39 1
72 33 13
90 88 52
62 69 16
27 13 10
69 40 2
76 12 86
6 64 55
92 85 52
70 56 98
25 13 78
75 82 25
13 70 90
93 20 75
68 86 73
51 6 8
29 68 22
90 86 34
70 84 85
53 73 63
8 51 36
14 63 55
98 56 1
1 27 81
58 46 90
26 98 87
49 28 22
6 78 44
40 6 54
87 40 62
55 11 2
69 82 49
62 68 39
11 37 0
43 97 40
34 47 99
78 54 13
32 67 21
24 53 95
22 36 82
64 74 42
46 81 39
23 51 31
83 81 14
68 79 24
7 14 58
10 43 76
32 58 87
48 54 55
87 11 60
37 71 98
62 27 79
14 28 47
60 21 14
31 41 23
63 43 97
41 49 38
92 95 38
29 20 39
13 94 99
13 4 65
36 98 73
43 5 50
29 62 30
38 13 44
20 15 40
8 12 58
38 26 94
43 45 74
50 37 96
4 78 63
68 54 73
43 75 90
25 6 40
13 27 47
41 8 51
8 6 27
96 72 31
65 52 37
38 72 98
63 22 46
48 52 50
82 48 3
66 50 0
59 46 84
89 58 37
1 87 76
0 87 77
30 4 23
61 67 18
81 2 9
19 47 48
11 71 82
93 21 40
51 63 74
60 66 20
11 93 1
52 82 82
87 72 43
93 48 39
43 98 95
84 3 39
90 79 52
64 76 3
91 18 77
75 31 22
54 4 19
71 96 12
50 94 39
16 67 88
83 82 30
84 57 69
86 88 57
41 46 10
0 11 6
47 20 76
85 41 95
40 59 95
26 28 5
33 69 75
60 48 71
33 13 15
72 83 64
34 32 73
21 51 93
88 43 41
10 88 77
85 70 81
78 60 72
74 25 17
34 41 32
79 61 71
51 36 52
94 25 39
91 64 86
0 16 89
62 61 54
35 33 73
61 26 13
86 84 58
95 51 69
94 58 52
50 7 7
33 92 70
53 39 75
76 25 18
1 90 74
19 66 28
1 25 51
43 91 56
35 73 58
62 64 81
54 92 31
57 44 97
8 22 93
60 69 12
40 64 59
65 10 60
66 46 64
95 61 50
70 5 65
45 27 4
39 7 55
1 94 96
83 34 37
33 33 5
17 85 18
71 84 0
75 28 42
4 83 38
84 41 97
45 6 52
1 10 6
43 18 81
27 53 94
32 14 16
14 6 73
35 78 32
0 46 49
18 83 31
6 1 76
93 19 98
67 2 95
27 12 75
46 75 75
22 85 40
27 64 32
23 5 13
53 60 30
47 52 54
68 85 74
57 14 16
93 41 19
56 18 4
66 96 90
65 8 5
65 49 64
71 40 20
63 48 91
63 80 66
2 60 37
4 91 1
27 28 13
38 2 90
8 96 30
59 20 16
13 52 37
48 20 76
0 18 19
86 64 62
48 12 50
60 71 61
90 13 54
76 67 27
80 64 23
73 23 44
98 42 75
69 35 24
89 65 2
54 19 20
36 74 1
47 23 26
22 11 80
67 45 60
17 80 57
56 4 35
66 93 80
97 31 70
68 22 90
55 66 14
5 63 55
70 41 80
54 57 29
25 9 84
25 29 14
29 71 75
83 54 84
98 88 63
83 14 60
4 67 0
50 40 37
77 6 37
88 44 35
76 30 41
4 54 98
6 6 5
78 94 32
73 31 14
26 7 83
59 63 86
89 70 71
39 5 60
13 0 75
88 10 60
25 83 39
94 7 38
88 90 69
62 32 76
82 54 58
72 20 14
62 94 57
94 50 6
69 43 65
7 13 26
77 39 21
52 85 18
83 41 38
55 58 30
32 41 26
5 19 62
96 28 71
12 95 2
35 0 75
42 24 51
71 99 68
20 21 16
71 94 84
40 81 5
10 7 46
3 90 93
52 39 78
16 78 86
64 31 76
28 73 49
95 75 22
20 83 31
73 24 10
5 88 97
12 93 0
22 23 72
42 6 53
54 94 33
34 43 32
78 10 73
89 90 41
25 44 85
99 24 69
60 79 73
56 81 4
56 95 44
36 49 15
36 70 57
83 85 51
87 44 30
4 29 27
6 11 8
79 34 24
66 21 21
78 38 22
60 69 13
18 81 18
18 82 16
75 34 24
87 46 0
11 34 45
16 29 41
69 99 69
21 16 79
59 45 90
60 13 18
0 25 41
82 38 93
55 79 57
36 99 74
66 77 73
59 23 44
54 10 3
81 40 21
31 72 23
75 24 11
0 18 21
71 14 21
88 85 34
8 92 2
18 78 3
98 93 16
25 18 24
14 33 90
14 44 75
27 11 11
21 34 21
33 55 81
69 96 82
23 22 66
40 34 61
69 26 35
52 55 28
91 99 37
58 58 34
87 69 42
91 93 38
84 81 63
13 18 74
44 65 51
19 5 53
74 94 64
87 64 86
55 22 22
17 30 16
92 97 87
37 76 6
10 36 75
2 22 13
22 85 35
34 79 32
75 25 22
30 68 75
90 43 73
64 18 89
16 84 12
53 93 32
96 51 3
68 33 35
40 46 9
69 4 54
62 55 35
16 86 26
26 10 80
15 33 86
28 94 16
76 95 66
53 5 20
20 89 18
65 83 70
61 24 48
46 39 20
79 31 72
1 30 55
98 25 73
32 34 7
88 54 8
8 55 32
35 48 16
71 43 79
84 82 65
69 79 70
34 73 21
70 78 49
44 44 75
89 3 80
37 27 65
3 8 6
9 58 37
21 32 12
71 45 58
57 37 56
43 55 70
89 10 59
10 93 38
33 6 13
66 7 4
48 68 21
85 85 52
79 61 73
63 24 89
19 75 12
51 61 79
89 46 35
60 20 15
32 8 29
22 1 94
96 77 23
10 85 61
59 35 55
73 93 81
55 17 97
68 53 99
71 38 1
60 46 89
81 53 14
69 48 99
49 36 48
61 51 79
21 76 90
55 26 39
17 69 78
91 58 66
88 44 61
96 27 65
9 50 37
9 66 89
90 74 0
17 86 25
73 85 67
57 19 5
17 84 20
43 99 39
15 24 6
41 73 90
88 45 34
21 66 94
15 56 52
42 9 87
72 3 69
8 94 27
45 87 17
85 16 59
48 35 47
64 94 89
65 48 65
74 31 39
87 70 38
16 4 33
50 40 76
65 50 33
78 64 88
1 6 37
85 21 63
78 63 74
11 99 52
76 89 61
28 18 37
11 4 73
39 67 77
9 52 37
25 14 39
65 24 89
57 49 43
89 25 70
35 43 22
30 9 29
9 93 37
8 90 7
9 71 65
62 22 13
45 70 22
90 23 69
51 6 6
40 55 89
24 21 69
72 48 78
35 82 70
7 90 8
14 78 84
81 55 59
70 18 92
3 88 13
81 8 98
72 93 81
35 66 58
43 90 31
71 81 71
88 83 35
21 68 77
63 9 19
46 8 76
43 19 82
49 95 88
26 39 23
85 70 47
55 23 16
61 22 14
5 81 51
50 29 59
57 57 35
30 53 92
4 1 7
47 35 47
70 91 73
1 86 10
55 51 30
39 85 54
54 59 31
30 54 25
60 31 77
43 42 76
3 93 54
56 24 15
66 43 61
94 57 59
54 9 4
76 23 15
0 29 26
82 11 54
37 66 78
87 75 2
61 69 16
24 62 69
48 34 46
23 88 17
69 1 71
52 17 75
93 78 1
13 89 97
88 40 39
16 19 65
50 79 23
9 70 81
90 23 21
34 34 10
8 59 34
12 46 74
35 92 71
65 80 70
71 59 80
53 81 86
24 15 42
44 11 49
80 11 76
85 19 84
21 78 89
63 54 37
95 52 64
73 43 57
29 28 8
22 22 17
0 57 41
99 25 70
48 24 25
0 24 17
44 48 63
72 39 20
98 28 19
23 42 85
73 36 2
63 21 47
33 17 30
23 84 38
54 42 96
90 87 56
74 99 31
49 42 43
0 66 92
59 55 29
12 31 44
66 94 92
29 30 11
48 13 52
66 48 65
23 23 34
76 65 24
79 5 15
67 60 80
35 47 15
1 93 53
87 89 41
79 3 13
13 7 18
95 20 75
72 0 33
58 24 43
71 82 62
18 2 91
89 56 65
68 52 0
15 20 74
13 7 5
36 73 44
52 66 15
5 60 61
68 80 69
7 83 37
84 39 92
79 69 22
95 27 97
41 27 53
72 97 13
53 81 81
69 53 72
64 27 78
35 61 35
18 86 28
61 65 65
68 25 36
73 18 92
71 83 73
8 19 62
86 64 49
88 56 66
44 43 78
65 0 51
28 11 4
0 29 58
6 3 75
24 85 32
27 65 29
69 84 66
8 6 25
26 31 12
9 68 88
58 34 82
11 36 96
29 51 95
36 4 13
28 72 75
11 77 16
59 48 44
7 6 97
86 46 27
42 56 66
21 73 87
54 24 59
5 90 2
61 99 92
86 45 31
70 82 83
73 34 16
66 78 44
35 57 80
47 32 45
44 21 43
19 0 46
2 87 1
65 18 24
33 34 6
50 70 18
71 48 75
56 80 55
78 36 23
72 75 1
39 78 3
12 94 2
34 97 39
66 73 80
79 18 95
40 45 62
44 93 55
13 88 96
26 26 61
68 41 3
62 63 52
43 5 52
88 78 53
78 2 39
43 93 56
41 1 38
37 52 96
22 99 67
21 21 54
10 18 26
85 75 10
24 23 15
49 67 22
3 38 38
68 80 86
60 66 89
32 39 86
95 60 45
69 79 84
51 63 73
53 89 94
25 72 11
74 26 46
71 78 23
51 60 28
95 20 68
15 18 79
90 26 69
74 69 26
16 20 75
30 80 53
69 97 69
71 20 90
31 68 99
56 11 0
1 24 16
77 28 22
41 20 81
75 21 21
0 89 75
28 67 26
91 97 11
97 96 18
88 60 31
95 24 13
88 86 38
98 53 3
12 94 1
66 97 54
68 88 76
90 97 39
40 79 4
95 74 21
34 39 33
67 40 82
48 60 82
60 64 88
6 10 1
76 93 31
60 66 90
85 39 67
66 0 53
81 62 23
69 51 36
88 79 54
24 14 93
76 96 32
64 76 69
90 36 13
61 64 80
72 33 12
51 29 61
12 89 99
12 90 3
35 71 5
65 79 47
63 96 91
1 29 54
87 39 39
72 18 86
55 92 32
20 72 13
21 93 58
94 18 96
39 60 96
2 77 51
4 62 56
3 8 23
23 22 16
37 30 73
98 75 28
84 40 93
11 54 1
35 59 80
77 14 84
47 26 24
62 69 37
14 6 63
10 69 65
32 35 6
2 88 13
65 49 21
57 23 20
1 82 35
92 18 75
98 54 19
57 77 58
35 24 74
72 1 36
61 64 85
57 36 54
83 54 83
28 14 74
13 20 75
82 56 58
31 9 29
46 19 92
61 91 2
65 98 53
5 60 33
31 10 29
84 75 5
64 50 32
17 84 30
6 45 50
68 77 45
4 88 2
84 76 9
79 64 74
45 94 24
47 54 11
93 60 44
37 73 4
10 84 62
30 70 22
13 28 42
71 57 82
29 30 9
8 0 15
22 13 85
65 50 31
21 4 12
53 65 16
4 53 11
14 1 76
26 21 59
51 67 14
14 70 83
37 62 57
31 77 56
77 16 84
20 37 94
61 33 56
30 31 13
66 64 4
94 21 69
62 33 96
55 16 82
90 75 3
29 86 69
46 63 41
64 71 82
66 47 65
1 70 33
48 41 42
5 99 48
78 68 21
50 37 53
48 25 99
85 70 84
32 52 83
60 18 44
84 45 32
90 63 86
90 24 22
69 94 81
76 94 2
74 20 20
74 38 24
31 14 16
15 76 85
35 44 32
96 29 57
9 15 24
78 14 0
53 20 3
50 68 10
62 61 52
70 33 22
94 67 85
12 71 84
62 80 43
7 96 30
79 87 37
11 3 66
46 91 54
72 94 84
88 71 42
67 20 94
41 85 89
67 87 35
85 44 33
40 9 50
75 68 26
31 83 50
90 93 89
61 32 79
26 51 97
57 17 44
41 90 29
88 74 89
41 40 77
37 71 42
58 11 16
65 75 46
36 6 59
38 81 64
65 50 35
29 94 20
6 12 8
70 18 93
2 59 35
42 72 92
34 73 55
74 37 24
4 9 6
36 70 56
58 5 65
19 19 63
59 47 62
93 68 82
11 34 98
71 18 91
50 63 77
34 71 97
83 85 52
76 24 23
26 27 6
5 81 56
75 33 20
19 26 26
77 96 66
18 71 78
83 76 3
53 18 19
8 2 78
6 38 76
73 41 60
96 18 79
72 4 36
81 61 71
20 82 39
23 15 41
15 69 86
38 86 32
74 28 47
60 21 44
19 21 15
33 53 98
3 91 95
57 18 24
11 91 3
42 98 37
70 20 23
41 10 51
86 86 53
13 7 17
34 96 41
55 34 78
38 9 66
23 32 32
96 77 5
51 42 76
59 16 44
88 84 47
26 63 32
69 0 13
57 46 96
40 73 94
85 0 40
25 41 21
13 93 5
89 54 7
1 29 18
68 99 9
98 23 68
26 10 81
11 88 98
26 59 74
2 25 32
93 25 98
13 22 84
59 49 43
99 17 87
92 82 30
20 31 90
1 39 37
9 1 68
51 41 77
76 18 84
64 78 73
28 27 61
37 6 14
76 12 75
71 78 2
43 41 80
82 39 20
44 6 51
58 6 37
25 24 0
57 1 97
95 48 5
88 88 40
38 4 85
90 24 69
85 99 39
88 46 33
18 96 35
31 15 15
94 73 20
26 6 70
36 62 58
35 13 16
73 70 73
0 11 92
39 95 6
97 27 72
57 19 3
76 0 70
3 21 20
95 27 41
89 93 39
81 78 33
38 6 14
13 53 26
67 24 88
0 62 45
77 21 15
28 6 8
6 83 59
77 94 67
26 23 0
75 82 24
86 63 49
1 31 21
54 18 96
65 27 33
62 0 54
88 70 41
64 11 65
71 80 97
8 41 75
88 71 71
3 37 74
96 95 17
53 19 88
59 10 29
72 19 89
87 56 31
60 21 16
79 60 21
11 84 62
98 23 3
95 73 18
10 91 40
87 61 35
43 83 90
8 88 93
67 77 47
44 61 54
64 76 43
29 43 23
26 71 12
90 94 88
44 32 21
2 67 0
68 90 77
14 85 25
56 22 20
38 46 14
89 91 41
68 79 85
35 51 97
57 25 39
51 42 51
59 20 15
62 63 80
93 53 81
67 40 80
41 85 32
66 18 65
91 29 81
77 3 15
68 0 11
6 19 62
89 81 55
66 88 75
16 80 86
73 92 73
72 32 24
16 66 88
75 29 42
35 58 89
30 22 30
35 74 45
74 23 44
92 54 80
66 32 40
3 25 82
44 96 42
81 98 31
10 60 35
26 47 44
52 38 79
1 38 36
51 82 81
60 50 78
68 40 48
62 26 12
86 33 5
25 13 83
54 14 44
45 79 41
23 79 3
58 56 29
89 48 85
1 58 40
46 79 41
5 26 29
46 10 52
38 95 14
34 36 36
54 48 88
63 75 71
64 81 73
70 37 20
26 86 72
74 76 21
92 78 1
69 54 97
35 91 50
39 4 86
42 96 96
72 92 79
59 65 20
52 12 69
86 1 41
21 1 95
93 40 21
4 50 57
33 13 29
64 18 91
24 51 30
63 22 41
40 99 93
63 83 71
70 97 71
79 75 94
39 88 28
45 11 49
92 85 53
43 31 69
20 50 46
7 97 49
93 58 43
72 99 9
51 4 22
27 60 1
13 86 54
64 71 84
25 17 41
45 48 63
87 43 35
65 23 81
26 47 76
91 73 5
10 47 82
75 64 90
79 95 33
89 19 21
62 23 13
44 93 24
16 56 51
14 0 30
97 28 17
70 76 48
90 75 61
95 10 49
26 84 19
20 73 94
19 68 19
39 8 63
16 29 15
68 96 71
74 66 91
91 21 21
18 70 77
18 85 37
65 77 74
21 39 87
79 9 70
29 69 74
9 80 60
3 82 78
36 44 22
16 5 32
24 53 96
86 86 34
2 88 93
3 28 28
21 31 32
47 68 20
33 11 30
74 43 60
83 12 58
43 59 91
27 11 81
89 11 53
48 32 44
50 66 76
25 60 80
58 34 77
39 54 95
77 9 74
5 82 59
75 96 33
80 75 96
36 42 30
47 97 42
13 4 28
21 2 96
2 93 54
76 22 16
46 51 51
77 63 88
80 1 10
35 52 98
45 61 92
73 25 18
10 57 99
25 11 13
97 23 4
9 59 39
39 84 53
78 62 73
9 84 62
8 77 41
75 68 71
71 0 65
99 33 70
8 90 2
89 48 53
89 2 81
57 79 5
28 27 11
68 43 65
89 1 81
66 20 91
66 48 33
38 79 5
72 77 1
33 44 33
45 95 41
68 54 98
77 38 27
97 24 18
36 73 57
45 89 75
44 92 29
92 94 37
14 9 19
88 59 36
78 63 22
58 27 78
30 74 97
67 47 36
38 93 13
71 75 49
2 68 92
47 13 69
62 25 14
0 56 2
63 57 36
92 98 88
6 5 26
3 20 21
26 59 79
73 69 28
28 10 81
17 70 93
16 41 17
5 15 59
23 5 41
32 84 69
30 14 17
65 82 69
25 7 42
31 19 32
46 15 53
64 63 54
7 14 25
82 10 50
73 93 14
28 48 78
45 42 81
69 99 12
68 22 88
20 68 95
77 23 17
9 64 16
46 68 21
43 72 17
24 10 14
48 48 6
89 80 53
25 15 77
99 86 84
57 81 6
28 12 13
63 62 50
39 1 15
96 71 30
84 58 70
52 4 21
46 51 53
46 21 94
69 22 92
89 72 70
56 10 1
3 20 20
72 29 38
52 12 67
16 75 84
22 9 79
48 19 91
92 51 4
50 69 11
98 54 2
24 85 43
59 20 4
2 80 62
69 92 80
69 33 20
54 61 31
37 31 72
96 27 16
83 79 29
32 53 97
10 76 13
87 87 56
41 35 62
23 86 33
33 31 72
65 51 34
97 24 13
69 51 0
45 62 42
33 40 33
6 15 57
28 74 49
21 58 12
56 21 22
91 43 41
65 61 3
45 65 50
6 59 30
23 93 31
8 85 63
57 11 0
5 57 41
28 11 6
85 56 68
10 2 67
93 27 70
40 28 13
60 97 35
57 92 31
27 19 37
14 21 83
98 53 5
96 86 0
89 54 27
4 76 43
60 27 13
60 9 30
23 10 82
72 68 92
10 99 85
13 46 20
24 50 55
55 20 18
29 75 55
4 13 99
86 83 65
77 72 94
54 53 29
70 80 71
49 34 46
98 71 32
71 99 66
70 38 20
23 22 36
6 83 52
72 81 63
27 27 62
27 9 12
98 60 8
77 88 2
61 3 57
42 4 88
19 67 76
96 21 67
79 35 21
62 82 42
90 16 1
48 53 54
14 94 6
70 98 70
20 23 51
17 61 57
43 64 52
53 56 29
99 86 77
76 22 22
46 98 42
51 16 77
35 5 12
34 12 30
6 51 56
12 89 2
37 5 14
70 52 1
70 84 47
6 79 52
81 13 5
88 45 71
77 67 22
7 41 76
95 45 95
60 14 80
23 31 15
80 13 52
39 6 61
58 12 15
77 83 34
14 2 65
10 3 62
41 45 72
25 29 13
21 26 93
77 76 76
71 75 20
47 76 76
29 50 99
92 50 27
53 23 60
68 39 82
73 32 13
35 27 36
40 68 59
71 32 23
68 48 64
58 47 16
39 60 56
88 50 72
91 96 12
49 72 21
69 38 17
71 2 70
90 13 57
67 31 41
97 25 66
13 88 0
71 70 83
65 55 20
77 12 85
36 56 81
19 77 6
66 77 93
28 29 11
75 98 35
79 95 3
4 43 88
34 93 72
26 27 62
3 22 16
76 97 34
83 38 93
7 58 85
4 82 37
42 55 95
60 78 46
58 56 32
55 15 68
45 89 30
9 54 38
43 42 79
19 14 39
65 0 39
17 13 61
52 85 55
76 4 16
61 11 19
36 73 58
86 69 83
34 69 64
18 46 47
45 0 40
35 71 56
54 15 81
10 27 72
31 80 63
6 84 53
44 36 22
22 16 78
86 88 52
19 72 95
20 33 89
79 8 76
74 6 15
20 10 79
27 72 48
51 41 35
62 63 9
43 43 75
89 25 68
84 76 3
43 1 12
91 21 25
36 47 15
34 42 32
60 92 40
15 24 31
59 12 15
78 33 20
56 14 68
2 38 75
81 77 30
60 45 95
18 27 26
76 76 77
91 52 27
51 28 56
5 24 53
19 92 34
37 42 30
63 9 18
92 72 6
38 98 93
63 76 70
3 58 91
37 73 57
35 46 97
27 47 41
85 13 60
24 14 77
39 57 92
54 91 6
67 62 2
24 22 59
86 80 4
20 75 83
32 36 39
25 86 42
69 33 24
14 3 66
73 79 1
44 83 91
2 41 34
18 82 15
96 96 15
93 44 21
77 65 76
76 76 21
96 56 5
89 80 52
3 20 17
72 76 46
86 86 50
44 4 90
8 89 92
8 54 32
60 42 92
83 3 40
67 79 86
56 22 19
6 25 83
13 97 85
99 65 91
36 62 34
83 48 2
78 2 15
61 63 89
23 47 51
40 3 89
91 52 73
29 96 16
22 61 70
44 58 52
59 31 80
16 84 21
2 8 24
32 8 0
10 68 78
11 45 74
39 49 23
76 3 34
84 38 99
66 48 36
60 13 81
54 21 20
96 24 41
22 11 82
18 45 46
57 22 14
8 0 63
57 33 80
27 15 29
57 47 89
97 49 7
48 10 67
92 12 31
1 85 80
15 33 89
92 65 84
46 71 22
83 92 34
20 74 92
97 52 4
55 33 54
19 25 31
99 70 33
32 87 69
72 49 49
94 26 71
17 73 82
73 99 36
26 52 94
81 60 23
4 81 57
90 46 35
9 29 3
77 17 94
38 66 77
30 64 31
66 50 32
79 24 14
37 61 56
68 52 37
83 35 36
3 54 97
77 33 21
92 29 80
72 85 94
16 21 73
61 20 15
35 67 95
8 14 58
8 92 38
54 11 69
87 47 31
41 96 93
60 45 92
25 12 15
13 3 73
26 23 14
63 62 80
8 8 24
67 21 93
23 45 42
18 71 79
45 42 24
68 96 30
52 37 37
39 68 59
37 66 61
19 71 34
74 33 25
38 8 67
72 86 95
79 26 15
25 65 84
40 21 83
22 67 46
69 80 81
14 68 93
42 35 67
81 58 23
2 43 34
41 25 95
32 9 1
17 87 66
87 68 83
61 67 38
15 3 62
62 10 20
91 64 83
26 22 49
55 14 45
89 59 38
95 61 51
57 56 31
2 31 20
72 86 66
53 24 17
38 63 57
60 69 14
37 69 55
68 85 47
75 11 86
12 79 85
57 17 22
21 68 18
34 92 71
54 24 16
30 51 96
31 43 25
26 71 43
2 28 54
84 39 98
43 76 89
10 55 2
23 16 77
6 85 95
94 67 83
86 41 39
81 17 93
4 59 34
43 24 52
67 51 99
35 22 28
39 2 90
22 90 61
11 61 35
65 35 32
0 15 90
85 78 28
88 74 1
24 40 84
32 83 56
39 57 67
11 0 77
4 80 51
91 76 1
27 73 74
9 36 1
2 39 36
43 84 90
62 84 72
40 67 59
44 83 93
92 18 76
56 93 32
88 11 54
99 30 56
4 84 1
66 71 82
59 77 45
37 2 85
15 71 83
95 97 18
14 22 76
34 49 18
93 19 97
70 99 64
25 46 42
67 66 36
76 29 20
70 19 86
31 55 17
96 25 14
37 27 95
5 17 14
74 99 71
14 74 85
18 68 77
96 73 34
32 78 89
64 21 45
82 52 13
4 9 8
26 71 47
25 17 40
80 65 24
67 52 37
79 54 14
75 17 93
89 19 43
65 54 36
37 73 97
35 97 41
32 75 55
61 76 46
53 26 3
42 33 19
70 94 12
74 27 11
99 25 19
7 79 15
66 53 2
92 98 38
41 88 31
46 21 92
50 2 58
61 70 17
8 23 92
25 52 97
13 72 85
16 93 33
86 55 68
38 32 74
28 60 0
22 95 32
29 48 42
91 9 49
98 73 29
41 41 72
4 26 55
92 19 99
26 16 39
99 24 12
28 11 10
60 64 86
13 46 73
37 73 99
93 50 7
90 12 56
69 80 25
97 29 42
50 27 2
48 24 0
3 8 7
74 77 3
92 30 17
6 23 52
24 48 51
3 2 7
21 0 94
36 57 90
70 49 54
27 73 54
19 76 82
0 38 37
74 32 38
94 42 19
69 98 8
66 57 21
72 23 43
99 28 20
0 86 8
1 30 27
96 20 67
11 67 77
5 78 64
38 29 94
43 94 56
74 81 23
7 52 56
9 51 50
11 14 43
5 89 97
9 75 13
20 75 13
46 61 41
58 56 35
13 1 32
30 71 74
76 21 14
84 51 84
8 84 55
79 0 10
60 34 78
75 70 26
31 16 12
87 43 68
73 40 62
68 83 48
46 54 12
20 68 76
56 18 23
98 26 71
8 61 41
46 14 52
35 28 35
51 61 64
44 90 54
80 80 72
44 68 93
23 78 4
68 2 96
50 4 22
27 14 79
68 96 70
73 76 2
67 46 60
32 15 26
12 56 98
73 97 66
68 21 91
84 26 98
84 76 5
26 98 34
72 98 14
75 62 48
10 30 4
90 64 87
56 33 79
99 22 3
39 6 58
8 76 15
2 26 82
58 94 27
58 35 52
63 81 42
78 54 12
17 75 28
97 96 39
41 98 94
56 47 88
97 73 30
23 43 41
34 69 22
1 31 55
56 80 7
62 74 47
93 58 51
60 23 46
33 68 22
21 87 20
96 95 14
88 55 69
12 8 17
10 37 97
22 40 86
63 51 81
2 68 32
39 87 52
34 88 80
31 75 23
74 94 63
86 44 94
26 15 40
33 70 76
66 20 65
74 53 61
35 47 98
9 1 62
14 68 85
2 12 27
4 90 99
45 91 54
83 43 31
42 38 72
76 38 26
28 23 63
40 80 6
35 66 94
75 98 39
61 35 78
80 33 21
27 13 80
23 40 86
16 45 44
64 27 34
87 60 35
55 19 4
43 7 91
73 19 16
59 72 60
71 0 8
78 0 69
1 75 46
9 56 36
76 27 58
2 80 56
40 0 16
66 26 34
20 68 30
60 47 15
61 98 91
15 33 93
35 97 40
25 23 66
12 52 36
91 37 95
34 22 28
1 22 42
4 65 56
57 16 15
13 9 20
52 10 71
64 80 74
57 57 30
32 42 32
55 47 87
65 74 45
77 17 85
48 26 23
66 52 35
0 88 76
68 48 98
31 82 69
7 50 55
96 21 74
77 61 6
94 26 98
1 86 76
4 84 37
53 84 18
67 96 89
7 0 91
35 15 16
23 79 5
2 39 37
40 92 12
94 96 17
32 81 70
49 76 78
75 67 25
47 46 81
10 2 63
51 1 57
5 23 51
24 46 43
47 52 51
34 39 34
37 2 62
14 69 91
55 45 96
6 8 23
67 72 80
27 24 1
79 3 8
38 96 13
69 92 76
42 33 69
13 81 82
91 36 12
60 44 93
44 79 16
57 40 93
47 44 81
12 59 85
88 16 3
50 12 69
24 64 85
25 41 83
89 64 87
55 78 55
73 84 99
17 31 10
12 8 72
91 20 94
58 23 15
47 60 55
35 43 31
14 1 32
52 33 18
65 49 37
86 50 80
57 46 84
47 89 30
80 66 25
18 30 11
66 49 1
69 17 94
3 25 31
22 87 19
66 84 76
91 95 5
75 93 6
11 29 41
68 63 5
98 14 98
60 33 54
4 98 48
96 95 19
29 62 70
45 74 75
39 26 95
72 94 14
62 3 21
72 31 39
17 34 25
59 63 87
5 17 48
18 88 61
17 73 83
2 30 19
28 12 80
54 8 68
32 77 90
77 63 73
71 77 50
17 68 88
1 91 35
90 98 40
43 32 68
20 21 70
2 40 34
54 16 96
98 39 76
84 15 60
73 84 25
32 16 31
97 29 55
33 83 68
47 20 92
71 42 67
19 87 28
70 53 94
26 6 38
44 6 86
6 20 69
13 91 4
86 86 57
21 91 62
0 14 27
89 23 23
76 17 95
90 54 25
46 20 43
30 84 49
55 56 28
68 52 93
11 70 80
4 27 83
14 1 29
59 33 77
86 41 63
25 15 95
68 51 96
9 70 66
92 28 69
89 97 7
99 93 16
16 28 40
47 35 25
88 43 61
37 69 79
7 53 50
96 23 41
75 34 23
9 8 29
10 80 18
42 42 98
95 52 68
8 37 73
51 39 97
7 84 37
66 18 89
71 79 2
88 46 30
25 21 36
86 39 67
4 94 26
40 5 12
18 78 5
90 66 2
24 11 14
89 43 39
70 36 98
80 84 29
36 58 81
70 5 55
91 65 88
34 44 18
79 18 93
17 3 90
67 40 3
36 97 39
25 51 95
21 74 89
13 33 94
10 0 61
25 7 39
55 67 53
60 70 60
77 15 83
83 12 57
57 63 87
27 24 62
65 56 20
64 46 66
10 78 14
92 61 45
5 4 27
10 49 41
23 15 13
49 20 92
87 87 53
74 80 27
40 87 57
22 70 16
9 57 37
44 2 40
28 74 53
28 66 28
75 98 32
8 55 36
60 44 91
28 24 61
91 36 13
61 18 46
84 1 40
46 5 51
71 24 19
71 41 5
45 11 1
46 59 52
35 2 61
46 63 43
84 80 29
10 34 44
98 27 52
76 44 30
37 3 91
80 60 72
45 44 73
72 3 35
48 96 41
26 24 65
20 79 7
55 82 3
83 51 15
71 36 99
60 30 77
9 79 16
64 83 74
52 24 18
73 32 40
8 17 25
2 74 49
29 59 99
36 1 33
9 84 64
90 71 68
7 19 61
33 51 95
48 39 79
97 26 15
33 38 35
13 46 79
21 73 14
25 27 7
7 86 63
9 71 81
48 62 81
42 40 81
29 96 17
76 14 63
37 3 86
43 3 39
17 48 43
70 48 52
73 77 22
37 50 14
26 41 23
19 34 45
17 92 35
67 48 62
13 29 44
61 79 45
27 73 76
67 39 48
60 9 29
94 40 18
82 52 15
73 25 94
20 22 53
45 21 44
34 25 35
33 0 61
87 21 19
88 20 20
41 59 95
71 51 0
69 4 52
5 6 7
18 4 90
51 17 76
64 37 76
62 92 1
20 95 32
81 77 93
30 68 21
90 57 66
40 47 11
31 79 54
0 38 75
14 68 78
19 72 80
40 61 96
67 89 76
52 97 8
28 25 60
51 61 31
70 94 82
44 4 50
19 78 9
49 19 78
77 89 2
38 7 62
70 35 14
24 52 55
66 62 4
15 2 29
17 20 70
13 95 8
25 80 99
11 36 76
76 62 73
3 27 54
66 2 51
50 39 22
41 90 56
19 77 10
27 24 64
79 12 73
90 17 77
80 75 95
4 89 1
88 88 56
29 22 48
7 62 53
62 72 78
43 71 92
0 82 72
20 57 36
19 12 56
51 84 53
57 42 95
55 12 69
63 30 77
0 90 75
19 74 10
11 53 31
47 41 44
44 8 85
56 16 20
90 84 53
37 94 13
95 25 42
74 29 24
18 20 64
1 24 42
21 20 64
11 98 85
92 41 65
69 3 95
68 82 51
95 27 96
13 94 1
11 78 15
89 12 54
16 47 44
55 82 6
56 36 55
53 50 88
6 27 29
66 22 81
64 22 82
56 15 16
98 31 55
41 43 99
73 98 70
24 95 60
33 41 24
64 16 92
90 85 55
94 23 37
18 61 71
52 30 59
38 28 94
7 83 56
32 18 31
94 61 44
38 56 95
34 52 95
22 12 54
30 70 76
29 26 62
78 30 23
15 85 25
15 69 77
89 96 9
29 28 61
7 44 50
40 87 31
34 92 51
14 93 6
15 2 31
81 64 74
72 78 1
38 4 60
39 43 31
50 24 1
15 84 26
48 21 70
30 15 13
39 68 78
16 80 57
31 49 59
25 61 86
24 14 14
85 49 82
61 75 46
58 15 44
32 73 57
46 55 96
85 57 68
59 43 94
68 21 22
66 75 48
36 45 20
21 25 31
38 89 29
41 45 97
48 39 21
41 44 97
4 83 35
11 3 64
71 39 21
42 34 70
41 43 68
40 94 6
73 21 20
84 98 37
77 27 57
6 92 2
75 25 59
39 97 93
73 6 6
63 99 54
8 59 72
92 22 41
66 25 88
72 44 78
61 50 73
49 35 52
79 64 23
40 59 57
53 54 29
13 84 56
8 0 68
88 44 31
15 69 76
2 42 35
4 19 62
8 59 84
4 54 12
70 22 91
3 17 61
43 73 18
6 96 26
8 37 45
46 41 23
75 66 24
50 19 75
87 85 57
70 67 83
25 35 89
12 83 55
20 19 63
72 76 21
26 25 63
17 66 29
71 28 6
21 14 39
76 14 62
17 86 65
10 69 77
35 2 58
29 10 73
67 49 64
91 43 40
34 27 37
19 70 47
30 76 55
16 4 63
39 29 14
40 49 22
25 40 22
19 53 77
64 99 52
2 68 75
99 34 71
18 25 28
27 23 60
17 83 17
22 9 82
4 86 11
75 4 35
20 90 62
36 67 60
1 32 18
31 29 61
31 76 54
79 1 11
45 92 25
15 62 56
6 96 25
70 95 75
28 52 95
39 97 96
97 38 56
24 51 54
64 49 90
70 81 82
71 82 72
7 91 8
55 67 16
97 73 59
58 16 43
41 73 89
7 63 54
17 29 93
27 62 71
47 18 94
33 57 86
22 85 45
40 6 9
89 51 73
9 56 32
28 8 81
84 56 91
79 77 95
45 55 95
82 12 53
17 20 64
33 9 30
75 77 21
32 80 64
71 51 92
74 25 45
72 84 83
58 45 95
56 20 19
44 83 92
24 15 40
1 69 32
9 2 78
91 13 58
78 64 55
36 56 92
63 74 43
63 61 53
96 42 79
2 14 27
61 20 13
55 10 5
21 21 71
22 6 12
50 31 56
52 82 80
16 75 27
67 3 95
86 63 50
82 59 70
74 97 32
38 42 31
21 85 34
20 73 81
96 63 5
69 95 11
5 36 75
35 93 71
82 77 2
76 74 75
22 5 41
22 67 17
64 82 68
1 7 82
9 48 41
84 39 94
12 5 27
42 40 72
27 8 82
89 90 58
17 28 15
99 92 34
58 96 33
91 21 44
74 70 29
39 30 13
97 55 5
59 45 84
5 73 96
73 28 12
29 0 12
87 76 7
89 71 86
19 36 93
54 23 16
27 32 12
92 11 40
89 71 44
39 88 30
6 73 44
11 1 62
54 35 78
56 18 98
60 13 16
37 5 7
86 43 95
36 30 74
62 31 78
43 88 58
62 93 56
4 21 64
73 82 63
81 13 53
6 93 6
62 32 78
27 87 71
60 24 46
44 5 58
70 95 85
24 30 14
14 68 88
85 11 60
9 37 77
29 14 74
75 80 23
0 27 55
25 14 94
68 87 34
81 3 9
24 12 78
76 69 25
77 35 22
80 63 74
17 86 36
36 67 73
91 77 2
68 77 85
48 31 43
40 5 13
65 48 89
71 87 96
39 74 94
5 51 56
79 4 39
80 63 24
63 19 91
49 34 53
70 81 99
20 32 22
76 32 25
27 50 98
19 84 32
88 51 74
27 71 46
90 87 58
91 85 53
5 28 28
33 48 19
7 5 26
19 30 9
34 57 16
56 2 36
10 28 2
91 86 57
95 54 65
2 68 2
41 86 31
10 90 77
68 76 84
70 27 37
4 58 40
8 4 80
14 29 43
59 16 79
38 84 32
11 58 36
26 26 59
75 22 12
95 58 19
73 18 18
62 94 58
52 27 4
76 97 67
50 83 52
33 86 69
62 99 54
36 31 93
94 93 18
21 71 14
6 95 27
85 86 84
28 27 64
49 20 77
68 72 79
1 59 36
9 18 25
96 62 47
31 17 14
88 15 0
16 88 65
66 19 93
76 93 3
65 81 67
49 50 39
1 42 99
87 71 54
60 32 95
88 18 0
74 83 24
38 64 58
15 22 8
44 93 12
38 2 63
78 84 52
9 88 91
42 46 71
6 82 37
62 62 90
90 13 28
3 7 6
51 40 77
20 22 52
69 76 86
42 95 93
88 87 39
16 5 51
84 70 81
69 19 91
6 92 7
61 58 75
22 99 69
12 95 9
54 11 71
88 43 67
51 34 35
21 92 60
46 65 43
44 54 69
51 30 57
0 40 75
54 18 20
34 6 13
50 62 78
38 6 58
4 39 36
12 95 3
26 21 83
72 95 12
33 54 81
59 22 16
28 25 0
99 88 1
27 26 10
41 21 81
37 5 58
23 22 58
19 13 81
51 76 75
21 45 41
6 3 95
77 98 68
7 39 77
35 67 73
85 82 64
86 66 86
32 45 32
53 14 45
77 95 32
42 39 82
47 63 40
22 23 33
33 2 67
24 6 41
94 24 38
99 23 17
32 71 21
3 21 63
75 24 16
45 74 77
14 95 7
50 42 34
62 74 72
14 32 95
98 27 67
79 85 30
25 5 37
95 51 4
92 63 47
1 30 28
92 10 49
65 45 66
37 60 55
19 28 13
18 79 53
91 1 2
63 18 92
95 29 72
10 58 36
43 63 63
59 22 18
28 63 30
87 59 32
73 95 65
92 59 44
71 83 98
31 51 82
68 52 94
79 66 22
2 92 95
90 50 73
32 71 2
52 44 97
53 40 75
9 77 14
71 92 80
55 82 7
60 33 78
71 25 56
7 92 4
14 88 97
95 24 69
0 93 35
18 85 29
33 69 96
2 83 34
41 20 82
3 75 47
4 18 62
79 64 75
9 64 54
88 63 86
85 86 51
91 56 68
71 37 16
44 91 29
46 74 76
65 45 65
47 22 78
66 17 64
39 2 24
65 21 94
80 12 51
70 19 93
19 88 60
39 72 43
8 68 87
28 11 74
98 41 77
85 45 31
61 33 77
42 62 54
11 1 76
39 6 13
35 58 88
80 62 77
49 10 69
96 95 16
92 95 11
63 49 81
48 69 18
74 23 11
95 88 98
63 72 47
86 62 51
89 84 55
92 50 29
59 65 89
65 91 79
75 81 26
80 77 30
71 92 74
6 90 3
12 72 83
49 61 80
13 55 98
84 53 84
72 19 17
11 69 65
35 75 49
68 49 63
62 23 40
82 60 72
58 20 5
26 11 8
72 84 26
69 84 47
1 39 76
25 12 13
82 21 75
3 30 26
32 41 78
80 96 33
60 23 47
47 69 19
65 86 75
58 1 55
73 47 77
94 41 82
42 58 95
88 35 1
60 21 13
7 29 29
51 38 96
72 37 0
76 34 22
91 67 1
19 79 4
20 69 46
64 73 45
59 96 35
21 23 64
13 39 0
56 67 15
20 81 23
22 99 94
45 36 23
36 72 42
71 45 80
9 92 39
62 44 96
27 15 75
3 32 20
6 82 55
89 87 53
14 33 87
61 68 38
81 83 30
66 30 64
51 40 97
19 32 90
47 22 77
79 34 19
49 23 99
32 10 29
36 5 61
14 9 87
16 60 57
38 58 93
9 71 82
48 77 77
72 79 24
90 75 1
42 74 91
63 38 77
71 52 95
45 12 69
49 37 48
55 22 21
7 59 85
11 79 16
16 71 82
87 87 37
33 78 84
6 98 48
99 75 44
90 86 54
59 74 95
34 53 81
93 8 87
50 75 75
28 65 30
90 57 67
5 40 37
6 57 41
44 75 74
21 12 54
76 97 31
71 35 2
32 10 14
90 92 39
45 13 71
33 58 17
79 14 51
75 27 46
14 42 18
54 79 55
21 93 33
92 9 7
72 34 15
10 57 85
43 58 82
23 25 55
62 87 76
91 7 32
4 44 87
38 74 3
91 96 13
89 85 55
48 35 51
78 62 6
48 73 20
37 46 15
75 79 75
68 62 1
5 17 59
8 58 57
3 17 46
42 63 53
0 6 83
26 13 12
0 87 1
23 30 13
44 90 30
42 89 57
61 80 74
10 92 1
30 10 14
69 98 72
94 53 83
25 26 60
62 46 91
29 14 12
10 57 32
89 45 31
34 66 94
37 1 90
45 40 86
0 23 70
72 86 65
64 56 37
23 83 39
55 20 21
41 88 58
78 26 56
32 43 33
93 86 55
35 37 36
36 32 73
34 71 77
6 76 43
98 43 78
1 67 3
5 8 2
73 97 71
4 67 32
81 97 32
93 6 20
68 81 50
85 78 27
56 2 96
42 92 12
21 60 70
54 93 32
28 28 12
41 24 97
32 63 32
13 32 89
94 28 17
29 75 54
21 94 60
18 81 4
52 60 64
78 25 24
31 66 26
7 40 74
30 77 53
8 94 1
3 81 61
56 46 96
46 13 70
68 41 78
0 34 72
62 70 37
2 24 51
16 84 26
46 90 30
19 33 96
88 11 59
74 25 10
18 32 91
43 93 13
33 13 28
31 36 5
88 44 69
39 30 11
62 78 72
61 64 84
23 98 68
50 29 56
98 97 40
7 84 54
6 85 61
61 1 53
18 5 50
57 34 22
78 65 75
1 85 82
84 86 53
58 9 30
32 82 68
89 16 99
56 17 21
5 36 76
28 49 97
8 83 59
51 11 68
82 61 70
6 59 33
42 36 62
69 96 69
88 14 1
46 89 30
66 26 87
48 90 31
62 91 3
70 58 81
87 86 34
44 88 1
0 29 20
5 12 1
61 26 14
13 78 85
97 55 0
65 74 80
72 20 88
56 16 44
40 43 68
40 55 92
17 85 27
61 72 79
84 71 46
26 45 85
1 71 34
67 62 5
28 64 31
45 43 71
86 12 59
72 20 15
7 7 24
5 8 7
80 10 77
32 53 81
42 55 91
65 77 3
33 70 22
49 95 40
22 86 33
62 64 8
21 82 39
1 67 1
1 32 27
81 57 59
79 2 68
80 65 73
39 63 59
18 0 45
37 53 95
34 63 33
43 5 54
24 62 72
62 63 88
91 53 4
98 24 66
73 85 97
0 49 98
78 64 87
79 32 20
97 42 78
67 24 35
41 94 93
4 83 79
6 6 99
24 26 4
37 74 2
70 42 4
99 95 38
76 35 25
44 55 96
51 85 19
99 23 67
84 72 50
8 0 61
67 73 79
82 11 97
42 71 18
57 16 19
68 22 93
70 34 21
1 78 50
17 32 94
35 41 94
28 49 42
4 19 12
68 92 82
24 16 40
56 57 29
97 72 33
56 34 53
42 5 58
63 49 91
59 56 36
81 35 17
76 27 18
65 82 73
7 15 25
90 73 71
86 76 1
58 45 85
96 60 50
59 22 43
68 69 83
34 67 96
80 65 71
1 24 40
47 74 0
67 64 34
27 10 11
67 99 10
94 40 20
44 65 49
45 12 71
65 7 3
36 74 44
9 35 45
55 12 2
80 59 22
1 77 52
65 32 76
39 78 5
16 25 30
42 89 30
72 96 65
34 47 96
8 50 36
94 61 43
28 63 70
37 30 94
25 46 75
2 89 92
12 15 69
99 25 16
10 63 16
71 77 1
34 35 72
16 46 44
18 32 95
81 56 58
49 69 12
89 16 1
85 42 96
77 23 23
90 51 72
81 93 34
48 98 87
25 4 38
44 10 48
5 13 0
25 70 12
88 86 54
57 24 42
36 56 80
73 23 11
6 95 29
62 65 86
51 90 82
51 96 34
21 12 86
15 83 13
61 49 74
94 66 85
25 31 8
15 28 48
58 95 45
64 22 83
5 74 97
82 78 31
28 70 74
63 72 49
87 88 55
0 99 52
88 30 83
65 74 44
4 21 16
74 5 14
63 74 73
6 14 27
32 85 70
66 51 38
25 27 5
26 45 86
75 81 36
19 25 27
7 4 96
54 67 16
71 85 67
21 21 17
71 41 3
4 75 46
70 1 71
94 33 14
3 90 0
80 97 34
45 94 54
42 49 39
34 57 87
77 66 74
26 82 41
28 42 24
43 97 95
72 81 71
2 24 12
66 86 71
93 50 5
64 86 76
28 70 46
47 42 43
75 53 62
21 33 62
47 99 43
26 35 87
89 20 21
38 68 55
36 72 55
60 25 46
50 9 59
7 75 43
56 91 31
23 83 41
17 31 91
50 8 8
88 42 36
35 59 77
9 51 38
60 44 95
22 69 17
48 9 68
91 46 34
13 68 78
20 76 93
93 18 72
32 94 58
56 14 46
1 73 46
9 82 58
98 23 13
11 59 36
78 36 25
14 32 94
74 98 33
27 11 80
2 57 91
46 78 42
35 71 41
49 18 74
71 94 13
10 6 29
56 35 58
83 79 31
18 75 9
10 67 88
39 6 50
20 12 80
79 17 95
2 23 15
6 17 60
13 38 99
79 37 22
75 4 15
33 74 56
26 20 37
62 36 79
45 6 53
80 61 22
47 40 21
95 26 41
39 80 65
29 51 94
91 53 3
15 28 16
8 34 74
40 27 52
84 41 94
75 33 21
62 66 87
99 24 84
44 67 23
11 88 43
16 69 78
48 12 68
24 41 85
9 55 3
16 4 31
22 11 53
42 5 56
7 91 3
92 20 0
59 11 18
72 70 29
20 34 97
12 55 24
92 41 19
42 97 92
30 85 71
90 20 44
34 14 15
12 9 16
21 50 47
29 9 30
93 51 28
72 44 58
56 43 96
25 82 40
32 68 75
12 58 83
63 43 96
48 61 81
5 2 6
85 46 95
70 42 66
51 66 13
77 25 59
40 45 96
71 40 22
91 16 97
43 41 71
49 21 91
60 93 0
57 79 15
33 67 93
76 94 31
28 21 48
57 39 93
77 37 25
89 44 72
10 89 76
92 58 51
24 8 39
50 28 60
70 81 73
99 28 54
13 28 44
12 35 97
58 62 87
79 80 73
83 78 34
17 57 51
57 46 14
79 75 74
94 18 79
40 22 82
69 2 95
31 63 32
92 61 43
68 3 53
32 37 38
94 18 73
62 4 56
45 76 74
10 55 0
27 4 70
9 45 19
34 56 81
44 70 93
13 56 79
52 63 71
84 79 29
3 67 32
0 96 38
41 60 58
54 17 95
40 47 40
48 13 50
9 5 30
57 97 45
30 15 31
40 84 52
96 26 66
24 21 17
10 75 50
8 55 57
85 50 83
64 75 44
42 98 38
78 75 75
36 2 89
71 75 0
87 48 29
96 76 23
96 53 67
15 69 89
99 12 91
13 80 84
42 97 38
81 37 92
53 61 80
61 3 56
19 23 51
62 23 12
70 54 98
72 76 50
21 24 30
65 94 89
48 23 71
14 70 85
5 64 56
18 33 92
30 60 98
33 69 3
2 67 75
62 11 60
92 10 8
4 90 98
21 56 36
57 50 36
1 93 96
25 62 73
29 14 31
87 65 87
22 88 18
7 81 86
76 27 43
28 24 99
61 23 48
48 17 73
67 63 1
33 78 89
7 95 28
81 13 56
43 6 55
93 9 86
19 33 23
49 78 76
15 82 14
69 52 95
65 77 45
63 12 60
16 68 87
76 64 89
93 65 84
41 72 93
21 11 82
23 86 44
3 91 97
70 32 39
11 39 29
60 14 15
77 26 44
26 13 13
49 19 75
94 20 79
25 17 77
99 30 21
76 82 35
36 54 96
93 17 74
14 61 55
8 50 39
36 18 69
39 56 93
72 60 80
98 62 45
79 13 52
43 58 55
56 46 95
17 85 39
67 57 23
97 55 4
90 22 24
6 7 6
97 30 34
87 18 1
3 67 1
38 10 66
18 31 10
43 70 95
15 5 63
46 26 25
89 17 1
43 11 50
43 3 91
5 52 52
32 84 51
79 63 73
24 24 33
88 91 68
62 29 77
82 77 34
72 45 80
15 23 7
19 27 30
32 70 3
14 18 80
51 38 36
30 28 60
5 77 42
41 84 51
49 97 47
80 2 12
59 94 38
37 74 49
11 14 70
77 61 4
65 19 90
14 77 86
66 4 96
37 41 31
7 7 0
41 76 36
71 38 21
61 47 15
40 31 11
45 75 41
52 80 86
79 59 72
9 69 67
69 42 79
27 70 12
72 93 74
80 31 21
30 73 22
96 24 43
9 34 74
7 58 31
13 58 54
25 16 40
3 12 28
4 83 36
26 83 41
55 66 13
93 23 40
65 40 80
75 24 44
17 83 39
89 71 3
64 77 47
75 70 73
26 45 42
54 31 65
34 34 72
91 96 37
18 49 27
39 6 59
3 79 50
20 77 90
6 82 52
18 89 60
69 3 66
10 55 37
74 4 81
5 52 10
82 80 31
22 17 77
4 9 23
28 72 22
22 90 17
40 25 96
12 77 16
21 68 46
61 79 44
85 45 94
3 43 35
49 27 23
67 82 68
6 98 47
93 32 16
33 6 42
58 42 94
33 76 4
31 67 27
72 80 72
36 41 20
72 83 99
2 92 35
23 21 70
45 43 76
37 65 58
98 24 68
86 69 39
76 32 21
79 63 76
72 48 76
31 42 24
75 21 16
4 58 92
12 88 95
45 26 5
56 26 40
7 85 53
8 80 86
23 35 94
73 70 71
22 47 50
18 79 54
10 36 77
90 89 42
60 2 54
56 48 86
11 92 2
16 12 61
46 8 87
95 86 0
77 66 23
22 6 10
83 84 51
44 60 51
53 36 36
91 97 14
40 91 55
70 19 91
4 75 59
70 31 11
79 2 9
27 7 7
91 97 38
1 81 35
0 57 2
42 7 87
80 95 70
61 32 76
8 68 68
62 47 17
76 5 36
86 70 84
44 6 50
37 1 32
19 1 33
94 71 17
29 74 52
67 49 99
61 77 45
71 19 87
5 82 38
70 99 8
20 32 32
70 95 81
45 69 94
67 97 88
14 47 81
8 59 87
67 93 80
44 99 39
2 87 11
35 26 36
40 96 94
23 16 75
5 21 51
43 35 21
34 75 4
58 10 31
62 33 57
96 27 70
22 5 14
47 55 97
63 55 24
94 51 10
24 14 15
22 49 47
5 10 9
47 19 93
47 8 77
17 32 27
61 10 60
21 86 46
22 24 35
4 18 47
55 21 23
21 40 85
25 11 79
40 94 12
56 80 5
80 34 17
26 12 9
99 27 71
15 83 21
87 41 38
69 68 84
38 2 86
26 10 9
50 25 1
46 11 27
22 93 33
40 4 87
62 51 80
65 95 89
47 70 17
54 40 45
67 63 5
78 79 72
80 52 53
64 75 74
68 32 20
52 80 87
42 90 56
5 66 55
38 71 59
43 67 21
22 83 37
40 7 50
39 86 56
22 32 14
74 18 93
41 55 67
35 49 17
34 43 21
82 55 85
90 18 0
56 36 58
86 49 99
43 5 89
73 32 38
33 81 65
44 58 54
80 4 7
29 10 31
16 23 75
92 79 27
13 87 2
85 43 32
46 24 26
18 72 80
84 52 83
59 12 16
0 63 15
47 20 94
75 98 68
29 64 31
43 80 15
19 80 20
27 48 77
43 57 95
6 54 49
36 29 34
5 3 27
8 9 28
45 71 76
24 43 84
46 7 77
24 95 30
73 67 92
94 61 48
42 8 91
32 11 15
9 48 83
67 21 92
98 53 2
68 32 26
42 45 70
34 2 91
57 96 44
13 22 85
45 13 51
83 80 30
72 78 22
50 30 56
89 13 55
62 85 77
25 22 36
6 49 54
94 82 31
38 6 15
5 2 76
27 60 73
54 37 52
29 70 77
42 41 70
13 88 1
88 55 48
56 24 38
44 77 58
2 46 86
12 32 45
7 40 77
26 34 88
36 42 95
35 40 35
63 62 51
3 80 56
18 71 94
72 70 84
28 47 42
21 36 83
77 62 5
45 5 80
40 61 52
91 40 6
96 27 18
96 46 95
69 20 23
8 58 38
8 36 46
38 67 76
84 40 97
59 34 54
47 70 24
37 96 14
1 17 20
85 47 98
6 5 96
30 69 21
62 18 15
30 74 23
57 78 57
9 91 3
69 42 4
90 83 55
56 80 14
30 72 22
36 3 62
31 36 4
89 19 22
48 62 41
81 96 31
31 16 29
20 87 45
44 5 54
50 64 75
84 42 31
96 78 22
70 32 38
72 18 89
66 19 45
4 81 60
90 98 60
38 53 96
46 1 40
88 38 38
31 70 74
51 26 3
89 94 87
35 33 85
5 80 61
18 97 36
78 4 14
36 66 59
26 12 82
32 11 99
53 4 20
70 80 98
93 51 8
17 79 6
42 59 57
74 78 64
49 11 68
18 74 11
24 88 73
52 20 4
92 63 87
40 30 12
69 20 38
37 32 73
84 38 68
70 24 54
52 22 57
87 44 70
72 48 75
69 2 67
59 17 43
44 0 38
45 4 53
82 35 37
15 3 64
83 59 71
19 70 95
99 55 1
6 52 51
10 53 37
58 21 17
9 0 76
0 86 83
42 99 95
17 79 56
73 12 65
43 44 73
31 82 71
63 79 66
2 44 36
91 87 60
71 85 65
39 85 52
82 13 56
46 62 92
37 68 57
29 65 27
20 75 94
2 1 6
58 11 17
17 30 42
1 20 17
21 5 11
23 63 84
74 97 69
3 27 26
42 10 51
13 68 92
24 46 44
11 87 95
42 20 83
78 9 75
19 60 70
11 87 94
57 13 16
5 85 38
9 83 56
27 26 9
64 94 15
24 53 54
62 48 72
49 28 24
55 43 97
64 5 4
55 4 70
50 94 88
47 61 83
50 28 59
93 29 17
40 19 80
53 74 62
89 86 38
23 0 95
31 81 62
43 33 20
67 2 53
89 75 1
51 65 72
92 20 96
8 95 29
49 13 51
67 56 22
77 18 22
89 92 40
27 50 41
45 62 90
35 56 93
90 13 58
35 50 96
87 89 69
24 85 38
46 43 82
3 45 87
12 52 38
34 18 30
46 61 91
12 38 0
25 22 59
18 82 14
29 70 23
45 7 86
19 74 91
54 69 27
33 15 28
14 68 87
9 43 77
61 46 18
77 79 73
49 86 53
82 94 33
34 52 98
86 29 12
28 28 63
45 64 88
93 70 80
44 76 40
84 77 8
78 16 94
24 85 41
29 42 25
45 82 40
36 4 58
5 61 34
15 3 71
64 91 78
74 44 58
11 56 25
20 67 19
74 3 36
28 9 5
74 39 25
76 28 19
49 69 17
79 98 69
25 63 31
66 50 38
38 86 52
86 49 81
7 84 60
46 28 3
21 12 83
37 70 80
51 39 75
65 55 37
43 68 23
18 86 67
55 14 68
97 28 19
25 87 73
82 93 33
12 98 84
42 46 75
33 9 31
35 58 79
5 66 99
2 85 10
34 84 69
15 2 64
13 28 46
27 22 60
27 52 42
62 92 55
27 10 81
5 22 51
65 76 73
67 82 50
82 54 16
0 66 91
30 0 11
47 33 46
76 75 20
31 3 24
28 24 59
22 79 2
34 82 66
21 90 18
29 72 21
42 39 71
71 34 12
90 20 43
71 55 80
8 0 77
62 48 80
64 62 54
93 61 48
93 19 76
10 36 0
92 42 19
63 64 54
32 74 58
94 19 74
21 6 9
93 32 14
74 21 16
6 59 32
9 54 32
34 43 23
33 53 82
97 63 48
45 72 18
62 32 55
45 69 21
66 53 37
29 67 27
51 37 95
60 65 83
84 76 7
68 93 81
22 30 89
72 53 17
5 79 62
28 51 41
24 18 39
1 42 33
12 4 73
77 28 21
26 16 77
21 98 93
32 69 98
27 12 12
39 55 93
63 13 59
46 96 40
48 21 76
18 5 49
70 93 75
65 12 66
37 4 57
7 82 86
38 57 94
16 84 24
44 56 94
75 80 76
36 98 40
38 0 91
71 69 30
9 49 40
19 80 19
66 39 2
22 64 83
44 76 42
24 22 35
24 85 37
13 46 80
83 8 97
38 54 94
52 22 59
63 48 72
95 23 71
11 30 43
8 52 51
85 48 99
33 73 4
24 62 85
93 21 41
80 55 15
80 14 53
75 36 26
61 22 39
96 97 39
30 67 29
76 13 85
92 8 50
64 15 91
65 23 23
95 62 48
36 69 60
14 4 72
32 37 36
37 75 45
12 5 64
11 94 43
67 48 36
9 93 1
86 86 49
40 23 96
71 1 70
70 21 14
76 16 94
70 44 79
4 88 0
18 5 52
65 22 22
64 8 17
2 29 26
67 22 22
61 26 79
83 10 97
2 30 53
25 22 15
45 78 43
72 97 67
58 11 19
56 46 86
81 79 32
60 99 8
47 31 44
96 68 51
59 98 44
28 1 13
74 60 50
91 52 4
67 44 63
53 43 96
67 44 60
16 26 28
60 75 46
57 94 33
35 78 33
17 72 81
28 24 62
47 58 74
57 35 57
83 5 38
38 88 51
89 56 68
5 26 82
74 7 14
14 19 74
58 78 48
50 16 89
91 87 55
54 4 36
41 5 10
66 78 2
24 92 34
94 19 77
77 55 11
35 2 90
37 57 91
75 30 23
16 72 84
64 11 60
8 16 23
10 70 81
96 53 65
44 68 22
70 36 19
81 12 77
33 40 85
62 82 69
58 35 78
74 84 98
70 34 25
27 25 66
79 99 70
25 95 32
25 10 85
69 75 48
58 45 98
74 80 65
11 95 0
41 56 90
69 32 23
36 38 24
1 26 51
73 29 38
70 45 81
55 46 85
39 77 6
75 33 24
20 68 78
32 72 3
44 99 40
65 22 84
74 82 37
15 60 58
74 40 61
65 19 65
41 39 83
72 0 13
73 39 25
8 38 77
67 35 33
61 19 16
33 49 17
67 59 81
71 85 66
64 0 50
29 13 73
69 54 71
41 7 89
35 94 73
88 87 71
64 72 48
2 79 49
45 61 53
0 28 53
25 22 68
71 16 19
94 69 81
60 9 28
88 54 28
46 9 87
63 79 73
94 87 99
36 75 50
74 20 17
2 20 65
96 55 3
16 23 9
84 14 6
63 93 0
19 81 21
85 29 11
17 83 23
17 2 34
68 22 87
71 99 13
2 2 65
33 36 37
66 72 81
18 25 30
89 87 35
48 22 94
62 21 43
13 9 19
1 67 93
29 9 81
35 77 34
40 65 60
80 26 16
28 78 3
29 48 77
75 26 18
22 20 70
87 34 98
57 95 28
24 28 6
28 40 25
35 83 69
60 68 17
72 0 36
95 28 42
36 21 94
29 28 65
41 42 72
52 34 35
13 5 64
23 20 64
40 93 12
88 69 44
44 59 92
76 23 24
28 13 11
70 15 20
80 69 23
16 1 28
15 42 19
5 21 68
68 47 61
6 41 78
71 71 82
42 6 90
45 22 91
26 70 74
79 63 5
86 73 5
15 73 84
88 19 21
93 50 9
68 44 64
50 23 0
98 21 4
39 8 64
95 85 50
87 43 66
88 80 54
65 92 79
67 85 72
94 18 36
8 38 78
44 41 81
62 68 17
36 3 59
64 54 23
33 70 99
63 0 53
47 14 51
13 44 74
57 26 79
87 47 28
85 69 82
5 2 8
27 26 66
20 74 93
17 30 92
18 3 90
59 29 78
45 35 19
31 36 6
54 41 75
73 98 31
46 96 42
20 22 65
17 26 29
45 80 40
47 11 51
66 26 36
84 11 61
94 53 65
11 10 16
34 67 94
34 71 43
30 42 24
96 54 5
90 10 51
99 97 64
22 12 81
28 74 54
5 95 27
78 37 28
83 14 7
77 71 93
11 51 35
66 22 93
65 97 90
88 79 55
45 60 53
66 1 52
27 28 63
63 6 58
28 95 15
14 93 2
29 85 70
88 87 35
91 63 86
2 75 47
78 52 36
2 9 7
69 51 94
13 29 45
72 74 21
44 77 42
86 60 34
61 49 94
28 27 9
1 86 79
24 16 77
