76 76 74
49 28 2
43 45 81
69 20 15
38 42 77
36 71 81
84 13 53
35 65 60
73 17 98
42 24 95
73 21 13
64 85 26
44 58 0
8 61 31
17 58 58
73 85 36
64 79 68
52 47 89
67 19 94
51 87 56
47 53 65
25 23 35
23 64 70
8 51 32
75 0 52
76 54 33
15 77 57
19 25 66
89 16 1
17 90 97
86 65 39
22 66 77
72 56 50
60 46 91
88 92 64
65 33 45
17 40 44
15 98 3
93 43 23
25 28 60
7 56 82
27 33 15
6 57 82
13 10 3
47 5 60
44 95 26
63 24 72
87 42 39
45 37 84
11 60 14
84 6 97
71 79 47
98 26 69
71 28 25
85 41 88
47 2 40
68 15 19
87 45 32
74 29 23
97 20 73
14 70 8
97 62 72
99 98 6
6 62 31
15 26 40
57 29 79
24 84 42
98 66 42
9 17 25
71 80 46
6 32 93
20 46 56
18 30 13
59 0 55
69 53 74
86 89 52
69 46 71
1 71 45
62 88 40
28 11 79
35 44 18
45 6 58
36 24 76
20 89 59
86 88 58
96 51 2
94 87 30
58 39 93
66 53 16
50 11 22
14 10 71
3 93 81
0 16 66
26 15 92
33 66 33
29 43 48
94 14 73
67 71 45
6 22 18
57 39 93
6 99 67
2 59 83
75 17 64
47 20 66
35 18 34
84 13 58
35 3 62
16 58 59
66 56 60
42 56 50
86 93 61
80 97 72
70 52 53
76 40 20
92 95 16
61 67 91
82 54 66
87 33 2
67 51 14
35 90 9
44 71 22
31 69 79
83 80 99
94 17 68
69 17 96
18 78 23
44 54 66
74 1 71
17 59 69
87 45 41
43 24 16
59 60 44
79 47 79
36 24 67
43 38 64
14 3 59
38 39 83
16 92 0
90 14 58
24 13 1
24 19 11
37 48 15
24 52 95
94 95 15
62 21 42
98 72 34
61 82 72
47 28 98
88 49 43
6 26 43
21 3 9
84 16 55
33 4 21
88 14 49
95 86 73
15 59 80
16 80 13
39 48 72
47 0 42
88 33 66
99 87 18
53 6 17
95 88 29
17 11 52
16 77 81
28 91 97
29 29 60
60 66 85
86 85 9
33 11 26
60 77 73
17 42 95
73 52 88
73 32 25
90 76 98
30 41 97
29 86 69
82 51 32
56 40 94
86 44 29
7 7 0
76 84 62
0 86 12
4 61 82
6 36 1
37 5 63
3 37 41
35 25 76
60 52 14
88 48 43
0 87 13
32 17 13
63 83 75
50 89 58
68 92 84
1 62 19
2 67 55
63 20 92
18 62 47
71 78 63
24 14 0
41 52 52
24 66 75
68 66 2
5 14 63
58 0 56
84 1 29
88 93 63
83 63 86
73 37 25
7 80 58
69 4 71
30 85 69
52 25 43
85 48 1
0 16 68
48 53 66
5 33 93
30 19 51
15 59 23
71 24 11
28 10 25
49 1 92
72 0 69
52 53 12
60 82 69
40 43 95
92 27 92
22 30 49
71 1 70
5 7 99
29 6 99
0 68 43
73 67 28
29 71 21
82 15 72
71 86 28
53 57 11
92 46 6
51 41 38
92 47 70
77 0 37
56 80 5
75 67 84
61 71 19
3 14 15
16 16 39
40 79 16
80 66 25
4 60 26
57 21 1
13 50 74
25 80 54
56 55 35
62 79 69
8 98 16
96 16 75
8 6 97
95 16 72
5 63 31
81 58 25
24 91 33
42 47 15
13 89 42
17 7 70
44 97 40
9 26 28
26 54 96
1 69 36
66 52 39
86 51 64
20 88 61
58 16 15
31 41 21
64 41 75
73 26 23
62 82 70
20 33 22
59 80 56
82 15 70
56 28 39
79 96 71
86 83 68
69 56 93
17 54 92
32 65 81
71 30 25
47 73 18
57 38 94
65 83 28
50 43 19
86 66 45
59 0 20
23 84 44
10 65 98
41 51 13
1 85 18
78 2 72
43 88 96
84 90 52
28 23 33
85 46 0
70 33 43
78 39 20
46 56 99
64 3 89
14 82 18
15 70 77
64 84 74
13 4 27
40 65 83
17 61 46
92 20 22
25 40 21
30 71 28
63 96 32
26 7 36
62 44 98
80 56 65
2 27 41
95 22 71
80 41 23
2 92 29
26 7 81
72 56 77
18 62 72
85 50 33
65 22 91
25 88 73
8 32 85
28 53 93
16 62 18
4 38 40
70 62 40
95 13 78
0 9 87
77 98 31
30 17 37
17 85 59
15 63 59
90 77 59
92 97 15
54 9 73
16 76 54
33 42 16
10 75 43
32 75 22
56 13 16
98 14 92
40 41 97
12 68 85
70 78 89
46 51 51
64 72 83
28 31 57
9 36 80
80 92 2
93 47 5
86 17 99
36 2 16
66 72 85
48 19 75
38 42 83
64 52 37
30 55 38
19 92 33
92 66 83
9 22 54
96 24 71
58 16 14
16 77 80
15 81 18
99 7 86
93 55 51
98 30 16
92 94 28
69 97 16
77 30 22
53 64 67
80 8 37
60 30 76
66 52 17
55 82 16
76 44 80
56 50 13
89 12 52
74 18 36
84 6 95
60 66 88
11 84 51
44 53 47
11 31 91
76 33 43
86 72 54
90 12 54
36 72 20
75 24 24
38 85 56
51 7 7
67 32 25
27 55 96
21 80 38
66 82 28
32 50 36
51 59 62
94 15 72
41 21 83
22 50 73
62 44 16
65 20 45
12 71 26
85 78 22
1 66 80
70 80 25
57 55 36
31 31 74
29 87 64
77 35 24
75 19 65
89 5 39
37 86 37
8 72 45
2 39 81
42 67 80
23 26 29
12 79 61
75 75 75
20 4 86
15 82 84
70 83 36
40 28 10
69 57 98
36 71 92
76 28 45
46 10 37
15 9 12
53 36 56
97 21 67
12 35 79
44 19 73
78 74 73
80 40 22
18 31 86
62 22 91
32 71 83
36 26 94
87 77 3
87 84 80
89 86 68
19 63 58
69 86 31
4 8 22
29 1 96
87 53 45
30 76 57
62 20 43
46 54 66
8 88 63
61 89 40
75 2 31
31 92 79
73 73 29
63 67 45
23 27 66
18 69 12
86 30 83
46 74 19
28 75 39
95 15 66
42 80 15
52 19 2
60 66 91
60 38 85
0 92 71
96 35 14
43 91 92
17 67 15
12 72 27
65 89 76
1 38 40
16 77 52
8 91 26
49 99 45
12 74 40
60 21 64
31 32 8
96 31 55
52 7 18
16 91 34
27 77 43
76 40 21
17 78 57
72 86 99
57 84 87
66 19 79
71 26 11
69 94 80
43 2 88
37 87 10
59 12 81
4 69 95
87 82 67
2 14 64
13 69 86
60 72 15
63 33 54
53 37 25
27 23 57
3 29 40
82 8 38
6 26 40
75 35 40
44 90 96
38 98 59
2 27 17
12 27 41
23 12 5
67 27 38
73 16 99
67 64 2
90 85 38
51 60 61
50 44 52
12 4 24
65 41 84
69 15 68
75 6 33
60 25 44
46 69 72
33 72 77
72 22 52
16 10 51
99 34 60
55 56 32
82 1 12
23 79 87
70 25 18
5 37 82
80 35 88
23 74 87
11 85 50
19 88 14
25 84 40
18 85 61
34 44 19
36 5 15
91 21 68
33 90 10
44 61 98
24 83 43
7 98 66
45 16 53
32 3 22
68 82 62
18 77 56
99 74 31
99 8 86
29 14 10
83 0 8
31 69 25
4 14 65
86 65 45
20 26 65
74 20 21
89 97 4
38 27 91
69 61 81
80 89 65
5 35 18
5 9 58
76 43 80
75 99 71
18 10 50
33 91 12
11 76 42
5 39 40
46 71 72
14 73 4
22 80 53
67 50 37
27 85 93
90 80 31
71 79 0
56 92 41
85 78 98
3 31 25
32 70 56
49 30 60
73 30 40
18 69 11
94 12 48
69 86 82
10 26 26
91 95 2
40 43 73
81 16 55
75 24 14
45 60 47
53 86 58
75 77 73
45 72 71
2 65 94
35 72 40
23 92 31
43 22 93
33 19 52
31 40 3
73 41 81
66 63 3
53 8 87
68 36 5
20 22 16
87 14 80
38 7 65
26 15 0
48 21 67
15 89 95
36 90 34
68 85 29
46 71 1
93 47 23
7 30 86
46 95 56
39 26 95
85 66 42
51 27 41
91 95 9
48 64 13
70 95 83
4 15 66
60 37 86
61 46 93
68 85 26
72 66 28
26 35 33
61 2 55
31 43 21
14 82 38
20 25 29
84 77 98
90 26 38
2 15 13
70 37 15
85 38 95
35 36 36
0 37 38
95 35 73
19 18 51
75 78 74
23 34 13
3 71 47
28 17 12
15 26 41
86 75 0
12 73 83
74 3 36
10 95 9
96 66 39
58 68 93
68 55 95
67 1 90
54 6 30
27 12 75
37 46 31
60 27 95
74 14 0
65 80 67
67 36 34
31 41 2
46 63 89
61 85 75
3 67 96
94 58 26
19 32 11
32 69 97
76 0 37
67 70 46
76 64 49
44 53 49
53 41 76
19 33 27
53 2 79
81 34 90
15 73 10
30 58 91
6 51 52
41 63 60
65 85 73
38 97 72
4 29 24
8 22 11
55 56 31
92 25 96
9 59 98
47 73 21
5 54 42
10 70 76
99 25 13
79 99 31
44 46 22
98 87 81
42 80 5
57 81 85
68 46 33
41 3 40
71 4 69
85 15 59
4 15 67
4 71 48
80 99 72
68 62 80
95 21 72
42 46 83
30 48 38
52 36 0
77 40 19
77 84 29
45 61 97
64 54 38
45 72 23
70 92 13
74 69 50
85 5 39
34 65 19
3 27 23
74 15 99
90 66 86
86 74 62
2 30 17
30 32 8
83 0 34
2 30 40
44 21 93
3 16 13
73 84 0
56 4 19
34 71 58
17 76 51
57 16 43
82 57 69
70 16 95
49 83 86
35 71 21
62 83 74
75 4 53
60 95 30
2 69 57
27 33 12
18 3 34
13 71 27
97 10 36
0 85 84
62 29 96
45 72 17
68 64 2
58 70 62
23 29 48
61 19 41
16 71 88
59 85 75
71 42 69
13 99 85
27 34 16
30 70 8
66 90 75
85 90 53
50 62 76
88 61 87
24 65 77
4 12 5
72 19 15
14 17 70
0 13 32
21 62 72
70 77 62
40 55 49
70 54 92
78 80 28
46 41 52
15 1 85
89 96 2
86 78 98
44 39 65
95 54 82
79 60 68
16 60 47
4 21 17
36 65 33
17 68 10
11 62 31
25 99 87
47 98 61
72 32 41
5 42 89
36 4 60
21 7 6
90 58 48
65 2 91
22 24 66
71 3 72
46 40 24
2 92 90
98 38 41
14 72 9
72 35 16
89 33 65
18 91 35
50 7 54
98 32 60
31 72 83
59 1 16
76 1 36
68 41 70
8 62 19
25 53 94
52 43 95
74 18 64
38 56 56
84 9 38
28 55 93
40 70 2
60 23 45
38 96 74
64 29 79
5 3 71
87 15 50
74 32 4
21 26 24
21 35 44
54 74 40
78 83 30
86 91 64
86 6 96
68 55 99
45 70 74
74 44 58
7 89 0
98 99 18
64 11 10
37 70 20
4 33 21
2 37 42
50 38 39
62 69 74
14 50 8
25 84 47
4 26 25
33 72 59
28 27 59
41 61 42
22 12 75
61 98 0
16 7 71
1 15 66
9 30 91
77 34 21
83 83 30
13 95 5
68 72 46
41 61 41
44 10 3
61 43 97
22 70 93
18 78 17
70 83 64
93 14 58
52 39 40
33 41 17
58 66 89
74 39 61
17 48 14
87 91 63
13 80 83
82 17 55
15 83 39
88 46 41
57 51 77
26 81 53
76 29 48
0 52 36
38 28 33
72 27 24
34 72 20
60 41 95
67 55 0
94 12 77
90 74 1
77 64 24
34 66 80
3 27 42
17 4 92
34 65 34
31 71 96
17 38 16
75 13 1
86 45 0
69 35 19
11 86 65
21 37 42
54 42 74
88 41 51
89 96 6
39 4 58
68 77 88
74 76 21
86 47 41
53 43 96
52 78 7
3 31 95
3 60 83
78 65 2
59 24 45
13 81 84
6 52 53
18 35 60
48 51 15
66 43 86
44 92 56
76 35 19
34 4 13
91 77 98
38 43 70
6 56 81
67 37 6
83 86 43
12 85 66
84 47 98
9 95 7
6 58 2
46 78 39
24 69 95
67 83 81
24 76 90
77 36 23
99 67 43
90 90 63
69 82 60
33 57 89
89 86 39
85 78 0
19 81 33
90 16 97
47 53 54
19 1 32
71 28 39
38 87 35
57 95 48
51 35 99
30 7 27
35 41 55
36 1 92
9 52 31
64 22 41
69 36 4
52 16 14
71 0 50
19 11 32
3 12 20
34 57 79
41 47 13
6 24 85
67 25 24
0 56 0
93 24 39
89 88 60
41 30 90
36 26 93
24 90 87
98 94 40
61 96 32
46 90 55
37 69 7
24 94 31
30 42 47
37 71 7
6 23 28
90 72 67
97 86 88
66 21 45
39 48 75
15 83 38
72 33 40
88 83 33
27 55 92
30 41 22
70 87 35
93 50 4
92 74 95
33 14 28
52 17 87
59 77 73
70 93 79
96 33 15
40 5 13
99 19 4
60 55 78
3 31 16
11 51 28
81 35 60
64 89 77
86 14 81
95 33 14
15 9 71
66 57 60
72 42 83
91 9 12
73 33 5
73 71 46
38 68 79
47 26 26
6 25 13
91 57 15
23 92 32
96 97 43
0 80 45
65 42 85
71 80 63
86 71 53
34 70 78
39 69 6
62 21 91
27 86 72
41 97 92
99 92 72
49 21 1
99 15 91
47 93 84
75 68 49
59 13 65
18 32 26
99 86 83
83 9 37
84 38 93
17 8 16
18 47 15
81 2 11
61 73 15
5 56 40
13 34 80
77 2 35
29 74 40
9 30 88
0 19 71
55 5 17
68 94 82
44 21 62
42 94 95
31 13 29
20 26 60
75 29 59
6 55 53
72 42 58
83 14 55
57 44 94
48 57 99
74 62 78
12 50 27
48 15 16
19 23 15
95 74 21
50 59 27
5 88 2
86 55 93
98 33 59
15 23 70
8 95 36
71 32 25
12 6 25
46 46 7
5 4 75
55 8 72
17 89 55
8 80 18
7 49 54
25 7 81
28 28 58
52 12 66
24 37 21
12 19 27
71 73 49
0 25 14
41 76 6
5 68 4
19 42 87
7 59 29
61 36 84
88 3 31
94 16 70
56 18 99
49 99 18
33 75 43
44 97 96
6 97 57
81 59 24
54 3 17
52 1 36
8 62 37
76 61 23
61 75 63
56 12 72
33 13 27
28 84 62
75 19 21
55 43 85
29 76 87
9 70 88
50 31 62
50 81 52
59 78 43
3 40 80
79 64 2
26 27 62
39 72 81
52 51 28
68 29 38
9 7 97
35 65 46
76 57 11
18 3 30
47 73 14
79 4 72
13 50 73
0 27 71
17 64 57
18 12 31
71 53 0
33 0 60
70 22 19
31 19 37
17 95 6
29 33 12
5 56 41
19 1 34
65 42 83
36 72 41
32 71 58
15 81 19
44 16 46
3 65 95
50 42 7
5 21 17
40 66 93
12 49 75
10 47 75
66 5 64
38 47 74
24 14 2
79 83 24
70 17 18
10 83 51
93 58 33
7 35 36
36 69 82
33 65 80
8 67 88
21 81 75
95 23 93
30 53 22
20 71 75
17 79 22
61 16 94
68 34 35
92 57 33
80 20 6
86 78 2
53 63 67
69 1 74
17 78 52
57 50 13
3 0 91
17 82 27
4 72 29
87 74 62
5 85 49
50 7 85
32 52 85
6 12 60
95 79 46
69 37 18
34 27 21
7 73 44
31 30 77
17 13 30
42 48 12
51 16 88
22 51 96
50 81 90
70 92 78
80 56 14
2 66 56
28 14 97
50 60 28
13 29 45
42 57 49
38 45 64
88 60 46
53 53 45
54 11 73
51 64 16
60 20 44
91 27 39
45 72 73
16 35 9
64 15 58
16 3 34
49 13 24
28 9 78
29 75 86
5 64 30
65 84 27
11 51 26
68 0 90
62 29 78
81 6 38
60 23 41
69 36 14
35 90 35
72 33 15
52 62 75
19 67 15
47 37 23
7 81 61
85 64 46
28 43 47
11 3 25
1 97 47
73 41 62
22 81 36
7 54 54
65 86 73
64 21 43
6 8 99
50 64 15
62 97 99
53 29 2
65 67 45
44 10 4
67 93 75
85 48 40
25 2 76
1 26 18
94 34 59
83 16 61
32 95 54
51 60 27
49 39 27
42 2 81
42 66 84
94 55 50
2 32 26
5 55 16
4 57 81
25 15 10
75 71 70
5 10 23
73 25 19
79 91 1
4 55 42
68 19 96
97 33 60
42 79 16
35 69 81
92 84 26
18 56 58
15 65 56
52 64 68
83 75 7
62 80 65
20 6 84
34 15 27
18 23 14
52 13 18
1 24 15
6 25 85
26 10 82
99 85 84
1 65 96
83 14 71
28 16 11
97 19 69
84 76 22
90 12 51
78 7 32
72 30 39
51 36 35
66 82 66
3 10 82
95 11 48
29 9 72
18 93 34
20 36 43
18 25 67
28 57 29
5 88 1
14 9 13
16 7 80
59 36 53
23 17 4
0 91 28
81 77 95
50 76 72
80 1 5
72 88 98
24 75 89
23 21 11
32 83 68
76 25 14
1 55 66
40 44 73
6 10 99
30 86 68
32 70 39
14 26 72
84 35 92
38 13 24
77 54 32
33 74 59
4 10 59
89 4 31
84 59 53
34 78 21
85 30 83
25 17 91
72 79 47
15 71 9
36 24 36
26 11 55
89 73 63
84 75 21
11 71 88
86 63 30
16 28 71
44 90 92
65 54 15
3 71 36
28 68 26
90 13 76
9 0 62
88 34 3
78 16 96
60 27 69
87 2 37
20 33 59
39 86 56
55 93 40
79 8 35
96 18 70
23 54 91
78 35 18
85 13 79
89 63 84
8 60 99
19 33 21
15 76 82
92 33 93
69 52 17
1 71 36
83 97 33
69 32 11
94 46 6
54 74 59
45 69 20
77 72 79
31 70 30
12 32 42
8 2 73
78 47 80
68 38 17
23 11 57
98 31 55
9 73 42
98 1 14
51 26 43
1 92 92
73 52 4
85 7 37
60 45 90
75 5 35
31 72 57
28 56 95
21 53 58
71 39 68
49 61 28
10 70 87
77 46 79
15 74 6
60 37 56
49 65 71
20 91 34
51 32 34
72 62 79
6 36 17
56 54 33
43 44 60
44 78 4
91 53 63
68 90 80
58 43 93
8 35 80
25 46 36
32 17 32
35 67 80
44 19 51
49 64 72
11 1 62
86 83 79
49 13 22
21 64 17
34 73 78
23 26 60
31 33 12
51 96 83
24 2 75
30 21 11
34 57 84
68 65 3
40 87 34
98 76 30
54 81 5
18 33 24
73 66 89
16 44 18
61 82 71
32 73 78
18 52 77
0 84 83
24 9 78
10 80 19
8 7 59
89 68 90
34 45 27
48 92 84
46 9 4
77 79 27
68 0 92
7 72 47
16 9 81
89 85 66
90 84 31
44 55 67
39 33 57
62 18 44
59 37 83
71 24 12
96 97 42
89 40 72
29 11 24
43 39 95
68 84 66
1 97 46
84 1 7
71 64 42
9 8 25
22 63 71
84 79 99
92 13 50
4 0 72
50 43 75
69 95 82
22 95 45
62 72 84
46 0 41
16 73 81
96 77 43
89 11 61
81 61 71
67 35 20
17 3 32
82 98 33
42 22 26
90 90 58
86 73 2
0 16 71
53 41 98
42 46 37
64 72 70
24 68 93
7 10 25
95 74 20
88 86 59
16 9 84
64 1 92
10 81 59
94 15 74
32 71 96
22 4 85
69 59 80
15 26 70
94 27 43
18 97 86
70 71 45
41 66 79
46 72 20
96 56 26
64 67 41
61 13 3
2 84 34
90 49 3
40 43 78
70 33 14
48 3 88
70 74 48
58 26 40
25 24 31
1 94 94
36 25 22
61 80 68
46 46 22
15 73 62
57 70 62
58 50 75
39 19 80
16 82 42
4 10 5
70 59 79
80 33 72
61 45 92
93 85 27
10 83 82
5 19 18
12 31 43
67 31 44
5 1 72
74 31 59
60 26 23
87 64 31
47 2 87
91 95 17
7 40 95
45 9 5
33 57 81
42 69 83
92 19 21
17 34 10
94 87 28
96 64 15
77 27 46
69 34 14
86 16 49
81 7 37
53 39 39
86 91 59
23 49 72
31 50 38
11 99 60
70 70 47
71 36 5
70 33 13
88 92 56
63 73 16
24 16 5
70 37 6
78 15 84
2 68 57
90 89 56
70 58 97
25 10 77
70 87 28
11 72 89
93 14 75
66 85 72
52 6 7
32 66 19
91 82 31
68 87 83
55 73 59
7 53 33
15 66 55
95 53 1
1 27 81
57 44 90
26 98 87
46 25 23
9 76 44
44 7 57
90 40 59
62 11 2
71 76 48
64 65 38
6 38 2
44 98 41
35 51 5
77 56 12
35 65 18
17 55 93
24 34 83
66 68 41
49 83 37
19 49 30
83 81 14
63 84 27
7 8 58
11 48 76
26 62 84
48 54 54
88 13 60
40 68 0
61 28 79
14 26 46
55 13 14
29 40 20
62 41 97
42 47 36
93 91 35
32 20 38
16 97 1
12 1 62
38 99 73
47 6 53
29 65 30
32 12 42
18 12 34
8 6 58
38 26 92
39 46 75
53 36 0
5 77 65
68 55 74
40 78 90
27 9 39
13 25 46
41 12 49
6 9 24
97 72 33
67 49 38
41 69 0
64 23 45
48 52 49
78 44 2
66 52 99
58 44 84
89 61 35
1 89 74
0 89 75
31 6 21
62 71 18
83 0 6
19 43 47
9 73 81
90 23 39
51 63 70
61 70 20
14 96 3
53 79 82
85 68 45
96 50 35
45 96 95
86 6 38
88 83 56
61 75 7
91 12 77
73 31 22
58 8 22
71 93 13
49 91 41
14 69 87
79 84 29
83 53 65
84 92 61
44 48 10
2 13 6
44 21 75
85 38 92
41 61 99
26 29 3
37 69 80
57 49 74
32 18 12
70 82 63
29 31 76
22 47 95
86 47 42
11 89 76
87 69 84
77 56 68
72 25 17
35 42 31
78 57 67
54 36 55
91 27 38
89 62 85
1 9 88
62 60 53
30 32 76
60 26 11
84 88 62
99 52 69
93 54 52
48 3 7
33 93 71
54 41 75
74 25 18
1 92 72
13 70 26
98 29 54
43 91 57
31 75 58
61 65 84
56 92 29
56 42 97
11 20 92
65 70 11
40 61 59
65 14 59
70 43 70
90 59 49
72 4 61
46 28 4
43 8 58
0 96 92
86 32 37
34 36 3
16 82 18
71 86 2
76 30 45
3 85 38
84 38 94
49 7 55
3 12 6
42 19 82
20 55 92
31 19 13
15 8 71
38 80 31
97 46 51
17 80 31
4 2 72
94 25 95
70 2 95
27 9 74
46 74 72
22 85 43
27 67 32
24 5 11
51 59 28
47 52 53
66 84 73
52 6 16
93 45 22
54 18 2
69 1 89
64 13 10
69 46 70
69 40 20
62 46 91
61 79 65
4 57 40
3 93 97
29 31 13
40 0 90
10 93 28
54 12 16
12 54 34
45 21 75
3 20 18
87 67 62
46 16 50
59 69 61
91 15 54
75 66 28
79 63 24
74 25 47
2 41 80
67 35 24
87 62 0
49 11 20
39 71 3
44 20 27
17 8 80
71 42 66
16 78 56
53 2 35
64 92 79
97 25 70
66 21 92
53 62 14
1 67 57
76 42 82
52 56 27
21 5 85
27 32 14
33 71 80
82 56 82
2 94 67
84 16 60
5 69 4
51 39 40
79 9 36
88 44 35
77 32 44
3 58 99
8 8 5
80 97 31
71 31 14
22 3 84
58 64 89
90 70 69
38 4 60
16 1 75
89 12 60
25 83 42
93 9 40
95 88 72
64 36 81
82 53 57
70 20 14
62 95 61
91 47 6
73 40 71
8 14 27
75 39 21
53 84 23
82 42 40
53 57 28
30 40 23
5 13 62
96 22 71
15 98 4
37 1 75
44 21 45
72 2 71
20 23 18
69 93 83
43 81 5
11 4 46
2 92 89
53 41 78
14 80 85
63 32 76
29 77 44
95 77 24
19 80 31
71 24 10
4 90 93
15 96 2
23 28 67
46 7 56
56 94 31
35 44 31
83 13 71
90 86 38
21 45 87
99 18 69
58 78 72
54 81 2
55 92 48
39 51 15
32 72 57
81 89 55
87 44 30
6 27 25
8 13 8
77 34 24
62 25 21
76 38 22
61 73 13
17 78 18
17 79 16
73 34 24
86 45 1
11 32 44
16 27 40
70 2 72
21 13 78
58 43 90
55 5 18
4 28 41
82 35 90
58 80 57
38 0 74
65 72 73
60 24 43
57 10 4
79 40 21
34 72 22
73 24 11
3 20 20
69 14 21
89 81 31
11 95 4
14 72 5
95 94 15
27 19 25
7 31 88
15 49 75
24 14 6
21 33 21
32 53 84
67 95 81
24 27 61
39 31 59
70 28 38
50 54 26
92 95 34
55 59 34
85 65 44
92 89 35
86 83 65
14 23 69
43 59 47
20 9 52
75 97 67
85 62 85
50 14 22
17 33 15
90 99 90
34 79 9
14 35 80
7 21 12
21 82 35
37 81 31
73 25 22
34 68 80
93 45 72
62 17 91
15 81 12
55 93 30
93 48 3
69 33 36
43 48 9
73 4 52
64 52 36
15 83 26
26 7 79
10 31 84
26 91 14
77 98 69
57 9 23
18 89 14
63 82 69
62 25 47
50 42 17
82 33 74
98 34 58
1 22 75
33 37 5
86 55 3
10 51 27
38 50 16
77 44 81
86 84 67
67 78 69
37 73 20
72 72 48
40 45 76
88 99 85
39 29 66
5 10 6
8 60 34
23 35 12
70 45 57
59 38 56
47 53 68
90 12 59
8 94 35
32 5 15
65 12 9
47 70 21
83 89 56
78 57 69
61 23 91
18 68 14
51 61 75
89 46 35
55 12 15
33 5 28
28 95 98
96 79 25
12 86 61
61 36 55
71 92 80
54 17 97
68 55 98
72 35 5
59 44 89
80 55 13
69 50 98
49 43 53
59 56 77
24 77 89
56 27 38
15 71 77
90 54 62
86 46 57
96 21 65
8 52 34
7 68 88
91 75 96
16 83 25
71 84 66
55 19 3
16 81 20
44 0 40
15 27 4
38 75 90
88 45 34
24 67 93
16 57 58
49 8 86
73 6 72
10 91 25
44 86 16
88 17 59
48 42 52
67 99 88
69 45 71
75 33 42
85 66 40
17 4 33
51 42 76
67 47 34
77 61 87
99 3 37
86 20 62
77 59 70
10 3 50
77 85 63
31 18 36
12 6 71
43 67 82
8 54 34
28 14 38
63 23 91
52 53 44
89 19 70
33 42 19
31 6 28
7 94 34
11 93 9
9 73 64
57 14 13
44 72 22
90 17 69
49 2 6
33 57 87
25 26 64
78 49 80
34 82 71
10 93 10
12 80 83
81 54 58
68 17 94
1 87 19
78 7 98
70 92 80
35 63 58
42 93 29
69 80 70
89 79 32
19 70 76
58 1 19
44 10 79
42 20 83
47 91 85
24 38 20
86 73 44
50 15 16
56 14 14
0 82 44
48 30 61
55 56 33
23 55 90
5 0 8
47 42 52
68 90 72
1 85 13
53 50 28
39 85 55
52 58 29
27 57 28
59 32 77
39 43 77
3 89 56
51 16 15
70 40 67
91 58 59
57 9 5
74 23 15
2 27 24
83 13 54
41 66 83
88 76 98
62 73 16
22 63 70
48 41 51
21 88 13
70 4 74
49 18 74
94 79 97
16 92 99
87 40 41
17 24 60
45 80 23
7 72 80
92 21 20
33 35 11
7 61 31
13 51 74
35 93 72
63 79 69
72 60 79
57 83 84
27 15 41
44 15 47
85 12 80
84 20 86
24 79 88
65 51 38
99 53 64
72 43 56
31 31 8
22 24 19
2 54 44
99 19 70
45 21 26
3 26 16
44 44 61
70 39 20
1 30 18
19 43 87
74 33 6
64 22 46
34 14 29
23 84 41
53 40 96
88 91 60
76 2 30
50 44 42
1 66 96
57 54 27
12 29 43
69 99 91
31 33 11
46 17 52
70 45 71
26 23 33
75 64 25
81 3 12
68 61 79
38 49 15
1 89 55
88 85 38
81 1 10
16 7 16
95 14 75
74 3 32
59 25 42
69 81 61
17 1 92
88 52 61
68 54 99
16 25 69
14 10 4
34 73 41
50 62 15
3 59 62
66 79 68
6 85 37
84 36 89
78 68 23
95 29 1
43 25 51
72 94 14
54 78 81
69 54 73
63 28 78
35 64 35
17 83 28
62 75 63
69 27 39
71 17 94
69 82 72
8 13 62
85 61 52
87 52 62
40 44 79
69 0 49
25 14 99
97 33 61
4 4 71
23 82 32
27 68 29
67 83 65
6 9 22
28 34 12
7 70 87
60 38 87
4 34 94
22 53 93
35 3 15
32 72 80
11 78 18
54 52 45
8 5 96
82 49 29
46 54 64
24 74 86
47 23 63
4 92 98
64 4 91
86 45 31
68 85 81
71 34 16
68 72 43
34 55 83
47 39 50
49 26 41
23 5 46
6 88 1
65 17 25
34 37 4
49 72 18
77 49 77
59 81 55
76 36 23
69 74 5
42 78 3
15 97 4
35 97 40
63 75 81
77 17 97
39 44 63
44 93 56
16 91 98
27 31 56
69 38 7
62 62 51
47 6 55
86 82 57
80 5 38
43 93 57
40 2 40
30 54 94
17 98 65
21 18 53
11 19 27
84 75 9
24 25 17
48 69 22
1 36 41
69 79 88
59 67 92
30 37 82
98 65 42
67 82 82
51 63 69
52 89 90
27 71 7
75 28 49
66 83 26
49 59 26
95 14 68
13 18 82
90 20 69
73 68 27
17 25 70
26 82 53
70 0 72
69 19 92
30 69 99
63 11 0
4 26 15
75 28 22
40 21 82
73 21 21
0 91 73
28 70 26
90 97 7
94 97 17
88 63 29
98 26 12
89 82 35
95 50 3
15 97 3
70 97 52
66 87 75
91 93 36
43 79 4
95 76 23
35 40 32
73 41 84
48 60 78
59 65 91
7 9 0
78 96 30
59 67 93
87 40 71
70 0 51
80 61 24
71 48 37
86 83 58
25 15 90
78 99 31
63 71 69
86 45 11
60 65 83
70 33 12
49 30 63
15 92 1
15 93 5
38 68 7
67 73 46
66 1 90
98 33 57
86 39 41
70 17 88
57 92 30
19 65 15
20 89 58
95 24 93
40 62 0
97 78 44
0 66 58
1 11 20
23 24 18
32 29 76
99 75 30
84 37 90
9 58 1
34 57 83
79 17 82
44 23 25
64 66 36
13 3 60
10 71 64
33 38 4
0 87 19
68 46 20
52 15 20
0 84 35
92 12 75
96 54 22
60 78 58
35 23 76
74 4 35
60 65 88
59 37 54
82 56 81
28 11 73
14 25 70
82 55 57
32 6 28
42 19 92
61 95 1
69 98 51
4 62 30
32 7 28
85 76 1
66 47 33
16 81 30
8 53 47
70 71 44
8 89 2
83 76 8
78 60 70
49 89 21
51 53 11
96 65 41
40 70 6
12 85 62
33 68 19
13 26 41
72 58 81
31 33 9
8 99 15
17 10 85
67 47 32
22 4 10
51 61 16
1 54 10
17 2 76
28 20 58
49 63 14
12 72 82
37 59 57
27 79 56
79 19 82
18 41 96
63 34 56
32 34 13
68 66 4
94 15 69
61 28 95
56 18 86
90 75 0
28 86 70
45 63 42
61 73 83
70 44 71
2 70 35
49 43 41
3 99 48
77 67 22
53 37 56
47 27 99
87 69 87
31 50 86
61 19 43
84 45 32
88 61 85
92 22 21
67 93 80
78 92 2
72 20 20
72 38 24
30 19 13
13 78 84
36 45 31
93 33 60
10 16 25
76 13 2
51 20 1
48 72 11
62 60 51
68 33 22
92 65 84
10 73 83
61 75 42
9 93 28
78 86 37
10 0 63
46 91 55
70 93 83
86 67 44
65 24 94
48 84 86
69 87 35
85 44 33
40 13 48
74 67 27
30 82 50
90 93 91
63 36 84
19 53 95
58 18 43
40 93 27
84 74 91
37 41 78
35 71 39
53 3 16
67 69 45
35 5 59
41 80 65
67 47 36
31 93 22
8 14 8
68 17 95
2 53 35
39 69 91
30 75 55
72 37 24
6 11 6
32 72 56
61 3 62
20 24 58
56 49 69
91 66 81
4 32 96
69 17 93
50 63 73
33 72 97
81 89 56
74 24 23
26 28 4
7 79 58
73 33 20
22 26 25
78 99 69
16 73 77
84 77 99
48 10 19
6 3 74
10 37 81
72 41 59
96 12 79
74 7 35
80 57 67
19 79 39
26 15 40
13 71 85
37 87 36
75 30 50
61 22 43
19 23 17
26 55 96
2 93 91
52 10 24
14 94 5
43 99 38
66 24 23
41 14 49
84 90 57
16 7 15
35 96 42
57 38 83
37 8 66
26 34 33
96 82 9
52 44 76
60 17 43
86 88 51
26 66 32
68 99 16
56 44 96
37 70 93
87 3 39
23 40 18
16 96 7
87 55 2
4 31 17
67 98 12
98 17 68
26 7 80
14 91 0
22 64 79
3 23 33
93 27 2
15 22 84
54 53 44
0 10 86
93 86 28
17 31 87
99 37 40
8 98 65
52 43 77
78 21 82
63 73 73
29 32 56
36 5 16
74 11 79
68 77 6
39 42 81
80 39 20
48 7 54
56 3 34
24 23 98
54 0 98
92 45 5
89 84 37
40 2 85
90 18 69
87 2 38
88 46 33
18 94 35
30 20 12
94 75 22
24 3 75
36 59 58
34 18 13
74 72 71
98 12 93
35 93 1
97 21 72
55 19 1
77 3 73
6 23 19
92 29 40
90 89 36
77 80 32
37 5 16
16 53 26
65 23 90
2 61 47
75 21 15
27 8 5
7 82 61
78 97 70
25 22 98
70 87 27
85 60 52
4 33 20
53 18 96
66 29 36
62 97 52
86 66 43
66 6 64
72 78 0
9 46 75
89 71 69
7 36 79
93 96 16
53 18 88
56 8 29
70 18 91
88 56 31
55 13 16
78 59 22
13 85 62
0 22 3
95 75 20
8 92 37
87 64 33
50 82 87
9 88 91
69 71 46
43 55 50
66 70 42
27 42 20
28 70 8
90 94 90
47 35 24
3 69 4
66 89 76
13 82 25
51 14 20
41 48 14
90 87 38
69 78 87
28 53 95
58 26 38
54 44 50
54 12 15
61 64 83
94 54 81
73 41 82
40 86 36
60 24 68
87 31 76
78 6 17
67 99 14
6 13 62
87 85 59
64 87 74
14 82 85
71 91 72
70 32 24
13 64 87
76 31 45
29 62 86
31 24 27
33 74 42
75 25 47
93 55 80
65 33 43
5 24 84
43 93 44
83 1 30
9 62 32
29 49 39
53 40 79
99 36 39
52 79 81
58 55 76
65 41 50
61 26 10
85 32 6
25 10 82
55 15 43
48 81 39
18 76 2
56 55 27
90 49 86
3 55 43
49 81 39
7 24 27
44 14 52
34 90 11
35 37 35
53 46 88
62 70 71
62 80 72
68 37 20
25 86 73
69 81 24
93 79 97
69 56 96
34 94 52
41 2 86
44 94 96
70 91 78
60 69 20
52 11 69
88 4 40
27 95 99
93 44 24
3 48 54
34 10 28
62 17 93
19 47 34
64 23 40
42 97 93
61 82 70
71 0 74
80 76 95
38 89 32
45 15 47
90 89 57
45 29 70
22 51 45
5 97 49
96 63 40
71 98 12
55 8 25
27 60 7
12 86 49
61 73 85
28 17 40
45 44 61
87 43 35
66 20 80
23 52 75
91 73 2
10 50 85
73 65 89
81 98 32
91 17 20
57 15 13
48 88 21
17 57 57
12 3 27
0 30 16
72 70 47
88 74 64
96 12 49
28 89 16
23 74 93
18 61 21
38 7 63
16 32 14
69 99 74
72 67 90
93 19 20
16 72 76
17 83 41
64 72 74
17 40 89
81 10 69
33 69 79
11 78 62
0 82 81
34 43 19
17 5 32
17 55 94
87 82 31
1 90 89
5 26 26
21 36 30
46 70 20
34 8 29
73 43 59
84 14 58
44 61 95
27 8 80
90 13 53
48 39 49
50 66 72
26 63 77
60 38 82
32 56 93
82 12 72
6 81 61
77 99 32
81 76 97
37 43 29
46 94 44
11 7 25
27 96 0
2 89 56
74 22 16
46 51 50
76 60 87
82 99 7
28 54 96
49 59 93
71 25 18
8 61 99
24 16 10
99 22 4
8 61 36
39 84 54
77 58 69
11 85 62
11 75 41
76 70 69
72 3 68
99 27 70
11 93 4
91 45 53
88 98 86
55 79 3
30 30 11
72 40 71
88 97 86
64 19 93
68 45 34
41 79 5
69 76 5
34 45 32
44 92 43
68 56 97
75 38 27
0 26 17
32 75 57
46 88 72
43 95 27
93 90 34
17 9 17
88 62 34
77 62 23
57 28 78
29 78 99
69 44 37
34 88 10
73 69 48
3 68 96
47 12 69
60 22 11
97 54 3
65 54 37
90 0 91
4 8 23
6 22 20
27 62 76
72 68 29
28 7 80
20 70 92
18 38 15
5 9 59
25 8 40
31 84 70
29 19 14
63 81 68
27 10 41
32 16 31
44 19 53
64 62 53
8 15 26
89 15 49
73 90 15
25 53 77
41 43 82
68 98 15
66 21 90
23 69 94
75 23 17
14 65 19
45 70 21
39 79 15
23 15 11
47 47 7
87 84 57
25 12 76
96 86 87
55 81 4
27 17 10
63 61 49
40 98 16
97 71 32
83 54 66
56 8 24
46 51 52
42 21 94
67 21 94
90 72 68
63 10 1
6 22 19
73 31 41
52 11 67
14 77 83
17 6 79
44 19 91
89 48 4
48 73 12
95 51 2
24 85 46
57 20 2
3 79 64
67 91 79
67 33 20
52 60 29
32 30 75
99 29 15
80 82 25
25 55 95
10 77 15
85 91 60
40 32 60
22 83 33
28 30 75
67 48 35
0 26 12
69 53 99
39 59 39
34 41 32
6 9 57
29 78 44
19 58 13
51 13 22
89 47 42
67 63 3
44 59 46
5 61 27
23 91 31
10 86 63
64 11 0
7 54 44
25 14 1
84 52 64
9 99 64
93 21 70
44 23 16
62 97 33
59 92 29
30 19 36
16 21 83
95 50 5
94 87 97
92 58 31
7 74 43
59 27 11
57 7 30
19 6 83
70 69 91
14 0 85
16 44 19
19 49 60
50 12 18
25 77 55
5 15 97
88 85 67
77 73 90
52 52 27
68 79 70
49 41 51
99 71 34
72 2 69
68 38 20
26 22 35
1 84 45
70 80 62
28 32 57
24 12 7
0 59 8
80 84 4
61 1 59
47 1 88
17 69 75
96 15 67
77 35 21
61 77 41
90 16 0
48 53 53
17 97 8
71 1 73
20 20 50
18 64 57
42 58 48
51 55 27
99 88 75
74 22 22
47 99 43
48 17 76
34 4 14
35 9 29
5 49 53
15 92 4
36 4 16
70 54 0
72 78 46
1 80 45
79 20 5
91 47 70
76 66 23
7 50 77
94 46 93
60 11 81
25 34 15
87 18 51
38 5 61
53 4 15
74 85 34
13 99 62
9 0 59
37 46 73
27 32 13
21 26 91
76 76 76
66 80 23
47 75 73
22 52 97
96 55 27
46 22 64
74 40 84
71 32 13
36 26 36
40 65 59
69 32 23
72 45 70
56 51 14
39 57 56
88 48 71
90 96 8
48 74 21
67 38 17
72 5 73
91 15 57
66 32 44
97 19 66
16 91 2
75 68 82
66 52 15
79 15 83
35 54 84
15 71 8
62 77 93
30 32 11
77 1 34
81 93 3
4 43 89
34 94 73
27 32 57
6 24 15
78 0 33
83 35 90
2 57 82
3 84 37
43 57 99
59 73 45
56 55 30
56 14 71
44 92 28
8 56 35
39 43 80
17 11 33
67 99 34
21 16 61
53 87 59
77 7 18
56 3 19
32 75 58
88 68 86
31 67 66
18 42 46
46 1 41
31 73 56
55 17 85
9 27 73
26 84 61
1 85 46
47 39 25
22 13 77
84 92 56
22 73 94
17 33 86
84 11 74
75 9 17
15 7 79
28 76 43
52 40 38
59 60 7
39 44 76
89 19 68
85 77 99
42 0 19
93 19 24
39 49 15
35 43 31
61 87 41
18 24 30
54 4 15
76 33 20
57 13 71
6 37 80
77 79 29
59 43 95
21 27 25
75 76 77
95 57 27
54 27 55
8 21 55
19 90 34
38 43 29
58 1 18
92 72 3
40 96 93
62 71 70
1 61 89
33 75 57
36 50 3
30 49 36
86 15 60
24 11 76
32 59 90
58 91 6
69 64 2
26 21 58
87 84 9
18 77 82
33 37 38
25 86 45
67 33 24
13 0 63
70 78 5
51 82 88
0 39 37
17 79 15
93 97 14
93 48 24
76 61 72
73 78 21
95 59 1
87 84 56
6 22 16
74 70 45
84 90 54
49 1 90
9 89 90
10 50 27
59 40 92
85 6 39
68 78 88
51 14 19
8 24 85
17 98 85
0 65 95
36 65 34
79 44 1
79 5 17
60 64 92
22 45 58
42 1 89
91 50 72
27 93 14
20 62 71
43 52 48
61 35 85
15 81 21
0 11 21
29 5 0
8 70 77
12 50 74
45 47 23
78 6 33
84 35 96
68 45 37
60 10 82
49 13 20
93 26 40
17 8 82
18 41 45
52 14 14
7 97 60
59 37 85
27 9 24
56 45 89
94 46 7
48 9 67
89 15 32
98 85 83
8 31 87
90 63 83
45 73 22
85 95 33
23 75 91
94 49 4
57 34 54
22 25 30
0 70 35
31 87 70
74 49 45
94 20 71
15 75 81
75 2 35
19 54 92
80 59 24
6 79 59
90 46 35
9 28 0
75 16 96
42 66 82
30 67 31
68 47 33
77 24 14
37 58 56
70 49 38
86 33 36
2 58 98
75 33 21
87 31 74
72 87 96
17 26 68
56 12 15
34 68 95
8 8 58
6 93 35
55 10 72
83 50 33
43 94 93
59 43 92
24 17 12
14 5 71
26 25 16
62 63 83
6 11 21
65 25 93
26 47 37
16 73 78
49 45 21
69 98 30
51 34 36
39 65 59
37 63 61
19 70 34
72 33 25
37 7 67
72 88 97
77 26 15
28 65 87
39 22 84
19 63 48
67 83 79
12 70 92
44 39 63
80 57 24
0 41 37
41 25 93
33 7 1
19 87 71
89 67 86
63 64 37
14 0 59
57 2 20
89 62 82
29 20 52
56 15 44
89 62 36
90 59 50
55 55 29
5 33 19
70 85 65
48 16 17
38 60 57
61 73 14
33 71 55
70 79 46
72 9 87
10 81 84
52 9 22
20 61 20
34 93 72
49 16 16
23 53 94
29 42 22
27 75 38
99 32 57
84 36 95
40 79 89
8 59 2
23 13 76
7 84 97
92 65 82
85 41 41
79 16 95
3 61 31
45 21 46
67 53 98
36 26 22
41 0 90
21 86 61
10 63 32
66 35 33
98 16 91
84 77 24
89 75 97
20 41 86
29 85 55
43 55 65
9 1 73
99 81 44
92 77 97
31 73 79
4 37 3
0 37 39
50 83 87
60 83 71
40 64 59
51 82 90
92 12 76
58 93 30
89 13 54
96 34 59
5 79 2
63 73 83
54 75 40
39 0 85
13 73 82
91 96 21
15 27 71
37 51 18
94 25 94
71 2 67
28 48 37
70 63 41
74 29 20
68 18 88
30 54 21
99 27 13
37 27 93
4 15 14
75 2 74
12 76 84
16 70 76
97 73 36
30 77 88
65 22 44
81 54 12
6 11 8
27 75 42
28 17 39
79 64 25
69 49 38
78 56 13
73 16 95
89 14 44
67 51 37
40 70 99
36 97 42
28 77 55
63 70 45
52 28 3
45 36 22
70 91 13
72 27 11
2 27 18
7 80 17
66 55 1
93 94 35
40 89 35
42 21 92
46 99 60
62 74 17
11 21 91
18 54 95
11 74 84
16 91 33
85 51 64
33 31 77
28 60 6
22 93 32
32 50 37
92 11 49
99 73 31
37 42 73
1 30 58
93 25 96
29 16 38
2 26 11
25 14 5
59 65 89
14 51 73
40 70 1
90 47 7
91 14 56
64 85 28
97 27 48
49 29 2
47 26 0
5 10 7
71 76 7
95 32 16
9 20 54
23 46 58
4 1 8
27 94 98
30 61 87
69 53 54
23 75 54
17 78 81
98 36 40
75 34 41
94 46 22
68 97 11
67 54 16
73 25 46
2 30 19
0 85 11
3 28 25
96 14 67
9 69 76
6 77 66
41 30 91
43 94 57
69 86 26
6 50 53
12 54 51
10 16 45
4 91 93
9 76 15
19 68 15
40 58 38
56 55 33
11 4 29
34 71 79
74 21 14
83 53 82
3 85 48
81 98 7
62 38 83
74 69 27
30 21 9
90 45 67
72 40 61
70 77 47
50 53 12
18 70 75
51 10 23
98 20 71
7 63 38
44 18 52
36 27 35
51 60 63
44 90 55
78 81 70
41 65 92
18 75 3
71 2 96
54 8 25
27 11 78
69 99 73
70 75 6
71 43 66
33 12 25
10 60 98
74 0 69
66 20 93
79 28 98
85 77 1
32 97 33
72 95 15
72 57 49
10 29 1
88 62 86
58 37 84
1 21 3
38 5 58
8 77 17
4 25 84
57 94 28
60 37 51
62 76 41
77 56 11
18 76 30
95 95 42
43 96 94
55 45 88
98 73 32
26 45 36
37 69 21
98 35 58
54 80 5
64 68 46
92 54 51
61 24 45
36 68 21
19 87 16
93 96 13
87 51 65
15 8 15
3 35 95
18 41 88
61 56 79
3 68 34
39 87 53
37 90 76
33 77 22
75 97 66
86 41 91
29 15 39
37 70 81
60 26 68
70 53 63
36 51 4
8 98 59
12 70 84
1 12 31
3 92 95
45 91 55
83 43 31
38 39 73
74 38 26
30 22 62
43 80 6
34 67 94
77 1 38
63 39 83
78 33 21
27 10 79
19 41 88
16 41 43
65 29 37
87 63 33
53 19 2
48 4 91
71 19 16
58 70 60
70 99 11
79 3 72
2 72 46
8 58 33
75 32 59
4 78 58
41 97 17
67 28 37
14 72 28
58 51 13
64 3 90
8 31 91
36 97 41
26 28 61
11 54 33
91 34 92
35 26 22
5 25 42
0 69 58
52 8 15
16 9 18
53 9 74
62 79 73
55 56 28
33 43 31
54 45 87
67 68 44
79 20 83
45 23 24
68 49 36
0 90 74
68 50 97
30 82 70
6 48 52
96 15 74
81 61 4
94 28 2
1 88 74
3 86 37
54 83 23
70 1 88
3 99 89
34 20 13
18 76 4
0 37 40
36 87 9
91 97 16
31 81 71
49 75 75
74 66 26
43 47 82
9 99 60
48 0 62
8 20 53
27 48 38
47 52 50
35 40 33
36 1 62
12 71 90
54 43 96
4 11 20
64 74 81
26 23 99
81 1 5
34 91 10
67 91 75
44 37 65
11 83 81
93 39 15
59 42 93
46 78 16
56 38 93
43 45 82
7 58 82
88 16 2
50 11 69
27 64 88
21 42 85
87 62 86
58 79 55
73 86 1
17 34 9
13 10 70
92 26 91
53 15 15
48 66 53
36 44 30
12 4 29
54 31 19
67 46 38
85 52 78
56 44 84
46 92 28
79 65 26
18 33 10
66 51 0
67 16 96
4 23 32
20 87 15
64 83 75
90 95 1
71 90 7
11 27 40
70 65 5
95 14 0
62 34 54
2 98 48
93 96 18
25 67 75
45 73 72
39 26 93
72 91 15
60 2 23
73 33 42
17 33 25
58 64 90
3 19 43
17 84 61
15 75 82
5 32 18
28 9 79
57 4 66
30 76 89
76 59 69
73 71 49
15 70 87
1 90 29
91 94 37
45 30 69
21 26 65
0 38 37
53 16 96
2 38 81
85 17 60
68 89 28
33 13 30
94 33 58
32 83 69
43 20 92
75 39 73
18 84 28
70 55 93
28 9 37
51 5 85
6 14 69
16 94 6
84 90 61
20 87 62
99 14 31
91 21 22
74 16 97
94 59 25
51 25 41
29 83 49
53 55 26
68 54 92
9 72 79
6 26 85
12 4 26
61 37 82
89 41 60
26 16 92
68 53 95
9 72 65
92 22 69
88 97 3
96 94 15
16 26 39
50 38 28
86 45 57
41 69 84
8 57 45
93 25 40
73 34 23
7 11 26
10 81 20
41 41 95
99 53 68
12 36 78
54 38 1
6 86 37
64 17 91
68 78 6
84 49 32
28 21 35
88 40 71
6 91 24
39 4 14
14 72 7
88 63 0
23 16 11
87 47 40
71 33 2
76 86 28
35 56 84
74 5 53
89 63 87
32 43 15
77 17 95
16 2 91
68 37 7
37 97 40
18 53 93
24 75 88
6 31 92
9 97 58
27 10 38
51 65 50
59 68 60
79 18 81
84 14 57
56 64 90
28 29 57
66 53 15
68 43 72
10 79 16
95 66 42
3 7 24
9 51 38
22 20 10
45 20 92
85 91 57
69 85 30
40 87 58
21 63 18
8 59 34
43 3 42
24 76 53
28 69 28
77 1 31
7 57 33
59 42 91
30 23 60
93 39 16
62 19 45
86 4 39
50 6 54
69 24 19
72 38 9
43 9 4
45 53 48
34 1 61
40 60 40
83 83 26
10 32 43
95 31 55
80 46 29
39 1 91
79 56 68
41 45 74
74 6 34
47 93 43
27 29 60
16 73 9
53 82 1
82 53 14
72 33 3
59 31 77
9 80 18
62 82 73
47 16 18
74 34 43
9 18 26
3 71 49
29 59 5
39 5 35
11 85 64
91 71 66
7 13 61
26 53 93
47 41 79
0 28 14
34 39 34
15 49 82
20 66 16
25 28 5
9 87 63
7 73 80
48 62 77
38 41 82
27 93 15
75 20 64
39 1 86
42 4 41
17 44 42
69 52 52
68 82 25
40 52 14
24 40 20
21 34 44
17 90 35
71 45 68
13 27 43
60 74 44
31 73 81
64 40 50
57 7 29
94 44 21
81 54 14
74 30 93
20 19 52
50 26 42
35 24 35
32 99 61
89 19 18
90 18 19
42 61 99
71 53 99
73 4 50
7 8 7
17 3 91
48 18 75
66 41 81
62 96 0
20 93 32
82 78 94
33 66 18
89 53 62
43 49 11
27 81 54
4 37 80
12 70 77
17 74 79
41 63 0
65 88 75
52 94 5
30 24 59
49 60 29
68 93 81
48 5 53
15 72 11
46 20 77
80 85 4
37 6 62
68 35 14
22 52 57
68 64 4
13 5 26
18 25 65
16 98 10
22 87 1
15 35 81
75 58 69
0 31 57
70 2 49
54 38 26
41 90 57
15 71 12
28 29 59
84 15 71
90 11 77
81 76 96
8 90 1
86 92 60
32 20 51
3 66 55
60 74 78
40 68 91
2 80 72
16 54 31
22 12 58
52 86 57
56 40 95
56 11 72
62 31 77
0 92 73
18 67 12
13 49 26
48 43 43
51 7 84
51 8 20
88 88 57
33 89 10
92 27 41
72 29 24
19 25 59
5 27 42
22 25 59
15 99 85
93 38 60
72 3 95
70 76 50
95 29 0
16 97 3
11 79 17
90 14 54
16 43 43
53 82 4
58 37 55
52 48 88
8 25 27
67 19 80
65 19 81
51 7 16
95 35 58
40 42 96
74 1 73
26 96 58
31 40 21
62 15 94
88 89 59
91 25 36
16 62 72
50 31 61
38 28 92
9 81 58
33 15 30
97 66 41
31 58 93
27 54 93
25 12 56
34 70 81
30 31 57
76 30 23
14 82 25
13 71 76
88 96 5
30 33 56
9 52 47
39 88 35
33 95 53
17 96 8
13 5 28
80 60 70
69 77 5
37 3 60
40 44 30
49 26 1
14 81 26
48 20 65
29 20 10
43 68 83
15 78 56
29 52 59
28 61 89
23 19 11
84 51 80
63 69 45
59 16 43
28 75 57
47 57 0
84 53 64
58 41 94
64 25 22
68 69 47
34 44 17
24 25 30
37 90 33
40 44 94
52 42 18
40 43 94
3 85 35
10 0 61
69 39 21
44 38 66
37 44 69
36 92 1
71 21 20
86 1 36
76 32 58
9 95 4
74 30 60
41 95 93
73 9 8
63 96 52
8 55 70
89 24 40
64 24 90
78 45 80
58 51 76
52 35 55
78 63 24
40 56 57
51 53 27
12 84 51
7 97 65
88 44 31
13 71 75
0 40 38
4 13 62
3 58 81
1 55 11
68 21 93
3 11 61
39 80 16
7 95 25
8 35 44
50 44 20
74 65 25
47 20 74
85 89 61
67 69 84
24 38 85
11 83 50
21 24 58
67 81 24
27 30 58
11 70 27
76 26 2
19 11 33
75 20 63
19 86 70
8 71 76
34 1 58
29 7 72
71 46 70
89 47 41
36 26 38
16 66 49
26 78 55
15 1 60
43 24 17
46 47 22
23 39 19
18 53 78
68 99 50
2 66 79
99 28 71
21 25 27
29 22 59
16 80 17
18 5 83
2 85 17
77 7 34
19 86 62
36 64 60
4 34 17
32 34 56
27 78 54
81 99 8
49 87 22
16 65 56
7 95 24
68 94 74
21 54 93
41 95 96
0 36 56
22 51 56
63 47 90
68 84 80
69 81 71
10 94 10
53 63 16
95 76 63
59 17 42
38 75 89
3 67 56
10 27 91
23 67 76
43 18 94
27 61 83
22 85 48
39 5 11
89 49 72
11 52 27
28 5 80
85 55 92
80 78 96
46 57 99
89 17 52
18 25 59
34 6 29
70 82 24
27 84 62
72 52 88
75 27 48
70 87 81
57 43 95
51 12 19
51 82 89
27 15 39
2 69 34
7 3 74
92 15 58
78 65 55
29 58 90
65 68 42
63 60 52
0 41 84
1 14 31
56 12 13
58 10 6
22 26 66
23 6 10
53 30 55
51 82 81
17 76 29
70 3 95
85 60 53
81 55 66
76 0 31
39 43 30
20 82 34
18 75 80
95 65 6
69 92 12
9 35 80
35 94 72
83 78 98
75 74 75
24 8 40
21 60 19
62 81 67
3 9 82
8 50 38
84 36 91
10 8 24
38 41 73
27 5 81
87 94 62
17 31 14
0 94 33
60 96 31
91 16 45
73 69 30
43 25 16
96 58 1
58 43 84
4 78 97
71 28 12
26 99 14
88 77 3
88 67 89
17 40 95
49 15 16
29 35 12
90 12 40
87 67 46
38 89 34
9 71 44
10 98 59
56 39 83
55 18 98
55 5 16
37 3 4
86 40 92
31 29 77
61 32 78
43 88 59
62 94 60
4 15 64
71 81 62
88 18 52
9 96 8
64 36 83
26 87 72
61 25 45
48 6 61
68 94 84
26 33 14
12 70 87
86 13 60
13 36 82
29 11 73
70 85 26
97 31 58
26 15 91
70 87 34
83 1 6
24 9 77
75 68 26
75 35 22
79 59 70
16 84 40
40 67 78
92 78 98
69 76 87
48 38 48
39 4 15
64 46 89
71 89 98
36 71 93
4 49 53
81 7 38
79 62 25
61 18 93
52 34 56
71 79 2
20 31 22
74 32 25
20 52 96
18 81 32
88 49 73
28 75 41
88 91 62
89 89 57
7 26 26
36 50 19
5 8 23
19 33 8
34 56 17
53 0 36
10 27 99
89 90 61
99 55 65
3 70 6
40 87 35
11 91 76
69 75 86
71 29 40
6 55 43
6 5 76
14 27 42
59 13 80
37 85 36
10 60 33
27 31 54
73 22 12
91 63 18
71 18 18
62 95 62
51 29 4
77 0 70
49 80 53
32 86 70
62 96 52
39 32 90
91 94 17
20 64 16
8 92 25
87 86 87
29 32 59
46 21 76
65 74 80
1 53 36
10 19 26
91 60 46
30 22 11
88 15 99
18 88 70
64 23 93
78 91 3
63 80 66
54 54 40
2 41 96
85 71 52
59 27 94
88 18 99
69 88 27
38 61 58
15 25 6
40 88 9
37 1 63
80 81 53
10 88 89
38 47 72
5 84 37
61 63 93
92 15 24
5 9 6
52 42 77
20 19 51
70 75 88
44 93 93
89 83 36
17 9 50
86 69 84
67 18 93
9 95 9
62 59 75
17 98 67
15 98 11
55 10 74
91 45 66
50 31 34
20 88 60
40 62 40
48 52 67
49 31 59
4 39 80
49 10 20
33 5 15
50 62 74
37 5 58
2 37 39
15 98 5
26 20 85
72 92 13
32 52 84
54 14 16
27 24 98
3 89 1
29 29 10
40 22 82
36 4 58
25 21 57
14 10 81
51 75 72
24 47 36
7 2 94
78 1 71
11 38 82
39 67 78
87 84 66
84 64 85
33 46 31
54 15 44
79 98 31
38 40 83
46 63 41
25 23 32
31 99 70
26 9 40
91 26 37
2 25 16
35 71 20
3 15 63
73 24 16
45 73 74
17 98 9
51 41 37
61 69 72
7 30 93
98 21 67
75 87 29
27 8 36
92 48 4
87 61 46
3 28 26
93 12 49
69 42 72
37 57 55
19 31 12
17 77 52
94 4 5
61 17 94
95 23 72
9 60 33
43 66 58
54 14 18
28 66 30
87 62 30
74 98 68
95 64 41
71 85 0
30 49 85
68 54 93
78 65 23
1 94 91
90 48 72
35 68 4
51 42 97
54 42 75
9 78 16
69 91 79
53 82 5
62 37 83
72 22 53
10 95 6
17 91 99
95 18 69
0 92 29
17 82 29
32 70 96
1 85 34
40 21 83
4 72 47
4 12 62
78 60 71
12 64 55
86 61 85
83 90 55
90 52 64
69 37 16
43 94 27
46 73 73
69 42 71
44 23 77
60 23 67
35 99 27
63 25 94
87 17 50
68 18 95
18 84 60
37 72 40
6 70 86
28 8 73
2 40 82
85 45 31
63 37 82
41 56 50
9 2 72
38 5 15
29 62 85
79 58 73
49 9 69
93 96 15
91 95 7
61 54 79
47 71 18
72 23 11
93 89 95
65 66 46
85 59 54
87 88 59
96 55 29
58 66 92
63 90 78
70 86 29
76 79 29
69 91 73
9 93 5
10 74 82
49 61 76
11 59 98
83 55 82
70 19 17
11 71 64
38 73 47
72 46 69
63 24 39
81 56 68
56 20 3
23 14 3
67 89 29
71 78 46
5 38 81
24 17 10
81 26 75
5 28 24
31 41 78
82 99 32
61 24 46
46 71 19
63 85 74
57 99 55
79 48 79
93 39 83
43 60 99
88 35 4
55 13 13
9 27 27
54 37 0
73 34 4
74 34 22
89 64 99
15 73 6
17 65 48
66 67 44
61 96 33
22 28 59
8 40 2
54 63 15
19 78 23
28 93 98
48 39 26
34 72 39
77 46 82
7 93 36
61 42 96
27 12 74
6 34 19
8 80 57
87 91 57
7 31 85
63 65 37
77 85 29
66 30 68
54 39 1
16 32 87
44 23 76
77 34 19
48 25 99
33 7 28
35 4 61
15 15 84
17 63 57
31 60 91
7 73 81
48 76 74
67 84 27
91 76 97
39 76 91
65 42 82
71 54 94
45 11 69
49 44 53
50 14 21
2 58 82
11 80 18
14 73 81
88 83 34
27 78 83
4 98 48
0 72 44
88 90 58
60 72 90
33 51 84
95 5 89
50 74 72
28 68 30
89 53 63
3 38 40
8 54 44
44 74 71
24 12 56
78 0 30
72 32 6
34 10 14
91 88 36
45 12 71
33 57 18
86 19 50
76 29 49
16 39 16
57 80 55
21 91 33
95 5 12
70 34 15
5 56 82
47 61 85
22 24 54
60 86 75
94 12 31
4 44 88
41 71 5
90 96 9
87 89 59
51 35 54
82 62 4
47 75 20
40 48 15
74 79 75
70 64 1
5 11 59
7 56 54
99 15 42
41 57 49
2 8 83
25 18 9
4 88 1
25 33 13
43 93 28
42 89 58
59 79 73
13 95 3
29 15 11
70 1 75
95 54 83
26 31 55
61 44 91
28 19 9
12 53 27
89 45 31
33 67 94
39 99 90
46 38 84
0 17 70
70 85 64
66 53 38
22 80 39
50 12 21
41 88 59
77 31 57
33 44 32
91 90 59
36 38 35
31 31 76
38 71 82
9 74 43
2 42 83
2 69 7
6 7 1
74 0 74
5 67 34
83 0 31
95 5 19
70 75 49
84 77 23
53 1 97
38 87 9
19 61 71
56 93 30
30 31 12
41 24 95
32 66 32
6 30 87
97 30 16
25 77 54
20 90 60
14 75 6
52 59 63
76 25 24
31 69 26
8 45 74
26 79 53
11 97 3
4 80 63
55 44 96
46 12 70
74 42 80
0 28 72
64 67 36
99 28 54
15 81 26
45 93 28
12 31 94
89 13 59
72 25 10
11 30 89
39 88 10
34 10 27
32 39 3
91 46 68
39 29 11
60 77 71
60 65 87
18 97 66
53 28 55
96 96 43
2 85 47
7 84 63
61 98 51
19 9 49
57 36 24
77 61 71
98 85 85
82 90 57
55 7 30
31 82 69
89 16 98
51 9 21
9 35 81
21 51 95
10 81 61
51 10 68
81 57 66
5 61 30
41 37 61
70 99 72
88 14 0
45 92 28
64 25 89
47 93 29
62 95 2
71 59 80
88 82 31
44 89 97
3 31 19
6 11 0
59 23 11
11 80 84
94 52 0
62 77 82
70 19 90
57 17 43
36 44 69
33 57 90
16 82 27
59 74 79
85 74 43
23 50 84
2 71 36
69 64 5
28 67 31
41 44 72
87 14 59
70 20 15
5 10 21
7 10 7
85 11 81
31 51 84
35 57 89
62 76 7
36 70 21
48 92 42
21 83 33
59 61 6
20 79 39
2 69 5
3 30 25
81 56 58
80 5 71
79 61 69
39 60 59
22 5 45
30 55 93
34 66 33
47 6 57
20 67 77
61 64 91
88 50 4
98 18 66
73 87 99
2 49 0
77 61 86
77 32 20
1 41 83
68 26 38
43 92 93
1 83 82
7 5 98
24 27 2
40 71 4
71 39 8
99 93 40
74 35 25
45 57 0
52 84 24
99 17 67
85 69 50
7 97 58
64 75 80
84 8 96
39 77 14
52 8 19
66 26 93
68 34 21
96 79 43
10 30 92
31 41 98
31 51 37
3 17 12
66 91 81
27 16 39
54 56 27
98 72 35
58 35 53
46 6 61
62 47 91
57 55 34
79 35 17
74 27 18
63 81 72
8 16 26
91 73 69
87 77 97
57 43 85
91 58 49
60 23 42
65 71 84
33 68 96
79 61 67
5 27 40
48 75 97
70 61 39
24 13 6
66 98 13
94 44 23
43 59 45
45 11 71
64 12 8
34 74 41
9 33 44
62 12 2
79 58 23
96 78 45
64 33 76
42 78 5
19 25 29
41 92 28
73 99 68
35 51 2
7 52 33
97 66 40
24 68 75
40 31 91
22 51 74
1 91 88
14 17 68
2 27 15
15 64 19
68 76 5
29 34 75
16 42 43
11 30 93
81 55 57
47 73 13
89 16 0
85 39 93
75 23 23
90 49 71
83 96 33
46 94 84
27 7 37
44 14 46
6 12 99
27 69 8
86 90 58
58 25 41
35 54 83
71 23 11
8 92 27
61 66 89
51 87 81
52 94 36
16 9 86
14 80 13
58 50 77
92 64 84
24 29 9
15 26 47
57 92 49
65 19 82
4 79 98
78 80 30
32 70 79
65 66 48
85 92 59
99 6 52
84 30 84
67 68 43
7 23 15
75 8 16
62 69 73
4 14 28
31 85 71
68 48 39
25 28 3
22 46 88
72 83 36
22 25 26
8 3 95
52 63 16
69 84 66
21 23 19
72 38 7
7 73 46
71 4 74
97 35 13
2 92 96
82 0 33
45 94 55
43 47 37
28 61 84
76 62 70
26 82 44
26 41 21
45 95 95
70 80 70
7 23 11
64 85 70
90 47 5
62 85 75
29 74 41
48 44 42
71 53 64
21 32 60
48 0 44
25 38 83
91 18 20
34 70 55
32 74 55
61 26 45
51 7 59
10 73 43
58 91 29
23 83 44
10 29 89
51 8 7
87 42 38
34 57 80
8 53 35
59 42 95
21 62 19
48 8 68
91 46 34
11 70 77
23 77 92
93 12 72
33 97 56
57 15 45
2 70 46
11 80 60
1 25 12
10 61 33
76 36 25
7 30 92
76 1 32
27 8 79
0 60 89
49 80 40
33 71 38
46 19 73
71 91 14
8 9 26
58 36 58
82 82 28
17 68 11
8 69 87
39 10 48
15 9 80
77 16 97
5 25 14
6 11 60
8 39 1
77 37 22
76 7 17
29 76 56
29 20 36
64 40 84
49 7 56
79 60 23
51 43 18
92 28 40
42 79 66
22 53 92
88 50 3
15 31 15
12 33 79
42 25 50
84 38 91
73 33 21
61 67 90
99 24 78
43 69 23
13 88 41
14 71 77
48 11 68
20 42 87
7 59 3
17 4 31
25 11 55
46 6 59
10 94 5
93 26 97
54 3 18
71 69 30
13 32 95
12 53 20
92 45 22
44 95 92
29 85 72
90 15 45
33 19 12
15 9 14
23 51 46
30 6 29
97 56 28
71 44 57
55 41 96
25 82 43
36 68 80
7 57 80
62 41 96
48 61 77
6 1 7
85 43 92
74 39 72
49 62 13
78 23 62
39 44 93
69 40 22
91 16 96
39 42 72
45 21 91
60 97 99
57 81 18
32 68 93
78 97 30
31 19 51
56 37 93
75 37 25
92 46 71
11 90 75
91 54 51
26 11 38
48 29 62
68 80 72
96 32 57
13 26 43
5 33 95
57 63 90
77 81 71
79 80 33
18 58 57
55 50 12
78 75 74
94 12 79
39 23 83
72 2 95
31 66 32
95 66 40
72 3 51
33 38 37
94 12 73
62 2 58
45 75 71
8 59 0
25 1 75
11 44 20
33 54 84
41 67 92
15 60 80
52 63 67
83 78 25
4 67 34
0 94 40
40 54 54
53 17 95
41 45 38
46 17 50
7 8 27
56 94 49
31 12 30
40 84 53
96 20 66
24 23 19
6 75 49
7 53 54
84 52 81
66 69 43
43 99 39
77 75 75
38 0 89
68 74 4
83 51 31
96 78 25
0 54 67
13 71 88
97 13 92
11 82 83
43 98 39
81 34 89
53 61 76
60 1 56
19 24 52
57 15 12
70 56 97
74 70 49
24 24 29
68 99 88
48 22 66
12 72 84
1 68 58
11 31 90
30 60 4
36 66 5
2 65 79
60 14 64
95 6 13
3 92 94
18 53 32
53 45 38
0 95 92
21 67 78
30 11 30
85 63 86
20 88 14
8 78 87
77 29 46
27 23 97
62 24 47
45 18 72
69 65 1
31 77 88
9 92 26
82 15 56
47 7 58
95 6 88
19 32 23
49 77 73
14 79 14
69 54 94
67 71 44
63 16 59
14 70 86
75 61 88
91 63 83
38 69 92
16 8 82
23 86 47
2 93 93
71 34 42
10 39 28
55 6 15
78 28 47
25 18 10
46 20 74
94 14 79
25 14 76
2 32 20
73 84 35
29 56 94
93 11 74
15 64 55
7 52 36
33 22 73
32 58 91
73 61 79
1 67 42
86 18 51
42 52 51
55 44 95
16 83 43
68 54 18
94 56 1
92 20 23
8 9 6
96 27 31
87 18 0
4 69 5
37 9 66
18 34 9
40 67 94
14 2 60
43 23 26
89 17 0
43 15 48
48 0 91
6 56 47
31 83 51
78 59 69
27 24 32
95 89 71
61 30 77
78 79 33
78 46 82
15 26 5
22 27 29
35 67 5
12 18 83
50 35 35
31 33 55
8 75 42
41 84 52
51 93 51
82 0 9
60 89 39
40 72 47
13 16 69
81 61 2
63 18 92
12 79 85
69 4 96
38 42 30
8 6 99
41 79 37
69 38 21
59 51 13
44 26 14
48 77 39
56 82 84
78 55 68
9 71 66
75 43 81
29 69 8
70 92 73
78 31 21
32 75 21
93 26 42
13 33 79
6 60 28
13 59 51
28 16 39
4 9 30
3 85 36
26 83 44
53 62 13
90 25 39
67 44 85
76 26 47
16 81 43
87 70 0
66 71 46
76 72 71
29 47 37
52 34 70
29 33 75
92 92 34
14 52 28
38 5 59
98 80 43
23 78 89
1 83 45
17 85 60
70 6 69
9 57 34
72 2 83
2 53 9
78 82 30
22 14 76
2 12 20
29 72 21
20 90 13
40 25 94
12 78 18
18 64 48
60 74 43
85 42 91
1 41 38
46 24 24
65 81 67
4 98 47
96 34 15
36 8 39
57 40 94
36 73 6
31 70 27
70 79 71
34 40 17
72 85 1
2 91 29
24 26 65
41 44 77
37 62 58
98 18 68
84 65 41
74 32 21
78 59 72
78 49 78
29 41 21
73 21 16
2 61 90
15 91 96
46 27 5
57 27 39
2 86 46
9 77 87
25 35 94
74 72 69
21 45 57
17 77 53
14 35 82
91 85 39
60 99 52
55 46 86
14 95 4
20 15 61
53 7 86
93 87 97
76 65 24
23 6 8
83 86 46
43 54 47
52 33 35
90 97 10
40 91 56
68 18 93
2 75 60
68 31 11
81 0 6
26 9 4
92 93 35
0 83 35
97 55 3
49 6 86
81 98 73
63 36 81
8 70 67
60 51 15
78 8 35
88 69 87
48 7 53
40 5 34
20 1 33
94 73 19
25 76 52
67 51 98
63 71 44
69 18 89
4 84 38
69 98 11
20 37 30
68 94 80
42 66 93
70 2 87
16 50 84
3 58 84
65 92 79
45 0 40
0 86 17
36 25 36
42 94 94
23 13 74
8 18 53
46 38 24
37 72 6
55 8 31
64 34 57
96 21 70
23 5 12
48 57 1
64 52 19
91 48 10
23 19 12
24 50 46
7 12 9
43 19 93
46 11 81
17 31 27
59 13 64
21 86 49
25 24 34
2 20 42
50 13 23
17 41 87
25 8 78
36 89 9
54 80 3
78 34 17
23 15 4
99 21 71
14 80 21
86 41 40
66 70 85
40 0 86
23 13 4
49 27 1
47 16 29
22 91 33
42 2 87
60 56 78
68 0 88
46 72 17
56 41 46
69 65 5
76 80 70
79 52 53
63 70 74
66 32 20
56 82 85
42 90 57
1 70 57
34 73 59
42 69 21
21 80 37
40 11 48
39 86 57
24 35 14
72 17 95
45 53 65
38 51 17
32 42 18
81 57 83
91 24 97
58 37 58
85 48 0
48 2 89
74 34 41
28 85 63
43 52 50
82 2 4
30 7 30
17 28 70
93 83 25
16 90 4
85 43 32
43 21 27
16 74 79
83 54 81
54 4 16
97 65 16
43 20 94
76 1 71
29 67 31
45 79 15
18 77 20
24 53 76
44 59 99
7 58 44
37 28 34
3 6 24
6 12 25
45 70 73
20 44 86
44 9 80
24 93 30
71 68 91
89 59 47
47 5 91
34 11 15
9 51 86
65 20 94
95 50 2
66 32 26
38 46 71
36 0 91
56 93 48
15 22 85
43 17 51
82 83 27
67 83 25
53 29 55
90 15 55
60 84 76
28 22 35
5 47 51
95 86 29
37 5 17
3 3 72
23 65 78
61 46 50
33 70 82
38 42 71
16 91 3
87 53 46
57 25 37
47 78 56
2 46 87
12 30 44
7 49 78
25 37 84
32 42 99
36 41 34
63 61 50
5 78 58
21 72 93
76 68 83
31 49 37
23 34 84
81 62 3
43 3 82
39 55 48
90 40 1
99 29 17
95 47 93
65 24 23
7 60 35
8 34 45
42 67 81
84 37 94
61 35 54
46 72 24
33 91 11
4 19 19
84 46 99
7 4 95
33 67 18
57 10 15
32 76 22
60 79 57
12 94 5
70 39 8
88 87 59
56 82 17
31 72 21
35 2 62
32 39 2
91 17 21
47 62 42
83 99 30
32 13 28
20 87 48
48 6 57
50 64 71
84 42 31
96 80 24
71 34 41
70 17 91
67 20 44
5 80 62
93 98 62
31 55 94
47 2 41
87 38 40
35 70 79
50 28 3
89 93 88
39 33 81
6 79 63
18 95 36
80 2 11
36 63 59
26 9 81
29 13 96
57 8 23
71 78 1
90 48 8
13 73 8
41 53 53
72 77 63
49 10 68
17 67 13
23 88 74
50 20 2
90 61 86
44 25 15
72 23 34
32 31 76
86 39 72
71 21 51
50 23 56
90 46 69
78 49 77
70 5 70
60 18 42
45 1 39
49 5 56
85 33 37
14 0 61
82 55 67
22 71 94
96 52 1
7 56 46
9 55 34
53 13 17
7 1 72
97 86 86
44 97 95
16 77 55
68 15 69
39 45 74
30 82 72
61 78 65
98 43 34
89 91 64
69 84 64
39 85 53
83 15 56
50 60 93
33 70 57
29 68 27
23 76 93
3 0 7
53 3 17
17 28 41
4 22 16
22 5 9
26 63 87
75 0 72
5 25 24
42 14 49
11 70 91
27 48 39
14 90 96
41 21 84
83 12 73
17 61 71
14 90 95
52 5 16
4 87 38
4 84 49
29 29 9
65 94 9
22 53 56
59 49 75
46 25 25
54 41 97
63 10 9
51 3 67
48 90 85
47 61 79
48 29 61
96 31 16
39 20 81
55 74 58
90 82 35
29 94 99
26 85 60
46 36 23
71 2 51
90 76 97
51 65 68
93 26 93
10 92 27
47 17 51
68 53 17
75 18 22
90 88 37
30 52 36
49 60 91
28 58 91
91 15 58
28 52 94
94 87 72
24 85 41
42 44 83
3 45 88
11 54 35
35 15 29
50 59 92
7 39 2
27 21 58
17 79 14
30 70 22
52 6 85
22 75 90
57 69 26
34 12 27
12 70 86
10 48 77
59 50 16
75 80 71
50 88 57
84 97 32
27 54 96
86 27 5
29 33 58
45 64 88
91 68 79
47 78 38
83 77 7
76 15 96
24 85 44
27 41 22
48 84 38
35 3 58
4 63 31
16 5 69
62 90 77
73 44 57
11 54 21
19 60 21
76 6 35
25 12 0
72 39 25
74 28 19
48 71 17
80 1 72
25 66 31
68 47 39
38 86 53
85 51 79
8 83 62
47 29 3
16 9 83
41 70 85
52 41 75
67 52 38
42 70 23
20 86 72
56 13 71
0 30 18
24 87 74
84 96 32
16 99 84
38 47 76
34 6 30
34 56 82
6 68 3
2 84 13
33 84 70
14 99 61
13 26 45
29 21 59
30 54 37
62 93 59
27 7 80
8 19 53
64 71 73
69 76 49
81 56 15
1 66 95
27 99 13
47 40 51
73 77 20
32 5 22
30 23 58
17 76 1
29 86 64
19 90 14
30 72 20
38 40 72
69 34 12
90 15 44
72 55 76
6 1 73
60 53 78
64 61 53
88 59 47
93 13 76
5 37 2
92 46 22
63 63 53
28 76 58
94 13 74
22 6 7
96 34 13
72 21 16
5 61 29
11 50 27
32 42 20
32 51 85
92 61 47
41 79 16
64 33 55
44 71 21
68 50 38
29 70 27
54 36 99
59 66 86
83 76 6
66 92 80
19 30 86
74 54 18
6 78 64
31 53 36
27 18 38
99 40 36
13 6 71
75 28 21
26 13 76
27 92 97
31 70 98
26 17 9
32 57 91
63 17 58
45 93 42
45 22 75
19 9 48
68 92 74
67 7 65
36 3 57
8 79 87
31 59 92
15 81 24
45 58 98
74 80 76
37 98 41
40 98 91
70 68 31
8 51 37
18 77 19
67 36 6
25 64 86
47 78 40
27 22 34
23 82 37
15 49 83
85 5 96
31 56 92
45 21 63
60 49 75
95 17 71
11 28 42
9 56 46
84 47 0
36 70 6
27 62 88
90 23 40
79 57 14
87 19 52
73 36 26
62 23 38
94 96 42
30 70 29
78 16 83
93 10 50
62 14 93
61 27 23
90 60 47
32 71 60
15 6 70
33 38 35
35 75 42
11 2 61
13 0 38
69 45 37
12 96 3
84 90 53
40 23 94
72 4 73
68 21 14
74 15 96
76 45 81
8 89 0
19 9 51
61 26 22
59 0 17
4 27 24
63 26 22
60 27 79
85 7 96
99 34 56
25 24 17
48 80 41
73 0 70
53 3 19
55 44 86
77 81 31
56 5 6
47 38 49
95 70 56
58 95 48
25 0 15
71 55 51
88 49 4
71 41 69
52 41 96
71 41 66
19 26 27
55 73 41
59 94 31
38 80 32
15 74 80
30 23 61
49 56 76
59 36 57
85 8 37
38 88 52
88 52 64
7 25 84
75 10 16
15 24 69
58 77 44
50 15 89
89 91 59
51 2 36
40 4 12
63 77 6
24 90 34
94 13 77
76 57 10
37 0 90
30 59 89
73 30 23
14 74 83
64 15 59
9 17 24
8 72 80
0 54 65
43 70 22
68 36 19
86 13 81
31 38 81
60 81 68
60 39 83
74 86 0
68 34 25
28 30 61
80 2 73
25 93 32
21 6 86
71 69 47
57 43 98
72 79 64
14 98 2
34 58 88
67 32 23
38 38 21
98 30 54
74 31 41
75 44 85
54 44 85
42 77 6
73 33 24
18 70 77
35 69 5
45 0 41
66 19 83
71 84 37
16 63 58
73 40 60
59 25 68
37 40 84
71 99 16
71 39 25
12 37 82
68 35 34
56 11 16
36 51 17
68 60 80
69 84 65
68 0 48
29 10 72
69 55 72
46 4 89
37 96 73
95 85 74
66 66 47
97 80 42
44 55 49
97 32 56
26 27 63
69 16 19
92 67 80
57 7 28
91 58 32
53 8 86
61 78 72
92 88 96
39 73 48
72 20 17
2 14 65
93 56 0
16 26 7
82 21 6
63 97 99
18 78 21
85 27 4
16 80 23
18 2 34
66 21 89
70 98 16
2 7 66
34 37 36
63 74 82
21 25 29
90 83 32
44 22 94
63 22 42
16 9 17
2 67 97
29 6 80
38 79 33
40 62 60
78 26 16
30 78 9
26 53 76
73 26 18
23 25 65
87 34 1
56 95 29
24 29 4
26 39 22
34 83 70
61 72 17
74 3 35
92 30 41
37 22 98
33 30 62
37 43 73
51 31 34
12 2 61
24 25 59
36 88 9
86 65 46
45 61 96
74 23 24
27 18 8
68 15 20
79 68 24
14 4 25
17 39 17
5 15 68
72 44 67
6 50 79
76 71 79
47 3 90
41 22 91
30 70 79
83 63 3
87 74 1
13 75 83
90 17 20
90 47 9
72 41 70
49 25 0
0 20 4
38 7 64
98 88 48
90 45 65
86 84 58
63 91 78
65 84 71
95 18 36
12 37 83
40 42 82
63 72 17
35 2 59
65 51 18
32 71 99
63 97 51
45 18 51
14 49 74
56 27 79
83 50 30
87 68 85
6 1 9
28 31 61
23 75 92
10 28 90
17 2 91
58 30 78
48 38 22
32 39 4
55 43 75
75 1 30
45 93 44
21 27 60
20 26 28
48 82 38
45 15 51
67 28 39
85 13 61
98 54 65
14 10 14
33 68 94
32 71 40
28 41 21
93 51 5
91 12 51
97 97 60
17 9 81
24 76 54
7 92 25
76 37 28
81 21 7
77 72 89
10 53 32
64 26 93
68 2 89
86 83 59
44 54 49
70 1 50
28 33 58
66 9 55
26 92 13
17 96 4
28 85 71
89 83 32
89 61 85
3 72 47
75 54 32
4 11 7
69 53 93
13 27 44
67 79 24
47 79 40
86 63 32
61 49 92
30 30 9
98 86 82
24 13 76
