76 70 75
52 0 0
52 41 93
66 21 9
47 38 89
41 58 89
89 12 51
29 69 51
74 98 96
30 8 97
70 22 7
80 73 16
42 44 10
99 51 47
28 65 41
62 98 41
67 75 73
50 48 99
68 0 92
44 85 47
40 60 57
27 30 37
26 59 74
99 41 48
73 93 69
75 56 34
16 86 55
7 31 70
1 20 15
15 82 7
87 68 47
27 57 77
52 57 44
58 47 1
86 85 83
59 16 50
24 49 44
13 90 13
79 36 12
13 34 64
26 55 96
25 34 18
25 56 96
21 8 9
45 87 47
33 88 24
75 24 64
80 37 24
49 36 95
5 70 15
80 98 97
66 81 40
93 43 75
68 29 19
79 47 4
44 89 34
65 16 13
79 40 19
71 30 17
92 37 79
33 67 2
99 65 56
10 87 23
97 52 47
11 34 49
58 27 89
13 75 37
94 64 52
92 20 21
66 82 39
1 48 92
21 55 39
19 35 19
62 92 69
77 60 80
84 82 71
66 44 86
96 68 51
56 97 43
31 13 87
43 43 20
43 88 45
38 28 77
26 90 57
84 81 77
88 53 3
95 78 44
56 40 3
75 56 23
55 22 14
6 15 64
13 88 80
95 33 72
23 8 95
41 48 24
41 39 51
89 31 79
62 73 38
89 18 21
55 40 3
5 9 64
21 58 97
64 20 59
43 16 74
44 25 37
89 12 56
37 90 50
27 65 42
70 43 81
37 63 45
84 86 80
82 87 75
67 48 38
73 41 14
83 83 17
60 53 99
84 55 63
0 43 96
76 54 21
45 80 8
53 66 7
36 56 87
88 73 95
89 34 74
70 98 94
8 72 21
37 61 58
76 91 74
20 55 74
81 36 27
52 25 18
69 55 38
73 45 87
44 13 73
45 22 71
13 13 56
47 35 95
14 84 10
95 13 56
26 7 1
24 11 9
40 41 16
34 40 7
85 83 16
64 7 57
97 72 43
64 78 77
50 0 96
82 40 29
0 15 48
23 2 8
89 15 53
46 97 18
87 10 48
84 81 86
17 55 79
6 74 11
48 44 84
44 87 36
90 38 71
3 80 15
58 17 9
96 79 43
25 17 45
30 71 89
32 97 90
17 35 64
59 52 93
91 73 98
42 20 34
63 73 78
8 45 91
78 48 2
70 33 19
95 69 94
38 34 88
28 84 56
78 43 17
54 41 4
78 39 16
9 22 10
73 78 64
2 79 12
23 60 96
99 49 96
39 92 51
13 37 40
37 29 77
66 47 11
82 39 29
2 80 13
32 9 11
66 79 80
43 87 49
71 88 89
2 63 11
4 64 61
64 1 90
32 68 39
74 74 68
26 8 0
36 59 47
29 57 75
63 62 2
0 31 69
61 92 70
73 99 38
86 86 82
92 63 62
70 38 19
11 87 53
71 94 74
29 83 56
39 8 49
71 33 2
95 33 74
41 60 58
0 49 92
35 28 41
20 47 11
68 25 5
38 22 37
54 89 99
74 90 72
50 44 9
63 78 74
42 34 92
3 25 8
30 27 56
73 91 73
7 22 9
28 6 98
96 66 53
67 67 35
35 57 17
78 11 74
87 74 18
60 40 8
84 48 7
46 36 43
90 45 76
66 98 46
75 79 4
80 67 85
63 78 21
89 16 18
22 31 44
52 69 3
74 66 32
95 50 42
59 98 99
5 54 79
23 79 45
56 62 36
65 75 74
10 87 25
91 33 81
10 21 7
90 33 78
96 53 47
75 58 32
22 77 34
45 40 16
8 81 46
9 12 63
41 84 34
95 28 29
36 42 8
0 69 45
57 58 37
88 52 61
26 89 59
63 27 7
39 40 23
68 39 87
70 27 17
65 78 75
26 37 23
42 64 55
78 11 72
58 14 54
81 86 74
85 78 82
75 51 4
27 42 4
37 52 89
68 31 19
56 68 3
55 39 4
81 71 18
46 37 27
87 69 53
64 11 12
12 75 39
32 58 1
44 44 14
5 78 15
80 92 75
51 73 5
82 83 71
30 30 35
71 31 1
62 15 48
75 40 14
44 42 9
62 94 91
4 76 16
29 64 85
67 80 79
12 94 29
45 52 91
31 67 38
82 24 23
33 39 23
38 53 19
47 98 27
30 15 38
60 45 8
82 57 62
96 16 46
90 39 77
77 42 17
1 81 47
29 9 89
69 46 99
21 57 76
81 42 18
66 3 89
24 86 60
3 48 84
38 41 5
8 69 16
14 38 39
63 67 33
90 30 84
97 23 88
66 96 40
32 24 39
23 86 57
6 65 67
2 81 57
83 85 16
46 17 71
17 85 52
41 41 18
3 71 49
37 59 18
61 24 8
98 20 91
42 32 94
26 62 93
66 69 85
52 58 39
77 68 80
16 37 61
98 46 80
74 87 90
85 49 6
98 21 13
45 82 8
79 68 82
46 15 76
47 38 95
55 58 35
29 62 41
17 78 34
1 66 59
8 33 49
91 41 77
63 27 6
30 71 88
5 75 16
96 21 87
93 62 58
81 26 19
97 88 44
68 5 13
74 31 16
40 66 48
69 6 46
61 28 86
75 55 24
59 81 16
70 42 88
62 45 10
94 11 50
69 10 53
80 98 95
59 52 96
18 89 53
39 60 42
6 47 90
68 15 48
87 68 59
95 11 52
40 58 16
72 25 18
32 77 52
59 11 17
64 33 19
37 43 8
11 74 36
82 70 18
31 57 39
41 63 46
89 32 78
34 14 85
21 48 78
64 44 14
67 6 60
25 72 34
89 71 41
2 66 61
86 68 15
57 62 37
44 38 61
32 81 54
74 36 18
64 22 60
78 3 48
26 81 29
1 68 51
91 49 81
47 54 88
25 33 31
16 86 56
75 69 76
27 7 92
29 76 92
59 96 41
53 25 15
75 52 9
45 68 95
68 10 50
40 91 32
20 15 8
49 32 52
92 38 73
1 45 79
42 15 74
78 68 74
77 41 16
9 45 86
63 3 89
37 58 91
24 10 96
92 70 99
82 69 81
88 81 82
10 65 66
85 74 21
3 98 24
42 83 4
87 56 46
28 75 48
64 6 58
39 61 58
12 92 59
55 98 43
64 0 40
39 97 83
66 69 34
58 69 38
11 33 70
34 67 6
88 44 81
55 69 4
23 72 37
90 32 72
54 70 2
54 96 0
59 52 99
58 33 90
1 92 56
79 31 17
51 78 99
33 65 9
25 73 35
68 85 81
11 38 39
17 86 50
11 85 29
46 86 39
5 70 46
60 27 77
29 33 11
1 34 47
57 18 10
14 77 35
22 74 41
73 41 15
18 87 55
86 74 92
55 10 71
70 98 79
68 27 5
72 90 85
51 89 95
47 77 9
67 1 84
20 62 95
86 77 81
97 31 70
27 63 94
62 79 17
65 40 44
49 35 26
13 33 56
97 18 45
71 6 47
0 15 45
67 17 45
52 75 5
36 86 48
85 23 20
8 35 50
25 6 5
59 9 43
74 97 97
62 60 2
95 77 49
41 64 45
50 35 49
11 94 26
63 36 89
62 21 60
64 4 42
62 11 59
46 57 88
38 59 85
69 27 60
24 16 44
4 37 52
55 63 33
82 89 23
32 70 94
67 26 12
94 47 82
73 40 2
32 65 94
18 90 52
28 76 17
14 75 35
24 86 59
42 43 21
45 85 7
86 38 74
43 80 9
42 47 8
13 74 38
6 8 63
47 8 51
45 96 19
71 78 67
19 86 54
98 74 40
96 22 87
29 6 8
83 88 19
39 51 16
99 31 71
87 68 53
8 32 69
71 21 15
1 92 12
26 11 93
66 50 0
80 85 73
88 31 21
0 26 64
70 41 88
77 89 74
26 16 43
43 81 11
4 72 48
15 39 39
46 59 88
33 70 98
21 74 40
58 56 35
33 69 89
95 72 42
83 70 91
53 97 43
90 71 94
89 33 26
30 69 47
52 25 48
65 12 45
34 67 5
99 11 46
68 73 82
96 28 27
3 90 10
49 39 85
86 15 53
72 25 8
40 67 42
46 84 49
75 71 74
45 60 87
18 58 94
32 80 41
21 78 32
49 5 94
38 28 42
20 37 2
67 39 89
61 59 3
56 94 95
64 37 4
20 33 20
83 11 76
40 94 53
28 9 0
44 17 75
13 81 6
25 85 26
84 73 19
46 51 5
79 40 12
2 46 85
40 87 52
27 10 97
86 69 50
38 10 47
3 90 17
55 62 4
73 91 88
99 32 72
58 32 91
59 47 3
84 73 16
66 66 35
28 37 30
64 94 69
39 42 23
6 79 38
22 32 31
89 70 94
92 18 46
88 17 16
67 38 9
78 43 9
26 52 36
10 37 37
90 42 78
23 31 34
75 72 75
21 35 16
98 68 53
28 9 10
11 34 50
91 68 96
26 67 91
63 1 45
8 87 19
92 64 49
57 54 1
74 50 6
65 92 92
58 5 44
30 14 83
28 62 31
67 28 72
75 95 98
68 76 72
61 20 43
20 38 1
45 50 4
64 81 80
19 60 96
3 52 28
20 37 17
43 67 99
65 98 46
62 72 39
53 58 45
39 60 44
52 35 88
25 37 28
61 91 94
74 39 4
34 70 4
40 46 3
2 57 61
35 67 51
68 81 78
35 88 60
90 31 25
89 21 14
55 63 32
3 23 12
8 68 11
56 68 6
94 50 52
24 64 84
82 21 16
68 97 40
42 44 17
2 89 61
48 75 6
55 75 98
59 52 31
41 90 33
73 94 72
90 14 57
99 32 73
99 68 54
82 89 75
65 51 99
90 38 78
51 42 95
29 55 41
51 37 1
74 41 13
84 74 45
43 47 7
55 60 36
54 67 8
68 2 12
69 71 43
74 3 48
38 53 17
89 29 24
75 96 97
0 65 60
3 82 58
85 26 20
28 33 11
72 98 43
96 19 45
50 4 94
89 18 16
87 72 93
61 15 11
32 70 49
18 85 49
59 2 58
84 58 66
71 97 93
44 71 90
39 57 17
65 79 79
73 94 69
44 97 25
4 66 63
25 34 15
14 96 33
26 72 35
0 11 24
4 87 64
69 30 73
54 67 2
63 60 2
54 77 55
31 26 55
63 5 56
30 65 96
62 81 80
68 40 84
99 88 70
25 35 19
41 60 11
69 86 80
83 83 72
37 64 57
97 61 63
29 56 77
8 94 21
69 20 9
4 24 67
92 2 31
24 57 76
73 73 67
35 62 44
76 49 3
85 70 44
46 32 49
1 90 70
1 91 10
91 71 94
46 23 72
97 59 64
81 61 65
30 66 39
87 17 20
44 47 24
33 66 4
2 52 47
31 2 88
59 5 61
64 14 46
0 47 90
38 91 48
23 6 5
94 63 56
63 93 93
10 30 70
73 93 75
44 34 39
4 85 6
8 38 40
33 69 3
69 36 10
91 38 70
16 77 36
48 89 41
3 35 52
36 59 91
64 12 8
65 99 45
65 39 85
4 52 26
35 41 6
50 44 5
63 21 59
32 60 47
73 7 47
38 43 5
45 69 3
62 9 60
35 87 62
65 27 89
12 14 77
86 11 49
70 33 3
23 33 26
22 53 39
56 72 37
85 73 46
84 84 83
82 98 96
74 50 10
45 58 90
71 41 49
4 83 12
5 94 21
59 4 18
41 56 16
87 29 24
12 37 41
45 33 44
64 69 78
19 44 7
14 75 42
90 28 26
31 71 50
16 33 63
55 68 48
25 14 83
63 93 99
8 12 64
96 32 72
4 46 90
74 35 15
91 75 41
11 87 15
63 74 39
55 68 47
50 97 0
59 44 7
31 61 0
8 72 15
73 79 69
98 13 56
47 34 45
41 40 19
57 52 97
71 36 52
31 55 25
85 84 82
27 74 91
87 16 53
7 80 39
82 37 27
61 42 89
24 80 44
68 11 53
91 51 49
42 31 37
69 28 18
38 58 16
58 42 5
73 50 11
89 29 83
96 68 96
71 64 31
39 53 88
97 16 47
30 4 90
42 47 25
42 69 98
19 45 9
76 94 99
72 30 1
66 36 13
15 90 61
22 55 37
53 36 86
2 47 58
1 91 14
41 91 46
64 68 84
88 67 14
80 38 27
51 44 6
48 76 8
98 47 94
22 59 97
72 52 13
61 10 60
27 75 92
2 58 62
5 44 53
47 44 8
64 38 91
38 84 52
73 36 13
43 84 5
96 70 94
47 39 82
25 55 95
63 38 5
93 75 49
16 89 62
70 32 99
7 87 17
5 67 15
32 79 38
33 60 2
66 70 81
33 67 97
74 37 17
95 65 53
88 83 82
72 78 65
43 45 1
94 78 50
90 71 96
9 75 31
2 20 11
53 60 42
15 94 31
63 10 44
27 82 27
64 89 63
50 36 0
39 16 35
59 42 49
44 88 99
0 42 47
66 8 56
65 37 3
57 27 6
69 90 66
30 20 41
2 2 22
39 52 89
44 40 14
1 42 78
65 26 13
5 56 98
95 16 47
87 81 79
26 13 93
24 10 95
12 90 82
98 87 48
45 98 27
40 82 51
42 68 8
22 80 32
42 38 50
42 70 8
92 25 29
84 64 63
1 88 68
68 7 60
48 44 87
7 80 38
64 15 45
93 75 44
37 43 4
38 40 24
58 97 42
85 52 5
97 67 91
42 23 36
60 96 92
62 73 78
73 89 84
79 29 18
49 85 5
80 19 14
64 46 99
86 27 19
99 47 46
67 26 60
67 85 82
82 11 77
78 29 17
7 14 64
70 44 81
66 40 91
98 0 24
69 34 4
68 73 39
43 55 87
52 35 37
89 21 16
5 50 32
21 78 33
98 89 50
11 84 49
63 37 90
74 76 68
87 67 58
39 57 86
44 68 7
63 2 89
26 84 59
49 84 99
0 92 57
51 98 99
99 21 90
56 87 0
70 70 42
61 89 74
24 36 27
3 88 63
72 7 46
77 43 7
22 14 12
32 54 26
81 90 22
63 80 17
94 52 50
2 44 80
66 0 44
24 71 38
4 46 87
95 36 77
60 16 9
71 90 87
66 26 45
50 81 2
40 22 37
8 32 64
86 17 53
2 61 62
69 39 49
88 13 53
55 45 4
46 43 9
71 51 97
0 46 45
53 26 8
19 34 19
3 75 28
50 66 28
2 82 14
78 51 4
3 36 51
3 29 74
7 84 43
68 33 19
11 96 27
58 40 7
12 15 81
47 16 70
17 76 37
0 76 17
3 55 63
28 9 89
16 34 62
45 20 67
32 36 23
95 22 23
66 75 42
83 21 17
47 71 7
15 60 97
11 45 88
98 49 45
59 31 89
80 13 40
89 33 76
60 96 99
48 82 12
30 83 44
52 84 3
5 7 54
75 59 31
59 14 9
60 4 44
99 52 53
70 61 30
41 61 45
48 20 70
42 22 35
31 78 52
72 20 15
53 44 95
42 72 87
23 64 96
53 26 50
45 84 46
56 75 39
92 50 80
73 51 13
14 33 66
44 59 89
52 58 29
60 11 43
11 22 7
24 72 36
74 53 15
14 96 29
54 63 4
81 94 75
5 54 78
95 44 77
8 66 65
29 21 40
77 48 11
35 87 48
67 23 13
33 26 39
15 87 16
27 34 15
94 52 51
15 94 33
63 37 88
33 80 42
30 70 49
5 75 17
43 9 47
19 58 95
48 40 10
88 17 20
49 63 96
4 53 80
2 51 80
64 88 74
47 43 86
26 8 2
85 72 43
67 18 12
17 88 53
3 53 31
22 51 42
41 56 90
38 52 88
22 61 96
13 89 81
6 21 9
41 45 17
34 65 83
7 73 20
62 97 92
62 18 44
2 52 31
85 16 93
91 71 98
40 65 48
71 91 77
18 87 50
63 45 10
16 93 87
7 76 25
98 72 44
4 82 58
16 89 53
53 93 93
37 47 95
1 29 66
6 83 50
66 38 12
42 27 33
0 69 50
44 37 64
28 22 39
45 41 13
59 95 93
32 39 8
45 69 94
73 88 83
78 52 18
4 63 62
27 3 3
50 67 29
9 37 54
37 64 44
36 33 56
92 65 54
47 39 45
46 19 71
58 62 7
62 6 59
93 19 47
45 60 89
17 40 15
64 90 72
12 96 33
54 24 16
31 11 86
42 71 86
96 54 46
81 72 17
99 47 44
66 91 92
63 27 88
70 4 47
62 9 56
66 37 8
24 85 27
69 34 9
39 64 56
35 65 9
45 31 38
12 87 56
86 67 54
40 39 50
10 93 27
97 90 52
70 38 53
12 75 34
3 60 63
68 82 78
66 7 58
8 23 9
57 62 6
64 92 98
56 1 0
60 69 38
50 97 1
70 89 80
79 39 26
32 14 73
84 22 21
99 37 51
88 15 59
30 85 54
51 67 28
47 33 42
46 12 77
47 53 92
94 62 57
88 34 27
5 66 14
23 56 95
25 7 8
75 66 74
4 0 25
70 26 13
73 86 89
93 51 52
69 0 94
2 36 52
54 69 3
40 56 89
93 75 40
29 63 41
6 67 64
39 66 49
90 69 0
65 76 70
27 9 90
43 24 35
18 34 18
57 24 10
84 20 18
1 43 78
29 12 90
3 87 64
17 58 96
79 10 73
28 8 9
92 36 75
88 69 41
95 11 49
67 5 41
64 12 44
48 33 44
69 78 71
98 8 91
0 10 46
32 11 80
16 79 35
21 54 38
6 31 71
42 42 24
2 82 13
19 15 9
24 9 87
61 43 43
25 11 4
99 80 46
73 84 92
50 64 88
80 89 16
86 76 91
33 66 96
23 13 9
31 81 55
73 26 8
98 54 62
49 40 85
8 25 9
29 84 55
29 78 40
2 32 76
77 40 6
45 27 33
76 56 33
31 73 50
99 27 65
81 14 40
84 54 47
39 62 17
87 44 81
22 10 94
67 81 40
34 68 3
40 27 40
29 9 67
5 82 59
88 68 40
25 65 96
87 66 47
4 34 75
52 77 99
74 57 22
2 71 45
36 50 17
85 30 82
8 10 59
1 44 97
79 97 94
75 32 85
76 0 46
6 43 53
33 78 52
52 98 42
68 6 44
91 35 76
33 42 3
75 36 12
81 10 75
98 63 60
7 69 12
25 37 22
29 70 90
0 45 94
78 55 24
0 71 45
72 95 42
66 33 5
86 48 7
40 68 48
54 64 5
81 70 82
39 52 21
8 40 51
15 13 79
72 45 88
65 39 11
26 9 69
3 34 47
2 69 48
6 94 21
38 9 49
3 85 8
77 54 7
74 5 46
58 46 0
64 3 44
29 71 48
38 44 7
26 60 54
68 37 83
49 68 29
24 64 95
71 44 87
34 71 0
62 44 46
36 67 52
18 77 35
48 29 43
69 51 98
89 32 20
56 61 34
54 28 66
50 73 5
93 54 60
71 86 85
56 44 3
97 45 80
24 53 39
41 26 40
40 54 88
46 11 49
36 66 53
10 11 59
81 68 80
54 24 14
37 62 11
39 60 86
11 32 64
29 34 15
53 88 94
31 14 72
30 13 9
39 52 94
63 61 3
29 82 26
97 76 39
73 80 4
24 37 25
85 65 80
24 45 23
64 78 76
37 60 86
18 56 77
4 86 63
27 11 86
2 76 18
3 24 65
0 70 63
40 42 24
57 86 0
52 96 1
84 69 43
66 91 94
0 68 53
24 11 88
88 80 80
95 76 42
37 62 59
44 40 64
64 4 59
57 32 88
68 25 6
98 89 49
86 45 77
39 23 36
42 31 91
71 80 71
97 90 51
84 89 18
64 69 35
8 98 27
25 58 75
89 72 95
97 12 48
11 11 78
49 37 87
72 91 87
27 2 46
75 68 81
43 87 35
30 67 89
7 81 47
94 10 59
83 62 68
64 36 14
13 96 31
71 96 42
47 31 37
88 83 77
91 66 98
95 33 77
51 42 8
48 43 42
66 72 74
33 59 0
6 0 27
3 75 27
86 79 78
24 11 91
62 92 94
14 88 54
89 32 80
43 69 98
29 7 91
66 48 99
3 32 74
96 19 51
4 86 71
65 73 38
46 53 87
55 67 5
5 50 28
59 69 34
55 18 5
0 73 44
82 51 4
49 39 90
67 34 8
53 91 95
65 76 41
60 12 55
27 31 33
3 87 10
44 25 34
64 76 73
44 44 17
17 85 56
53 77 55
62 41 87
32 12 82
8 79 42
8 92 21
67 48 98
73 34 84
59 46 2
94 76 41
24 77 90
88 15 21
8 39 52
61 14 49
12 12 78
85 19 53
58 27 12
88 67 48
52 90 94
82 83 18
97 50 94
51 96 2
38 52 91
47 56 91
82 23 22
18 39 16
95 78 42
1 63 10
69 9 51
66 35 8
85 12 48
70 5 46
48 34 44
84 84 78
22 47 77
30 57 41
10 9 57
65 72 40
67 37 4
67 34 7
86 85 75
65 80 18
26 10 5
66 38 5
71 93 86
4 65 63
88 82 75
76 53 8
28 12 85
86 75 18
25 66 97
88 31 81
69 81 77
60 10 17
36 54 17
96 74 42
67 74 83
41 67 48
98 43 49
6 68 63
87 55 2
98 44 76
55 45 0
32 1 88
51 34 34
2 72 50
42 89 44
87 45 74
56 16 4
66 78 41
63 67 38
99 51 97
41 85 35
38 36 92
75 52 16
39 53 16
27 43 5
20 46 72
61 70 34
35 84 36
22 63 33
86 1 12
79 72 17
2 25 64
3 52 81
35 48 97
54 61 42
93 12 58
45 67 1
62 26 89
10 34 55
60 24 6
37 39 22
60 42 7
48 44 41
98 83 46
34 27 40
14 89 11
11 11 59
37 99 81
45 88 40
37 47 21
44 8 46
29 21 43
3 23 64
26 10 94
48 42 87
52 37 1
10 83 60
76 62 80
52 66 93
31 17 41
9 33 55
40 5 50
5 99 26
96 72 42
58 55 36
46 68 1
66 9 60
54 59 37
74 51 14
72 47 10
56 45 94
90 64 52
2 89 59
1 89 60
44 99 18
64 78 20
83 88 17
26 52 47
23 67 89
92 15 47
38 65 51
63 77 22
12 88 13
49 89 90
86 71 53
91 53 49
53 83 2
75 4 47
86 76 75
73 75 3
86 29 83
70 32 16
44 17 31
69 3 12
48 82 34
28 63 95
86 74 45
85 54 62
82 85 80
47 41 11
6 95 22
42 17 76
78 43 6
39 47 9
26 30 10
42 56 88
61 40 86
32 10 10
73 78 68
42 38 63
18 56 82
80 38 28
98 84 85
97 68 58
79 57 65
69 26 11
26 58 31
80 58 64
50 32 51
93 19 46
98 62 61
98 23 89
49 54 50
43 39 63
61 29 5
82 81 81
96 51 65
93 61 59
59 11 16
32 85 58
53 35 87
71 26 12
2 92 57
26 71 34
3 32 46
37 83 53
29 74 49
60 51 92
40 94 24
54 43 7
18 5 89
63 80 14
34 65 50
65 89 73
67 41 85
94 64 57
66 90 75
28 10 98
41 90 45
2 89 8
78 32 26
23 33 2
6 76 16
85 74 95
68 12 50
1 74 48
77 43 8
47 89 42
7 94 22
35 12 84
30 43 4
31 11 11
7 13 64
38 63 17
3 43 51
7 74 29
11 13 78
5 23 11
77 91 97
30 11 82
46 62 88
11 76 38
35 49 23
26 4 10
51 66 29
53 59 41
69 80 78
57 17 8
79 38 11
56 95 0
67 92 91
59 6 18
66 44 85
66 41 14
60 47 1
64 75 70
93 53 50
5 86 13
27 32 16
48 87 97
13 87 31
59 23 8
3 44 50
43 17 76
86 16 21
82 62 64
48 8 48
55 76 54
96 14 52
69 66 35
73 63 31
66 7 52
91 51 80
64 36 18
89 67 93
54 22 12
44 70 4
49 29 38
25 10 87
68 40 81
17 87 54
61 5 43
67 88 84
92 42 76
67 2 90
60 60 5
3 64 63
70 40 90
52 63 28
28 8 91
25 33 17
38 58 88
77 55 4
0 91 55
89 15 58
15 61 97
46 34 45
68 7 45
80 39 22
69 14 49
7 57 99
12 90 21
69 95 40
68 32 8
29 6 90
57 50 97
84 62 65
40 91 48
17 11 78
94 11 58
14 74 37
90 16 41
84 83 85
62 31 86
88 50 58
67 21 8
65 88 71
83 49 7
70 38 86
91 17 23
72 40 15
51 72 3
78 35 24
53 64 29
38 39 25
0 30 68
91 39 77
13 90 14
36 1 83
45 15 53
74 92 74
20 34 22
72 89 88
49 76 6
8 91 42
4 85 5
52 35 90
28 74 93
64 30 86
24 74 42
3 78 31
9 74 29
68 25 4
6 83 9
13 88 12
11 34 71
44 89 43
40 96 26
26 60 31
79 9 73
95 78 49
13 48 88
94 35 75
61 74 77
73 80 1
62 86 63
42 44 16
30 71 48
79 82 74
79 39 17
92 29 26
12 95 24
74 35 18
60 26 10
73 39 16
63 80 15
7 72 16
7 73 14
70 35 18
72 30 2
7 40 53
12 35 49
72 92 75
24 15 86
56 44 0
60 16 10
98 17 46
75 40 4
41 64 56
37 0 82
67 72 77
62 10 58
55 15 5
76 41 15
38 58 18
70 25 5
86 16 23
66 15 15
94 73 42
9 87 14
33 69 99
86 82 16
41 26 38
2 47 87
7 53 80
26 8 6
27 37 22
37 48 94
70 91 86
12 33 65
45 39 65
62 10 43
50 61 27
97 87 45
56 64 33
86 68 52
97 81 46
85 78 79
2 29 73
38 66 42
28 15 45
77 87 70
94 62 61
55 25 14
18 38 21
89 84 83
46 71 7
3 45 80
88 20 15
11 76 33
37 64 17
70 26 16
39 55 88
91 43 78
63 98 89
5 75 10
39 95 25
85 50 4
63 17 45
46 41 10
71 94 68
55 58 34
5 77 24
29 9 87
3 47 83
38 12 32
79 88 72
43 18 32
27 77 17
66 78 74
64 11 62
46 36 25
74 33 85
3 37 50
93 36 79
22 34 4
75 52 13
98 47 45
41 43 17
71 42 89
85 79 81
70 74 74
41 59 16
67 74 41
49 41 88
83 87 84
35 15 67
9 92 22
99 50 50
21 36 15
67 42 48
61 45 46
40 60 60
95 11 57
7 83 42
41 85 7
60 5 17
56 65 6
81 82 75
80 58 66
62 4 89
34 66 8
38 63 56
81 41 22
60 23 7
42 14 36
32 1 91
4 80 32
16 90 57
63 43 45
74 88 85
58 95 97
74 50 9
68 36 4
57 45 99
78 51 17
75 45 9
49 34 50
63 47 98
33 68 96
58 13 53
29 65 85
92 55 59
88 43 70
91 38 71
99 42 50
21 62 96
96 68 92
6 77 23
74 80 71
57 96 1
6 75 18
41 87 34
11 25 6
50 64 93
80 40 21
33 58 0
27 64 41
52 94 94
75 96 75
13 85 28
36 90 12
91 17 57
48 33 49
65 90 90
66 43 86
67 15 47
86 69 48
13 97 32
50 36 88
58 53 32
88 64 78
92 10 38
92 16 56
79 60 67
5 7 53
74 79 65
33 25 38
4 11 64
48 54 90
99 44 50
30 21 40
64 4 89
46 39 44
84 36 76
41 41 21
40 15 36
6 83 41
9 85 19
28 67 79
62 25 5
53 67 7
85 34 75
60 10 15
43 45 99
13 32 68
72 47 88
33 80 58
8 85 20
26 74 91
87 51 59
69 98 92
5 80 16
79 97 97
73 88 85
29 67 49
31 86 27
72 76 75
94 71 43
33 64 84
63 12 11
49 90 91
35 13 85
56 85 1
32 37 22
87 67 56
55 26 8
61 25 6
11 86 48
51 25 49
55 63 34
33 43 2
11 88 23
47 33 49
71 86 77
3 78 13
53 57 29
33 77 51
52 65 30
41 42 23
60 30 87
48 39 89
13 90 49
56 27 7
67 38 82
98 61 57
55 14 6
71 24 9
88 29 25
88 12 52
46 53 91
93 69 94
64 80 18
25 58 74
48 32 48
30 76 16
72 94 77
47 14 75
99 72 93
14 84 9
80 35 26
5 30 64
57 68 7
21 66 88
82 25 21
22 35 5
98 51 47
5 55 79
34 85 59
66 75 74
69 49 98
55 77 97
29 22 43
43 8 48
81 9 76
84 28 83
33 70 95
56 57 36
96 52 60
69 40 47
29 32 11
22 35 23
91 50 54
94 36 76
50 30 37
86 22 19
55 28 67
67 40 14
84 26 21
11 46 88
70 34 5
66 8 61
43 23 37
12 75 36
51 41 6
86 84 79
65 0 39
46 41 44
17 59 96
57 61 28
8 37 52
67 90 93
29 34 14
48 9 50
67 43 86
28 30 35
69 64 32
81 91 23
65 50 98
41 42 16
11 90 48
93 77 49
81 89 21
21 13 12
90 31 81
63 1 41
61 11 57
72 77 66
30 1 90
90 53 58
74 49 10
4 31 73
22 8 10
31 81 42
57 60 6
11 65 65
69 75 73
4 74 47
77 41 3
72 68 30
3 26 6
40 22 54
70 4 13
50 88 89
77 61 79
64 26 88
43 46 26
7 77 26
42 61 45
61 9 44
72 98 92
72 78 77
3 30 68
85 56 46
89 53 59
49 40 91
67 90 65
27 8 99
2 36 53
11 15 77
13 76 30
35 50 20
70 79 70
5 99 24
26 35 15
21 64 95
58 33 92
99 50 93
32 41 5
44 83 7
37 59 88
3 74 17
48 38 45
10 20 6
78 41 14
39 61 56
33 65 93
69 28 46
6 85 14
62 95 93
78 40 18
67 72 81
68 35 10
63 74 36
39 50 93
47 30 47
36 9 47
30 16 56
3 82 13
59 8 42
23 34 3
58 67 3
71 47 85
42 65 54
73 37 17
84 68 94
48 73 4
13 89 14
37 87 32
76 71 78
78 98 95
37 32 55
38 85 52
14 83 8
15 37 60
65 39 6
49 56 48
45 88 42
84 75 76
69 3 47
37 85 53
40 89 33
40 42 6
13 9 60
25 31 36
94 22 23
91 69 2
24 36 21
57 64 7
11 36 40
65 70 84
58 53 0
30 36 88
94 63 52
66 69 82
38 65 50
53 76 98
38 61 10
67 10 54
82 71 16
49 66 27
90 31 74
9 29 71
85 37 75
67 68 34
5 31 74
24 81 44
72 90 75
70 0 90
41 67 1
57 16 2
87 22 18
72 29 16
33 14 84
70 22 15
1 91 58
36 52 17
2 92 15
85 85 18
89 66 46
81 22 15
94 74 46
87 52 4
13 89 13
68 87 68
69 83 80
96 85 47
49 74 5
3 77 30
26 56 32
67 39 92
35 62 59
58 51 99
9 24 10
67 94 39
58 53 1
84 45 76
68 90 67
74 61 31
62 54 35
84 76 77
22 8 93
67 97 40
65 71 73
77 31 15
59 51 91
67 34 6
52 25 51
13 84 11
13 85 15
43 67 8
62 75 39
64 92 92
3 36 49
79 34 26
71 98 86
41 94 25
35 63 9
26 90 56
6 22 9
38 48 10
8 82 48
2 63 64
0 1 22
23 35 22
45 36 63
98 75 39
77 42 4
8 67 14
39 52 93
72 95 84
49 32 36
63 68 36
12 13 57
29 65 79
22 35 3
4 80 16
46 57 15
57 26 12
98 73 45
87 29 81
4 65 15
43 62 57
37 27 77
63 2 44
59 51 96
61 44 44
77 55 3
31 13 81
2 31 74
88 52 58
41 15 36
48 2 93
63 90 0
67 88 67
95 52 46
41 16 36
90 69 97
57 53 31
6 75 28
4 42 51
65 73 37
5 83 14
90 70 1
80 61 67
33 91 23
49 44 8
92 63 51
45 69 7
16 89 58
37 56 17
9 34 50
69 47 0
29 34 12
10 88 24
25 12 92
58 53 30
24 3 9
58 59 7
1 55 99
18 12 79
15 32 58
56 61 5
26 66 90
31 63 48
25 78 47
72 97 84
9 44 92
65 41 46
30 35 16
63 62 4
89 32 75
68 29 72
42 21 80
96 69 95
27 84 57
54 67 44
74 69 80
67 42 86
1 70 44
45 40 43
99 92 53
71 67 29
49 33 52
50 99 97
97 68 61
36 45 96
63 5 58
76 40 19
97 61 61
82 26 22
70 89 85
72 87 90
69 21 14
69 39 18
30 11 11
27 72 92
27 61 31
98 36 52
93 19 21
77 94 0
53 97 99
55 62 1
49 54 48
65 34 16
1 65 60
24 67 91
59 76 35
12 87 31
74 93 43
9 10 60
40 83 51
73 89 88
87 70 52
66 0 94
43 72 90
57 97 42
77 39 20
39 6 49
68 67 34
29 77 48
81 90 0
61 31 89
29 41 7
60 4 58
29 86 25
88 72 93
46 37 90
32 79 40
58 14 8
62 71 38
37 92 47
29 76 47
58 53 34
34 95 19
12 96 24
69 98 93
93 52 48
48 66 94
28 74 46
69 38 18
10 93 22
30 71 47
66 9 62
8 30 62
56 38 70
0 66 57
99 48 95
70 98 91
37 65 54
44 70 99
79 82 75
71 25 17
26 29 11
11 86 53
70 34 14
24 33 27
80 89 72
30 67 85
89 70 95
53 21 11
13 14 80
99 47 81
69 38 50
91 29 85
63 5 44
82 58 64
9 73 37
28 22 42
27 65 93
26 82 28
67 12 55
63 8 58
19 34 21
36 43 8
4 86 7
57 21 16
12 86 15
40 86 32
64 25 12
40 7 50
82 83 76
21 13 11
37 86 34
55 33 88
39 95 54
28 36 30
3 76 14
51 38 88
62 3 58
84 81 70
34 48 23
67 7 13
54 45 6
46 67 96
76 1 48
31 39 20
14 88 17
76 52 12
87 27 20
66 6 9
93 34 74
29 9 88
12 83 10
27 55 79
90 25 31
1 24 7
21 25 86
48 39 44
97 24 87
94 77 42
8 45 87
9 37 39
7 8 62
51 37 89
71 99 84
65 73 77
17 38 60
45 85 8
77 11 75
83 71 95
48 38 93
77 40 14
46 89 41
62 6 44
21 27 8
65 90 95
84 47 6
94 76 48
48 89 92
85 35 75
76 0 47
80 41 20
16 80 36
30 12 10
2 76 29
31 15 72
30 63 49
34 10 11
74 67 75
98 18 92
47 83 3
92 38 78
57 96 99
79 93 76
89 19 22
94 21 48
95 81 47
84 70 48
46 85 8
6 56 28
66 4 88
98 64 51
72 22 9
28 4 2
12 88 56
80 87 73
22 26 8
86 75 17
85 55 46
87 29 23
57 96 96
58 11 41
64 90 68
87 69 51
64 89 74
84 69 91
1 50 80
83 63 65
96 46 79
84 84 17
61 97 93
60 7 43
71 99 89
75 57 32
60 24 8
72 59 29
17 89 58
81 22 13
3 76 27
7 81 44
88 67 50
45 70 91
4 85 3
64 73 39
38 62 45
61 72 35
35 41 22
39 60 11
81 91 99
45 29 39
13 61 97
69 85 81
3 76 23
56 25 12
44 41 15
95 79 49
65 69 83
38 41 7
60 12 53
50 34 51
59 23 7
60 50 91
96 59 63
67 39 90
29 81 28
75 29 84
89 43 80
79 89 23
66 7 11
1 30 68
85 78 78
67 83 79
28 76 93
74 87 77
67 33 18
28 62 95
68 13 50
38 48 99
29 37 31
30 82 43
67 7 52
95 60 62
59 16 48
0 42 77
42 84 37
72 99 39
0 52 48
28 56 42
52 34 91
9 36 38
48 89 89
62 46 97
61 43 41
62 29 4
2 46 99
28 12 90
57 1 58
34 82 38
37 69 4
56 62 28
89 50 86
92 51 53
35 82 38
93 26 28
46 6 50
44 80 10
26 53 35
51 47 98
64 70 75
65 76 77
65 38 14
24 84 60
85 69 14
98 72 93
75 51 7
32 84 52
49 89 93
52 81 3
73 87 83
62 76 22
45 19 70
77 2 49
31 1 92
79 37 13
99 54 63
43 19 36
63 98 91
23 63 32
66 9 55
50 84 0
64 78 75
73 90 77
72 83 92
27 84 24
44 8 48
88 82 76
47 19 72
20 57 37
1 90 54
92 61 50
70 6 9
41 17 34
28 68 13
19 91 51
74 69 82
30 24 42
56 28 67
79 38 22
70 99 80
22 50 80
97 67 97
4 55 80
85 64 80
70 96 41
81 21 21
62 26 5
32 90 23
28 64 40
11 93 29
83 26 19
67 72 40
4 83 60
1 11 47
24 86 23
32 65 0
34 59 15
40 94 51
17 37 20
71 89 77
84 66 81
83 23 21
30 66 84
9 80 41
66 72 78
9 43 90
79 9 72
38 56 87
15 85 57
4 84 61
42 42 21
13 98 31
27 43 6
92 74 42
3 83 5
91 28 27
27 35 29
55 65 5
43 17 37
70 40 50
89 13 56
42 47 5
30 10 88
95 12 51
48 30 46
37 68 53
28 55 80
58 33 87
42 44 5
78 8 74
11 87 56
66 97 41
73 83 94
28 59 29
45 85 37
10 97 27
31 2 93
12 90 49
71 23 10
52 58 38
87 63 78
82 87 18
38 42 8
44 48 7
68 26 12
7 70 12
24 8 8
80 22 14
99 51 52
33 76 50
79 59 66
15 89 58
4 71 47
76 65 73
74 93 71
94 44 76
9 85 14
87 49 57
83 86 85
74 78 2
28 31 14
69 38 86
83 85 85
65 0 91
59 51 32
47 74 6
84 70 94
25 61 32
43 83 36
74 51 8
72 39 21
83 22 20
30 74 48
37 83 77
32 88 25
98 82 45
22 15 13
89 65 51
71 62 30
58 26 88
45 69 90
60 50 35
44 78 9
68 71 41
19 61 96
40 20 70
62 28 6
89 55 3
56 60 35
89 85 84
3 98 25
89 18 23
29 54 79
66 68 36
31 9 88
29 62 99
20 45 8
0 26 65
29 16 42
30 82 57
29 11 12
66 77 73
31 18 43
41 25 39
46 11 51
51 56 50
91 18 22
88 11 48
71 0 14
24 51 82
50 39 94
67 6 12
67 2 88
32 60 1
72 24 11
6 71 15
54 65 6
51 69 2
23 7 9
59 41 7
85 77 76
28 14 84
0 88 67
74 80 3
27 9 8
50 55 46
46 84 10
96 71 41
85 55 63
42 17 33
52 58 40
48 4 95
68 2 92
84 64 64
57 15 3
89 18 22
65 13 46
45 19 68
28 71 91
25 8 86
50 2 92
81 50 5
55 63 2
87 53 3
13 76 41
59 97 0
8 85 59
70 87 84
64 34 14
52 67 30
45 37 62
82 25 18
86 71 44
35 43 7
2 73 14
83 84 79
46 40 66
12 77 31
41 37 62
58 54 33
83 22 15
75 48 10
53 66 45
25 57 32
1 26 63
24 75 42
9 69 16
56 24 14
83 38 28
62 59 3
39 66 41
96 51 43
21 77 32
14 90 59
58 16 2
96 50 54
27 8 1
86 53 61
8 9 61
88 38 76
53 24 18
46 99 28
43 94 24
32 26 38
22 24 85
87 52 6
8 78 13
2 53 29
0 70 49
60 30 5
61 6 44
26 9 89
82 68 82
0 89 70
24 45 24
27 57 53
55 23 10
23 76 46
7 27 8
87 80 81
62 73 90
52 59 28
71 75 75
49 32 48
98 71 43
74 92 72
65 39 14
28 29 37
12 88 49
73 76 67
16 38 61
26 6 7
0 62 10
68 99 11
63 93 71
52 89 95
31 63 83
91 32 73
74 36 15
59 78 34
2 20 14
54 60 41
15 89 18
73 91 76
24 33 33
9 66 65
37 65 43
51 62 28
0 88 60
71 23 16
44 86 37
46 13 77
43 84 6
44 18 37
1 55 62
13 84 14
45 84 8
76 49 11
67 80 39
12 84 49
84 16 92
89 45 76
70 66 30
0 50 81
96 51 95
68 0 84
23 35 18
86 14 50
40 92 49
58 15 7
63 98 39
12 9 59
8 10 56
46 42 85
25 33 16
23 15 94
76 70 77
82 68 13
47 63 89
32 40 9
5 49 29
68 27 47
68 38 92
68 33 7
40 29 40
34 69 50
66 33 17
69 43 85
62 46 11
33 61 47
92 53 62
2 91 16
57 69 6
64 39 11
74 95 76
96 14 55
60 15 49
92 36 72
14 83 12
80 68 83
75 55 22
72 93 85
40 49 94
34 68 2
67 81 93
28 33 14
66 99 43
75 88 91
99 48 90
33 86 60
15 38 61
89 20 18
67 98 42
76 40 4
21 56 96
1 73 47
41 43 9
57 74 38
56 62 31
48 22 69
33 85 26
99 46 51
48 39 92
28 20 42
62 3 42
14 15 55
46 85 50
78 90 24
61 14 11
30 74 49
98 67 60
28 70 51
25 51 46
43 88 35
29 72 47
41 20 79
5 35 75
29 78 51
12 89 50
45 33 40
25 15 85
82 85 75
31 64 1
8 47 86
80 7 76
76 92 23
23 9 86
23 73 41
47 35 43
65 48 10
48 40 88
84 36 74
90 70 95
49 84 8
83 23 25
42 42 16
26 59 31
55 96 44
20 31 32
59 15 7
73 34 14
49 21 69
95 47 80
84 69 45
57 44 5
23 34 27
75 70 78
4 51 29
52 24 46
7 32 50
17 76 35
29 59 29
63 12 10
98 66 98
48 83 0
64 71 74
5 69 91
31 74 48
39 35 90
29 56 39
91 14 58
27 13 84
42 47 2
57 99 13
64 60 2
13 33 58
92 72 98
32 71 90
24 53 38
14 77 40
64 34 18
12 10 60
85 72 94
46 70 92
10 39 36
7 73 13
84 85 15
79 41 13
78 62 69
87 69 14
85 55 6
85 77 75
89 18 19
69 72 38
82 83 73
54 89 97
4 86 2
98 46 45
57 41 2
74 4 48
64 69 84
56 25 11
3 42 78
3 87 70
16 58 95
44 47 25
75 51 13
80 88 23
59 50 0
23 54 41
50 88 96
95 55 63
39 14 32
23 57 75
38 59 43
59 30 90
5 75 19
99 1 23
28 5 99
22 64 85
4 54 79
43 45 18
67 4 42
77 40 10
59 51 35
68 99 85
54 24 12
95 18 48
25 10 89
25 50 45
57 25 6
6 7 57
57 32 90
37 21 36
54 46 99
86 48 8
41 17 68
90 3 29
2 87 63
3 47 86
99 63 59
54 68 7
74 93 42
32 66 98
86 51 5
59 41 44
24 32 32
99 70 44
30 85 57
67 47 36
89 37 77
29 69 89
64 0 44
29 42 4
74 59 31
10 86 54
82 41 22
9 25 5
76 97 94
47 53 90
38 49 22
59 53 31
74 25 8
31 62 47
61 55 36
78 33 25
6 57 98
72 34 15
90 43 79
86 75 89
5 32 72
61 23 7
45 66 97
3 25 64
5 82 42
47 18 70
79 42 18
51 81 0
57 44 2
24 9 10
6 10 64
26 36 20
61 49 91
5 1 23
66 1 93
25 54 40
30 67 86
45 39 29
48 99 26
48 31 45
33 69 50
31 67 52
24 74 34
69 34 19
39 94 55
86 76 90
74 27 9
18 57 80
32 15 86
33 69 40
66 70 79
26 64 0
46 23 70
74 57 31
10 41 36
29 9 95
28 6 0
21 86 56
99 66 60
62 66 37
13 10 56
62 13 12
98 62 58
34 29 42
58 1 59
90 65 53
94 64 58
55 62 30
88 29 22
73 81 70
53 27 9
32 64 48
63 80 16
31 70 46
65 81 39
70 92 86
24 75 92
57 20 14
36 59 14
33 85 59
54 27 8
33 41 6
37 41 24
22 72 36
4 35 49
77 41 9
52 67 92
7 68 15
26 15 84
6 82 9
1 65 58
78 36 26
80 97 93
94 51 47
46 15 54
73 48 9
44 26 34
49 87 97
27 87 59
1 53 48
60 19 42
98 22 90
88 70 43
94 68 93
12 44 87
28 78 49
36 62 57
16 12 79
10 85 48
97 70 93
36 60 87
97 50 98
10 37 38
45 71 91
63 79 76
34 68 50
46 70 94
87 29 82
42 95 25
94 12 52
1 37 51
3 81 14
76 69 80
56 73 37
47 87 92
27 67 90
83 86 18
3 33 75
40 44 19
5 23 10
73 92 70
27 55 40
63 68 34
71 30 14
69 99 86
41 46 16
82 23 16
25 11 95
90 17 17
77 92 77
26 70 92
30 64 84
96 73 45
43 73 88
67 8 59
79 50 16
10 93 24
22 72 40
30 24 41
73 64 32
60 55 36
76 52 17
74 97 93
98 13 48
58 57 35
45 69 0
38 87 34
26 76 46
58 72 38
55 0 1
43 30 37
68 1 12
69 28 5
85 23 21
99 76 16
72 50 12
98 86 46
29 84 27
48 4 93
58 6 60
64 81 19
18 6 88
28 42 7
25 68 92
14 77 34
87 52 61
46 38 64
29 68 12
20 79 33
31 57 40
97 10 47
98 73 40
46 38 85
6 33 50
4 23 12
31 23 40
85 22 14
27 8 5
58 51 97
6 55 78
45 69 2
82 49 8
96 13 54
80 73 18
95 20 47
52 1 0
50 98 98
9 92 23
86 70 96
78 28 19
8 31 49
24 55 41
10 89 23
31 0 91
39 47 0
66 49 39
21 74 45
31 72 89
8 36 39
67 16 46
80 39 11
67 5 8
76 57 23
65 7 51
85 26 22
2 78 11
89 30 26
91 31 73
23 63 84
11 83 61
26 13 94
37 86 53
85 74 16
2 56 62
2 61 53
14 5 42
6 84 9
1 72 14
35 66 9
54 65 44
56 62 34
10 94 31
39 58 87
71 22 8
78 52 4
14 89 52
81 86 18
60 33 88
68 69 34
30 13 7
88 43 73
69 37 52
65 79 40
48 44 9
32 64 83
56 21 15
93 37 77
98 53 54
46 10 50
40 30 39
41 64 47
38 82 51
79 74 73
50 62 95
37 68 5
78 91 98
40 17 34
30 13 86
71 89 76
85 69 95
68 41 81
42 21 33
9 69 11
76 90 72
67 1 91
73 19 17
90 70 97
39 15 34
70 5 14
52 58 43
10 26 6
97 62 62
56 32 89
82 21 13
40 92 46
0 73 16
99 43 77
45 98 24
62 43 42
60 77 34
75 52 15
14 58 21
97 87 49
51 83 1
53 46 98
97 73 41
25 52 39
41 55 17
3 38 50
73 79 4
59 70 39
92 61 58
63 10 60
40 54 17
28 75 19
84 84 14
89 52 62
20 14 11
98 51 94
10 44 89
65 47 0
2 68 43
33 79 49
37 98 81
38 61 18
77 87 69
79 46 5
31 22 41
42 57 89
75 31 84
86 49 58
39 36 91
7 8 56
26 64 92
93 1 30
5 85 11
39 83 51
75 38 18
47 35 85
71 39 20
17 34 62
49 75 7
45 65 96
66 99 47
61 34 88
75 34 15
30 12 87
11 44 89
23 50 43
57 11 42
88 66 50
55 96 0
53 92 98
68 20 10
54 77 53
69 7 8
81 93 75
97 69 52
99 48 49
86 20 53
8 85 53
47 83 11
59 10 42
27 73 36
64 46 10
62 94 92
3 47 90
38 87 33
14 34 65
2 44 49
99 46 93
43 26 34
99 14 47
2 66 64
57 19 7
21 15 14
45 17 72
65 75 78
55 63 29
24 59 31
52 46 97
62 70 37
72 98 85
50 32 35
59 55 34
1 90 59
74 45 8
29 80 57
2 54 61
91 32 80
87 66 1
2 25 7
2 88 59
1 75 47
52 71 3
68 92 90
16 93 86
34 12 11
37 69 6
10 37 39
46 77 8
82 85 17
30 79 58
49 63 91
68 66 33
52 43 94
8 9 57
59 5 59
7 31 48
26 55 41
53 59 38
26 56 33
38 88 50
26 65 98
52 44 6
3 1 22
77 70 78
23 27 9
81 89 16
44 81 9
70 87 80
46 21 72
25 77 89
78 31 14
57 43 3
53 83 10
54 39 3
52 41 94
26 57 96
0 20 16
43 19 70
17 56 81
13 45 86
96 62 62
41 63 54
87 74 94
18 39 15
5 15 63
3 24 7
58 26 7
40 62 45
27 60 30
11 94 31
53 27 19
58 52 36
80 51 0
54 45 94
35 85 26
73 65 33
19 38 16
72 46 11
68 97 94
91 25 30
29 75 18
67 79 80
2 90 9
71 85 92
7 35 49
65 61 5
6 24 12
64 41 44
98 91 53
84 84 19
30 58 75
45 61 88
27 10 95
70 1 14
69 8 14
65 15 47
23 37 26
57 50 98
2 13 51
23 85 59
29 69 90
88 28 21
31 11 87
47 15 69
43 72 89
78 60 66
68 73 42
29 64 95
0 79 47
96 86 48
47 20 71
9 32 69
10 38 36
57 94 96
91 48 81
90 16 58
84 77 18
42 22 38
99 36 50
31 81 56
49 3 93
72 37 88
8 78 26
76 50 4
32 17 39
54 91 93
1 31 75
14 86 16
82 83 80
26 88 60
91 3 30
81 25 23
75 97 95
3 53 27
38 8 47
28 78 47
53 62 27
74 49 3
23 66 87
1 44 78
11 94 28
59 32 87
86 46 75
23 9 95
74 48 6
28 66 80
87 39 75
0 92 11
87 82 16
12 34 48
48 32 43
88 42 70
46 56 92
0 63 53
95 17 48
70 35 17
6 1 28
2 77 19
43 32 92
96 52 64
1 46 78
53 39 2
4 75 47
65 98 89
83 72 95
80 41 17
30 28 37
85 45 76
9 85 27
48 84 6
33 69 1
90 68 93
23 8 9
81 38 26
67 34 1
83 76 44
40 51 94
72 95 69
98 63 63
40 42 17
78 98 93
29 2 89
64 38 6
39 87 32
28 41 5
33 66 95
1 47 91
8 7 55
31 18 40
53 59 45
55 75 53
72 96 83
89 13 55
55 50 98
16 35 61
75 56 22
65 41 87
2 75 15
91 64 52
2 97 26
0 41 54
22 12 8
51 3 93
83 84 76
85 73 20
34 79 54
37 61 12
99 49 50
43 90 35
22 75 44
36 51 19
66 99 40
98 47 49
57 43 1
17 35 60
78 31 15
64 5 60
75 2 48
48 88 41
66 25 13
68 39 8
49 96 1
40 60 43
36 88 49
54 67 46
87 72 44
6 40 52
0 34 47
73 53 26
47 88 98
81 57 65
50 41 86
63 4 43
46 84 36
15 35 64
35 70 3
72 81 0
80 49 18
68 34 2
60 29 87
1 76 17
65 78 78
52 27 10
66 16 48
92 21 22
98 68 55
30 67 11
26 89 38
15 89 60
85 63 62
2 30 67
36 41 5
48 37 88
83 24 17
25 55 34
4 53 82
36 64 10
25 29 12
13 91 59
21 67 88
35 64 58
47 37 94
39 14 33
64 23 59
47 88 93
42 91 34
24 53 42
66 48 37
84 70 15
43 45 15
32 39 22
22 52 39
15 76 36
68 43 83
9 35 52
58 75 37
36 60 89
60 42 41
61 6 43
80 37 10
79 50 18
68 29 74
24 32 35
37 9 48
39 27 39
34 86 49
79 23 19
80 22 20
40 47 9
77 48 10
71 94 66
11 90 23
30 3 89
46 14 76
64 36 86
64 91 99
18 79 33
74 85 91
37 54 16
91 54 59
46 42 12
25 80 45
93 47 80
26 64 85
31 68 87
39 49 10
68 84 80
38 98 13
17 36 59
49 67 30
71 89 86
46 87 40
34 69 5
44 16 78
68 0 11
39 93 50
65 36 8
27 59 53
63 60 4
12 95 28
6 31 69
14 90 20
39 69 5
4 45 81
77 59 66
5 34 49
68 92 65
50 36 27
35 82 53
34 68 6
16 35 63
80 11 73
85 28 83
73 83 93
5 84 13
84 85 79
37 29 41
5 63 61
63 68 79
49 65 94
3 87 59
21 59 39
25 10 70
45 84 48
54 41 5
48 19 70
63 29 87
1 92 58
34 65 6
1 45 44
44 40 45
54 93 92
56 19 12
86 81 76
43 79 9
94 19 49
69 30 18
7 31 63
99 16 47
10 31 63
1 88 70
96 51 60
79 92 97
65 78 43
3 26 5
14 89 13
3 75 16
95 13 52
23 52 43
72 81 3
60 44 45
50 49 98
94 27 28
71 98 80
69 98 81
56 18 8
0 38 50
42 33 93
76 91 76
27 89 60
39 39 23
63 96 92
86 82 78
93 17 44
19 57 76
53 26 49
26 12 94
13 88 53
42 24 38
93 64 51
41 46 5
37 42 5
28 10 68
39 57 89
18 37 61
73 31 17
4 76 23
27 65 84
0 91 13
18 39 60
5 41 51
28 83 27
31 85 53
15 88 18
12 95 30
82 61 67
84 71 94
39 90 48
31 60 30
52 98 99
4 75 24
44 16 73
29 12 8
48 55 91
16 87 54
28 46 43
18 53 82
23 11 9
79 50 2
58 71 38
61 2 58
26 74 48
45 43 10
86 54 61
56 42 4
62 26 11
63 71 40
42 43 19
26 32 32
26 85 25
42 35 91
48 36 26
42 34 91
1 74 45
9 10 58
66 40 15
46 22 73
46 40 81
48 82 3
68 22 14
75 99 45
87 20 52
7 87 14
85 18 54
49 82 0
78 97 98
65 89 68
4 68 64
91 16 48
65 5 88
72 43 88
62 42 88
48 31 51
72 63 31
34 60 48
51 60 28
19 89 53
6 7 62
80 39 18
27 65 83
10 40 37
99 30 68
22 57 95
1 56 0
69 2 91
98 28 67
51 70 3
11 87 27
4 43 53
46 38 28
68 65 32
45 16 75
83 82 80
80 65 81
29 34 90
18 88 52
9 30 62
83 69 14
15 36 62
24 71 35
67 25 5
30 20 42
64 23 58
21 85 55
22 65 84
36 88 46
32 9 80
68 44 85
83 38 27
39 29 41
30 72 41
24 77 46
14 11 57
52 25 19
44 45 17
31 38 21
18 57 78
66 89 66
3 66 60
94 45 77
23 32 29
16 34 59
6 74 15
25 8 89
6 78 14
66 5 43
25 87 60
30 68 51
87 30 20
20 40 60
25 77 45
81 87 19
33 89 24
7 67 64
11 87 26
71 90 79
31 42 5
49 82 3
2 42 51
27 58 52
61 48 0
67 71 80
72 77 76
8 86 20
60 61 7
93 80 72
61 3 57
50 64 92
5 64 62
5 43 90
28 58 76
49 1 95
36 47 96
11 76 43
48 85 3
93 54 63
99 48 45
31 7 88
77 51 3
72 85 93
44 43 9
88 13 51
6 31 63
43 15 37
86 70 14
30 78 52
77 48 2
67 9 53
69 74 81
55 44 5
56 23 11
46 70 93
29 22 41
1 69 43
14 14 80
97 14 56
83 65 62
39 46 2
60 70 35
50 54 49
89 51 84
93 3 30
61 23 5
56 15 7
10 32 70
25 5 9
51 27 46
49 89 88
13 58 20
77 92 97
85 55 47
83 56 63
65 98 40
30 59 30
10 76 32
32 69 88
2 65 10
67 2 11
98 45 80
34 86 59
88 71 94
75 68 76
28 16 42
37 58 13
65 77 72
98 7 91
99 40 54
77 41 5
9 98 26
47 37 85
30 7 89
85 87 81
18 36 20
98 80 46
44 98 26
0 15 49
67 69 37
52 26 18
86 54 6
56 44 94
16 61 96
68 29 6
17 95 24
93 70 99
99 69 62
8 43 91
54 26 8
27 36 15
97 13 47
88 70 54
27 84 26
2 67 50
9 8 56
54 34 88
59 96 98
60 16 8
47 84 3
79 45 6
44 36 64
62 30 88
37 80 55
65 87 70
99 32 70
74 77 67
87 14 51
7 88 18
62 31 88
25 85 59
63 11 60
46 88 48
71 90 89
24 34 17
26 64 95
91 12 58
2 46 82
32 13 81
86 73 16
2 34 50
23 8 94
58 97 41
83 89 17
27 11 85
69 68 33
72 36 16
81 60 67
8 81 40
45 54 86
97 71 94
65 67 83
48 29 45
48 84 7
62 47 99
85 77 91
45 68 96
0 55 62
70 5 47
73 62 32
62 99 91
48 30 52
83 70 93
26 35 23
71 33 19
30 40 8
8 75 30
92 54 64
23 72 39
86 84 81
87 82 76
93 28 27
39 43 20
4 98 25
20 38 14
32 53 11
61 3 44
10 24 4
87 83 80
96 54 61
13 62 99
29 82 27
98 86 85
65 66 82
63 11 45
95 51 53
13 16 82
10 35 51
67 2 83
26 80 28
1 50 49
15 37 58
70 23 6
6 51 32
68 19 12
65 88 72
54 1 2
79 90 73
44 83 47
31 84 57
64 89 68
24 15 93
82 82 18
36 62 10
11 86 28
97 84 84
17 38 63
44 17 77
78 70 77
92 52 49
93 22 22
95 65 54
30 14 9
0 19 13
20 87 55
65 99 93
72 86 91
66 76 71
41 53 37
98 52 98
86 67 57
66 28 71
0 22 13
85 76 17
32 65 49
11 23 8
50 78 8
39 88 51
71 70 43
5 85 1
47 43 84
3 73 47
60 49 1
82 0 36
9 91 22
51 36 89
24 32 34
66 66 84
52 80 0
94 75 47
25 15 43
96 68 58
68 99 91
7 87 19
59 50 90
13 9 62
13 90 21
47 18 72
89 43 72
47 28 43
26 89 58
54 69 46
41 59 59
52 26 47
93 49 80
54 21 12
42 85 7
37 64 55
39 92 46
12 37 38
13 90 15
24 17 85
70 2 12
37 47 94
59 25 8
24 28 8
0 83 13
27 30 13
33 15 84
38 91 46
12 33 57
22 12 88
51 63 88
23 54 39
9 17 4
80 91 74
0 48 82
44 54 86
86 79 80
93 64 61
24 62 31
56 1 59
68 96 40
47 36 95
55 67 43
27 30 34
31 2 59
30 17 42
93 18 45
85 21 19
39 57 16
98 32 69
70 25 10
45 61 90
15 90 19
46 36 42
63 69 76
2 46 92
93 38 73
82 77 45
31 16 38
84 50 5
91 66 54
89 30 27
98 11 47
66 40 87
31 61 46
20 36 18
18 86 50
77 98 98
62 98 92
90 40 78
0 50 49
33 64 48
59 25 10
36 48 21
88 65 47
76 88 71
91 62 51
85 73 93
35 44 95
74 49 4
72 65 30
3 87 7
94 53 63
40 67 5
49 43 7
53 36 87
1 74 15
72 87 84
72 81 4
60 32 88
69 27 61
8 87 16
15 83 9
90 35 75
99 81 47
7 76 27
43 68 98
99 74 44
33 14 85
99 69 53
99 29 68
80 61 68
6 64 63
95 61 61
81 83 74
92 53 61
66 38 10
32 87 25
46 61 89
66 40 86
42 19 78
75 28 83
44 16 30
64 1 94
86 13 49
69 99 93
24 85 58
34 80 41
20 64 94
31 10 81
91 50 82
77 40 18
61 32 87
36 63 45
16 13 78
47 85 7
38 48 98
81 59 70
42 17 70
84 84 16
3 90 15
65 45 0
56 66 3
69 24 5
7 80 11
60 68 39
85 54 48
85 81 78
5 49 31
57 52 0
66 86 83
86 74 19
83 69 45
72 87 78
7 85 15
24 68 90
36 63 57
10 68 11
78 54 4
67 20 11
30 65 79
33 82 44
69 44 84
65 10 54
83 57 65
58 97 1
25 8 3
83 77 19
66 80 39
94 48 81
24 9 8
85 27 70
91 30 25
38 48 86
71 97 41
63 10 61
55 66 4
66 81 79
60 91 69
73 46 87
89 51 85
41 46 9
1 45 98
60 24 5
95 29 28
53 38 1
69 35 3
71 35 16
91 69 92
34 70 0
31 71 40
61 69 37
45 98 28
10 34 63
1 53 97
61 61 6
9 72 21
32 99 91
46 33 41
31 80 40
71 44 90
6 82 43
59 43 6
30 14 82
89 30 22
12 87 52
85 84 76
2 47 84
62 67 37
84 75 45
72 35 52
53 40 2
7 46 87
42 19 77
74 35 13
51 97 97
42 16 36
37 91 49
29 5 91
8 65 65
41 48 3
21 67 89
48 64 90
83 72 17
96 69 93
51 65 94
63 37 87
77 49 5
38 19 70
49 35 50
55 25 13
21 57 96
3 76 17
28 67 89
93 75 45
43 71 85
0 91 53
95 69 50
86 83 77
65 80 88
38 46 94
95 21 87
50 62 88
36 50 21
91 54 60
13 38 39
97 50 54
44 62 87
27 10 68
67 98 39
68 33 5
31 7 9
96 80 47
38 20 72
31 54 12
85 15 49
68 11 54
18 46 9
40 64 54
19 77 34
92 8 6
67 35 9
24 55 96
34 62 58
29 26 57
63 82 80
82 13 40
99 49 89
46 70 6
2 91 17
85 82 78
47 31 50
88 67 1
56 70 5
43 41 16
74 73 76
65 60 1
0 28 65
3 62 63
0 13 49
36 64 44
97 6 92
25 10 7
1 82 13
23 34 16
32 86 26
36 81 54
62 75 78
11 87 13
29 7 9
72 91 78
97 59 65
14 37 59
59 45 1
28 11 7
0 49 45
81 40 18
44 65 96
47 86 97
50 37 95
95 34 76
73 81 69
57 59 36
12 74 37
55 23 13
35 80 55
88 19 51
24 60 32
89 83 78
27 54 35
44 38 63
43 58 90
2 70 49
91 52 83
12 61 0
8 22 11
76 90 77
4 67 43
72 98 40
99 12 30
65 77 42
88 70 42
64 91 94
48 77 8
22 56 75
40 95 25
28 32 15
29 8 97
40 48 23
1 46 86
80 26 19
23 76 45
26 91 58
33 72 0
42 63 47
73 26 18
39 51 17
0 49 79
24 78 44
9 89 13
9 86 58
53 45 6
39 20 71
68 40 88
95 45 78
63 69 36
4 31 46
5 75 24
34 86 26
7 47 93
94 12 57
69 26 4
6 46 88
49 78 9
43 19 35
21 36 2
89 44 74
52 26 16
63 73 76
59 51 95
14 8 61
51 25 46
98 88 50
13 89 51
12 90 58
63 91 67
27 15 42
54 27 18
79 62 68
2 87 65
80 83 76
59 6 44
30 80 56
1 20 12
56 20 13
98 45 81
31 39 7
14 88 56
44 18 69
83 58 63
96 51 46
47 41 66
72 89 75
0 18 14
34 85 26
65 6 87
36 86 27
64 90 1
68 48 99
93 74 42
52 74 6
86 27 22
8 26 10
61 29 6
25 74 92
86 54 1
75 72 78
71 0 88
59 3 58
45 40 81
43 45 2
6 76 25
62 68 80
86 68 55
14 49 88
1 71 45
64 60 5
36 49 22
50 40 84
92 13 57
67 21 9
4 0 23
11 92 23
81 8 77
36 46 94
45 45 1
74 76 3
40 56 17
47 83 35
11 77 31
65 49 9
10 73 37
12 61 98
89 32 26
87 53 59
82 95 74
81 62 66
33 64 50
29 16 55
40 43 5
42 48 24
45 88 44
25 58 77
60 50 99
80 52 5
93 35 72
87 75 92
4 56 97
88 64 77
74 33 14
90 51 83
60 8 43
51 79 0
5 85 62
9 20 8
24 28 9
45 70 5
67 40 7
99 86 48
71 36 19
43 43 10
50 72 4
94 34 73
64 75 42
6 7 55
77 71 77
80 0 96
50 68 3
57 19 11
67 2 93
65 35 15
7 83 47
5 46 91
39 34 89
30 58 40
89 19 15
69 87 86
29 23 41
54 63 28
97 72 44
60 42 43
44 88 48
60 48 1
57 62 35
76 36 11
71 28 12
66 77 77
91 19 22
85 65 65
92 70 93
55 44 95
95 63 57
62 9 57
78 67 81
44 66 98
81 62 64
99 16 45
64 81 13
63 66 32
26 7 6
65 6 10
80 37 12
38 66 40
38 19 72
59 5 16
31 82 42
5 41 53
56 17 4
73 58 30
7 82 49
65 31 86
48 73 6
21 32 31
30 85 26
75 89 71
38 36 89
98 42 49
93 64 50
29 59 75
25 14 94
21 49 79
3 84 4
4 24 65
85 23 18
7 70 15
83 70 94
42 41 62
23 51 43
6 46 92
87 52 58
54 63 3
1 20 14
78 44 7
72 24 17
94 54 62
72 94 42
55 88 0
31 15 39
43 7 47
8 27 9
38 59 11
84 83 77
60 11 56
40 49 93
68 24 5
11 86 30
60 52 97
56 76 87
43 88 32
24 11 93
4 74 11
62 41 89
1 64 60
26 31 10
11 34 56
64 86 64
69 98 82
16 62 97
85 70 46
37 57 87
60 68 41
83 85 78
7 6 57
86 44 82
62 70 36
90 19 18
76 91 22
64 69 77
90 18 24
30 83 58
59 54 37
25 29 10
14 49 89
61 96 41
24 32 28
10 18 5
59 61 7
72 80 71
21 34 23
68 39 6
0 69 52
73 94 77
80 31 16
4 85 12
71 98 42
39 86 51
49 44 42
37 47 97
78 63 67
15 73 39
34 40 23
53 82 2
73 76 75
88 22 14
67 81 75
82 49 6
65 81 80
24 71 39
44 41 44
87 49 59
7 42 54
45 87 38
30 34 88
81 22 21
32 69 46
30 73 46
63 12 60
51 9 57
3 69 49
42 93 24
12 74 39
5 45 88
59 12 17
80 37 23
39 52 90
99 43 51
57 43 5
37 60 13
41 16 69
83 41 21
25 64 85
32 68 99
88 29 78
33 81 55
59 1 60
97 67 52
15 87 55
84 21 15
1 51 49
73 37 19
2 46 91
65 99 41
30 10 87
4 68 91
35 81 39
30 79 39
44 15 74
69 1 13
7 99 28
60 43 48
86 71 46
33 66 5
22 63 95
38 3 49
23 11 87
78 97 95
88 21 17
1 28 66
1 52 96
74 38 16
77 90 23
27 75 47
31 27 38
62 35 89
47 89 43
73 60 30
47 37 26
94 20 48
30 75 48
32 41 4
80 52 4
16 36 21
1 43 79
39 22 53
77 43 5
70 34 15
60 53 98
17 4 90
52 64 8
8 80 45
28 65 85
41 19 69
12 45 88
6 68 16
13 97 30
28 9 67
44 88 46
8 86 15
4 24 13
59 14 10
65 69 37
8 48 94
7 57 28
78 38 11
52 82 99
28 83 59
99 14 49
33 11 10
20 15 10
21 57 38
39 15 37
6 50 30
68 41 48
53 42 6
14 73 38
41 55 88
26 56 94
60 42 6
35 63 58
12 89 22
78 48 6
71 37 87
56 60 4
87 18 54
41 35 90
66 41 16
3 20 10
48 38 84
51 4 92
62 92 98
61 80 18
43 66 95
67 95 39
36 28 41
54 38 3
72 38 19
90 44 77
98 85 84
91 61 58
30 19 40
51 24 50
71 76 77
1 35 49
9 34 52
0 49 94
56 49 98
78 74 74
86 70 49
29 65 40
61 45 9
78 69 75
89 29 85
32 16 85
79 91 97
39 48 23
91 64 50
70 93 67
24 54 37
89 29 79
64 94 70
45 63 87
7 68 13
32 13 72
23 44 24
38 49 94
50 64 95
17 56 79
39 65 48
87 71 44
3 67 43
0 87 48
35 61 49
57 95 95
47 42 43
48 9 48
6 98 29
63 88 64
40 21 38
34 76 49
91 37 72
24 34 23
24 70 63
3 59 63
79 51 3
61 71 36
40 86 33
77 69 76
46 87 96
83 68 93
79 43 16
4 79 32
97 53 63
27 65 96
97 19 91
25 76 91
40 85 33
74 39 3
40 63 57
63 93 70
23 33 33
62 26 4
76 51 8
69 72 42
26 31 31
66 90 90
44 18 74
26 66 92
3 65 64
6 47 89
31 68 10
41 65 6
3 65 60
62 90 73
92 9 7
5 85 10
22 58 39
53 58 36
2 88 8
26 58 78
39 20 38
94 63 62
29 76 17
26 78 89
69 11 51
24 27 7
64 10 62
43 14 73
64 61 1
44 73 88
12 86 29
87 14 54
45 89 45
95 22 86
25 36 24
49 65 89
4 73 12
75 49 5
62 73 37
63 91 73
28 64 94
86 64 79
0 63 59
47 66 95
24 10 89
12 77 42
4 86 9
63 16 47
8 42 22
60 17 7
70 10 52
25 10 8
44 16 75
89 31 85
28 16 84
85 28 23
62 97 40
39 44 6
88 28 80
6 66 63
98 42 52
32 15 71
42 46 3
70 50 98
97 65 52
85 14 50
37 59 46
53 45 5
8 80 43
77 57 25
86 54 5
82 24 24
12 91 22
90 18 25
99 22 14
14 61 98
39 96 54
19 39 15
49 64 97
13 12 57
48 32 37
1 21 14
42 8 49
53 88 98
98 62 55
30 78 49
80 60 66
29 31 34
84 84 84
62 28 87
85 69 49
72 44 90
11 24 7
24 34 31
40 66 6
8 29 72
47 32 44
19 39 59
1 71 48
35 76 48
46 86 40
82 88 20
54 98 42
35 81 44
3 23 66
87 66 99
64 99 90
26 73 93
76 93 98
29 58 30
10 21 9
34 77 37
66 39 15
65 46 10
53 27 16
34 78 38
54 76 97
80 56 65
28 65 81
69 41 89
40 59 11
73 88 78
75 32 15
37 59 17
95 18 50
2 43 79
97 50 44
7 64 64
30 23 41
94 1 31
1 74 46
15 74 39
60 60 4
92 17 47
65 39 90
68 8 52
8 78 43
95 67 94
61 73 39
76 67 75
28 54 40
55 29 68
42 40 62
97 84 45
10 52 15
40 92 47
9 84 47
32 69 96
12 87 49
23 86 58
72 96 72
0 47 50
80 9 78
2 54 98
85 72 46
25 16 84
1 2 22
35 58 17
29 78 16
28 9 96
4 74 17
32 70 40
58 75 36
78 47 5
11 41 37
51 33 35
68 77 72
0 91 52
79 30 18
32 16 42
55 41 4
41 72 7
39 52 18
73 75 76
42 39 19
86 73 94
1 80 47
12 32 69
50 40 89
31 66 49
93 35 74
85 68 49
71 33 15
80 60 69
72 47 86
37 40 23
70 22 10
6 69 92
13 83 7
28 9 99
59 13 54
13 90 50
27 77 89
12 43 90
74 67 73
22 54 40
18 86 51
3 45 82
96 77 50
62 92 68
53 47 96
12 87 14
13 14 55
56 93 94
7 78 13
70 65 31
25 5 7
79 81 74
38 61 42
49 30 44
2 92 18
34 83 52
69 99 91
7 84 58
65 32 5
81 88 17
27 5 1
97 85 46
98 72 45
89 56 3
52 92 94
83 88 76
61 31 86
27 64 82
66 46 12
67 6 44
98 68 61
46 89 40
27 89 37
16 94 32
2 74 26
23 75 43
73 46 9
58 73 37
70 99 87
2 73 48
68 6 8
26 36 29
71 90 85
51 63 96
68 93 89
5 54 84
22 57 98
68 88 84
42 87 34
4 79 14
40 28 40
50 81 1
26 15 82
7 29 48
44 32 39
42 71 7
59 7 45
66 41 47
91 38 76
25 4 11
46 43 11
73 55 26
83 50 11
23 11 10
22 56 38
11 94 25
49 2 94
50 90 92
23 35 28
61 89 73
10 77 44
27 31 36
1 14 50
55 24 15
9 44 88
28 10 86
46 79 8
73 79 2
75 35 11
25 9 4
94 38 77
4 74 19
79 36 25
79 66 82
48 87 93
25 7 4
52 99 99
39 28 21
20 77 34
50 89 94
64 47 99
66 91 90
55 67 2
45 42 43
64 61 5
77 73 73
86 55 45
65 70 78
63 33 14
54 76 98
36 82 53
3 67 63
32 72 50
51 64 6
11 74 35
39 4 49
33 78 53
22 36 17
73 98 93
38 60 57
41 44 18
40 41 20
76 56 5
2 22 13
60 44 48
71 33 1
53 90 96
66 16 46
31 79 53
38 59 45
82 90 15
39 16 38
5 34 74
94 74 39
14 82 14
77 38 19
48 30 38
30 68 87
78 53 3
59 15 8
2 64 11
49 3 95
78 91 74
37 49 22
52 84 9
8 71 18
23 51 81
42 45 9
99 64 52
41 31 38
2 96 26
5 2 27
45 58 89
12 47 87
49 89 92
22 79 31
83 67 82
93 64 55
52 93 98
31 8 10
3 56 81
66 1 92
87 52 3
63 33 20
47 42 83
44 87 98
63 87 63
21 25 87
45 9 49
86 72 45
83 71 15
51 26 46
95 14 53
63 80 81
30 29 37
1 53 60
96 77 43
46 85 9
10 14 78
28 56 78
47 37 46
38 57 90
47 38 83
14 83 13
87 56 47
59 11 52
41 64 53
97 51 88
8 38 53
0 49 82
30 33 89
40 35 90
27 57 34
50 55 47
9 85 53
30 63 0
81 68 84
30 56 40
19 46 73
87 67 0
47 13 78
34 62 43
2 47 0
82 25 20
97 52 95
63 25 12
98 50 51
4 42 54
47 54 89
77 42 8
63 42 44
55 67 9
43 81 10
87 15 22
70 31 0
9 19 5
37 55 16
62 21 7
37 60 18
43 63 56
10 86 15
66 40 7
86 80 78
60 81 17
37 58 17
37 89 50
21 36 1
81 21 22
56 66 44
72 97 39
41 22 36
9 78 43
46 88 44
37 66 52
76 37 18
4 81 31
63 16 46
71 98 89
69 6 59
10 86 57
83 85 82
41 43 6
44 89 35
80 33 25
40 57 87
53 0 1
80 91 98
30 35 87
11 85 58
16 81 37
80 90 22
30 67 50
29 11 89
28 2 2
43 17 32
83 69 92
82 50 9
32 70 2
36 60 48
75 73 68
42 18 69
33 65 7
22 86 61
52 97 0
99 61 62
53 26 17
64 6 50
45 38 63
83 44 77
68 26 59
67 26 44
88 44 75
72 47 85
72 95 73
62 4 57
42 88 33
47 87 43
77 33 26
13 10 58
84 56 64
31 62 1
88 54 2
99 62 54
0 45 50
58 24 9
14 12 78
1 88 66
52 84 2
17 86 53
61 21 61
48 41 86
29 80 59
64 74 70
10 42 38
87 84 83
72 80 69
33 77 49
88 14 54
45 49 7
31 69 48
37 50 18
32 67 0
9 88 22
58 14 9
13 36 50
87 18 19
24 4 8
16 55 80
77 90 75
91 27 25
41 7 50
25 64 99
26 55 42
12 82 7
34 14 86
79 8 75
20 56 75
12 82 6
57 16 8
2 76 48
15 88 53
27 30 12
68 4 14
27 60 52
63 40 87
51 34 36
52 42 7
58 3 17
65 90 76
57 84 1
34 63 60
51 24 49
79 27 19
32 13 83
41 68 47
95 74 46
33 0 92
29 79 50
44 30 38
69 92 67
95 69 93
38 67 49
4 24 9
13 86 30
49 9 49
77 56 24
72 19 16
95 80 48
29 59 39
44 49 5
38 46 3
96 14 56
38 40 6
83 82 85
13 76 36
51 40 95
98 50 89
2 44 51
44 24 37
45 48 6
0 52 97
14 33 58
7 73 12
36 56 18
55 92 93
31 66 97
56 68 8
43 21 35
26 64 94
2 52 82
65 45 13
76 73 74
43 86 48
73 95 41
37 42 8
76 31 14
17 39 62
44 51 3
0 68 55
33 79 37
90 71 0
77 96 94
13 76 39
35 40 24
34 85 37
37 90 46
95 53 47
8 10 62
65 86 82
70 41 48
6 58 29
35 58 15
65 4 44
27 6 0
69 40 19
71 29 13
57 66 2
82 91 75
33 48 22
59 53 37
32 78 49
80 50 1
13 89 57
29 11 97
24 11 90
46 57 93
51 35 87
58 58 36
51 65 8
22 85 57
48 21 69
83 26 21
23 85 61
73 94 41
2 88 69
47 43 88
43 15 38
39 51 92
16 60 96
4 77 13
32 82 57
13 9 58
9 34 54
16 33 59
29 61 40
65 86 69
30 9 88
7 30 48
66 71 77
64 78 42
79 52 19
17 59 95
18 95 23
47 31 48
87 68 13
45 98 19
17 35 58
36 69 3
32 80 54
28 78 17
36 58 16
47 36 84
66 35 6
99 14 48
69 45 98
13 12 79
64 44 99
51 55 50
92 64 55
88 30 82
98 50 97
78 39 11
50 57 50
26 75 49
89 30 80
24 5 6
79 30 16
69 22 10
96 51 45
99 46 45
40 41 22
37 46 95
96 66 55
53 69 3
66 40 45
53 66 6
59 56 36
37 52 18
53 37 0
58 52 94
90 70 99
69 88 85
10 44 86
79 54 24
11 84 59
30 60 39
29 25 40
9 40 35
5 11 64
72 29 15
29 15 84
31 98 90
42 68 0
26 9 7
42 45 3
63 92 72
44 84 35
43 18 76
27 15 41
71 88 79
65 90 75
38 90 45
26 79 89
41 47 4
5 75 22
43 44 8
74 74 77
39 88 33
48 85 98
64 68 38
99 41 53
8 71 17
63 37 5
15 56 79
33 79 39
29 29 36
13 76 35
4 53 83
81 97 96
41 44 4
67 26 46
64 40 87
90 34 77
7 36 51
1 62 54
70 32 1
41 69 7
17 54 81
92 15 48
77 53 18
86 15 51
70 37 20
64 9 53
96 88 49
38 52 20
71 94 85
98 9 48
63 95 91
59 28 12
94 65 55
30 70 51
7 11 63
24 54 35
32 83 43
10 12 58
8 84 44
60 51 35
10 88 13
82 83 72
28 7 96
74 94 76
65 22 8
75 96 94
70 43 89
5 83 12
27 15 44
59 27 11
64 11 9
90 29 25
61 27 11
61 25 89
81 99 96
4 37 48
25 35 21
34 81 40
75 90 73
58 14 11
53 45 96
84 71 47
57 98 14
47 29 46
6 83 59
65 89 63
16 96 25
51 56 45
80 51 5
68 39 84
50 42 6
68 39 81
21 33 29
57 71 38
43 96 26
38 63 18
29 68 88
17 35 61
42 60 58
61 43 47
74 6 46
32 80 48
90 53 61
2 43 77
76 93 22
3 30 73
55 74 40
58 94 94
87 84 78
59 5 44
49 84 4
75 77 2
22 76 35
89 30 83
74 53 14
45 87 97
40 47 1
70 31 17
28 68 91
64 90 73
92 20 20
22 66 88
97 53 61
52 65 7
65 37 13
82 10 77
31 37 87
63 77 73
58 34 88
88 74 93
65 35 19
16 36 65
82 92 76
23 79 33
28 9 92
66 71 40
55 44 8
75 75 69
12 90 12
44 46 0
64 33 17
32 40 19
3 33 46
66 13 46
70 44 91
52 45 95
48 72 7
70 34 18
32 64 85
40 68 6
42 87 35
70 98 83
60 97 42
7 65 66
70 37 51
74 30 84
46 36 96
70 7 13
68 40 19
1 47 82
62 19 43
61 22 8
39 44 18
65 49 99
72 80 70
66 90 64
32 12 80
77 62 78
51 92 96
34 87 61
84 80 87
61 68 40
8 84 46
39 62 44
2 35 48
14 33 67
66 17 13
1 67 56
61 6 42
1 53 30
56 94 94
64 74 77
6 79 12
34 82 45
69 21 11
97 31 71
85 54 4
12 24 9
87 17 93
65 92 98
8 72 19
75 31 13
6 74 21
14 95 33
67 2 87
69 6 13
91 4 82
25 53 36
76 70 79
23 32 31
95 75 43
50 5 95
65 8 57
21 15 13
18 60 97
32 8 88
38 62 19
34 66 51
75 27 10
38 69 6
25 51 81
70 27 12
11 31 69
0 44 95
44 99 25
24 30 11
34 38 24
33 81 57
63 79 19
63 1 44
94 22 49
20 24 85
18 39 64
46 39 85
48 28 43
11 12 58
12 31 63
46 78 8
87 68 54
43 47 6
71 24 18
27 10 6
65 16 14
73 68 31
13 94 27
19 46 10
0 32 74
69 42 82
99 50 83
80 69 82
52 91 97
47 5 92
35 57 87
89 68 0
92 67 97
27 69 91
80 21 21
82 49 10
69 39 85
52 97 98
81 20 14
40 94 52
89 82 76
88 43 71
84 77 77
66 87 83
68 80 76
99 12 23
1 47 83
49 38 94
65 79 19
37 89 47
74 54 25
43 69 1
65 90 67
47 10 49
6 53 79
57 25 89
79 42 15
97 67 59
12 89 24
16 37 65
32 66 99
5 44 89
30 2 89
59 28 88
46 32 37
21 36 3
54 37 87
64 99 39
44 84 37
9 33 64
22 33 30
34 83 37
47 7 49
59 10 44
90 12 59
95 53 61
19 16 10
44 66 96
29 79 41
36 40 23
85 53 6
96 11 49
8 5 56
25 11 88
22 75 45
10 86 28
73 38 22
86 17 94
62 72 89
1 43 48
65 2 93
66 93 91
84 76 78
39 61 44
68 91 66
16 39 62
64 94 72
38 13 31
15 88 14
27 83 58
94 75 43
98 61 61
98 69 53
74 56 33
8 93 23
75 48 4
9 35 53
83 67 14
33 80 39
87 66 49
58 48 4
28 31 12
2 88 62
27 15 84
