75 79 72
45 17 96
53 46 76
70 22 14
48 43 72
41 68 82
86 12 54
38 68 62
67 15 92
38 18 97
74 23 12
66 74 21
42 54 3
6 56 38
17 56 46
68 88 34
66 84 70
51 53 82
61 17 88
48 87 55
49 58 67
23 21 36
25 62 68
6 46 39
71 8 58
80 58 35
16 83 63
12 26 73
93 14 5
13 90 91
89 72 37
26 60 71
72 62 45
59 52 84
91 88 71
63 23 37
17 38 46
11 98 97
84 37 17
18 29 67
13 61 93
22 26 11
12 62 93
17 9 6
46 94 51
45 92 23
67 25 75
85 38 29
50 41 78
4 66 7
73 15 93
70 87 52
98 38 78
72 30 24
82 51 90
45 96 38
69 17 18
84 41 24
75 31 22
97 32 82
23 77 4
93 65 71
8 95 7
4 57 38
16 29 52
59 32 72
13 81 32
96 68 42
3 18 19
70 88 51
6 43 95
24 48 41
16 27 12
60 7 58
66 64 70
89 85 59
67 49 69
98 72 41
62 87 36
32 18 82
36 47 22
44 95 49
38 27 76
25 96 59
89 84 65
94 56 98
94 86 34
57 45 86
70 54 18
59 23 19
8 13 65
8 93 78
0 28 75
18 14 96
34 61 28
36 37 53
94 26 82
66 79 50
98 19 20
56 45 86
7 7 65
8 64 94
68 13 64
43 21 72
36 18 33
86 12 59
38 97 54
16 56 47
71 48 64
46 62 56
89 89 68
81 96 72
74 45 48
77 42 19
95 85 15
59 64 83
81 54 67
96 35 99
71 52 16
38 97 4
50 70 20
36 66 80
76 74 4
94 29 77
63 15 90
8 78 16
46 59 68
75 0 71
19 58 68
86 37 32
46 30 12
58 62 41
74 50 70
42 17 61
44 33 72
15 11 57
48 40 78
12 92 94
92 13 59
31 10 3
29 14 11
33 45 18
34 50 0
97 85 14
68 14 44
99 76 33
63 87 74
43 17 92
87 41 34
97 15 51
28 5 10
86 15 56
42 0 26
84 10 51
89 84 74
15 57 79
6 80 6
49 49 67
45 94 40
95 28 65
98 85 5
62 18 14
95 87 33
21 8 44
17 77 86
25 98 88
22 30 67
58 63 77
79 74 7
31 11 24
62 82 75
13 40 94
81 52 88
74 34 24
83 70 3
36 44 94
31 94 61
83 44 22
55 46 87
83 40 21
7 11 1
72 87 61
97 84 2
10 66 93
4 44 99
40 99 55
4 42 35
37 28 76
64 52 16
87 40 34
97 85 3
37 12 13
65 88 77
47 89 57
70 97 86
94 67 7
5 57 60
57 18 86
22 60 44
73 83 65
31 11 2
45 58 58
28 60 69
62 72 98
5 26 72
59 7 59
78 98 35
91 89 70
86 63 77
74 39 24
11 84 61
70 3 71
32 93 61
40 17 42
79 34 96
0 28 77
50 58 68
5 44 95
31 19 40
14 48 13
72 26 10
27 13 27
47 6 95
73 99 69
47 58 15
62 87 71
40 44 98
95 19 98
23 27 56
72 0 70
5 11 0
33 9 0
98 70 43
72 69 36
28 70 21
72 11 75
73 75 23
57 54 11
90 51 2
46 37 34
95 40 79
71 97 43
67 84 4
79 76 82
59 73 21
98 17 17
13 20 40
49 73 16
79 68 33
2 55 33
52 15 95
10 49 82
32 78 56
63 54 37
64 84 71
8 95 9
96 28 84
8 10 98
95 28 81
3 58 38
80 60 33
26 91 36
38 44 18
8 87 41
11 10 64
42 91 38
4 29 28
36 52 1
2 73 35
64 50 38
85 51 65
25 95 61
67 28 12
32 44 25
69 44 70
74 28 22
64 87 72
22 28 22
50 77 65
72 11 73
62 21 41
80 95 71
90 81 70
78 55 90
27 52 97
37 62 82
72 32 24
53 72 16
56 44 87
67 72 23
48 41 23
89 73 43
68 12 17
12 81 34
16 63 98
37 48 16
0 83 5
79 1 72
47 83 93
87 86 59
26 21 34
79 32 95
66 22 35
79 41 19
44 52 2
55 0 90
4 82 11
16 70 82
66 89 76
13 99 25
45 62 84
21 59 43
91 25 22
26 43 25
31 66 23
63 94 29
26 6 37
61 50 91
79 56 66
93 16 49
95 34 80
81 43 22
0 89 37
30 14 84
70 51 82
20 60 70
86 43 23
59 20 85
27 96 65
8 43 87
38 51 98
7 65 8
5 43 34
68 69 34
95 25 87
95 14 93
71 95 37
28 15 38
22 92 59
7 58 66
95 71 65
95 87 14
45 22 67
17 82 60
34 45 20
5 75 39
30 72 22
65 25 13
96 11 96
40 42 0
13 68 90
65 78 82
48 51 42
76 77 77
21 32 64
3 41 83
77 92 97
91 52 1
90 15 3
38 99 4
78 77 79
46 20 74
48 43 78
62 50 36
31 50 42
21 92 36
95 66 74
3 26 51
96 36 80
67 28 11
17 77 85
5 81 11
94 12 92
95 66 48
90 27 18
96 96 34
69 95 12
78 32 21
49 65 59
74 5 43
62 33 69
70 53 19
55 76 16
71 47 71
60 50 15
91 11 53
73 17 40
73 15 91
58 63 80
18 86 61
48 59 53
11 42 93
72 22 35
83 70 55
92 11 55
33 71 20
76 26 23
36 84 55
50 6 5
68 34 24
37 53 1
11 80 31
68 71 23
33 45 40
50 62 57
94 27 81
35 19 80
23 44 74
62 49 19
71 13 47
19 63 26
91 75 31
0 70 72
72 69 20
64 54 38
39 34 63
35 91 59
78 37 23
68 15 65
83 2 45
38 85 28
3 72 41
96 44 84
47 64 81
21 24 30
16 83 64
74 78 73
28 12 87
16 82 89
65 86 34
47 30 9
78 56 95
35 78 97
72 17 37
45 1 35
17 20 10
48 30 47
97 33 76
6 40 82
42 20 72
77 77 71
81 42 21
14 40 89
56 20 85
37 68 84
32 20 96
80 71 8
81 78 77
93 84 70
11 58 65
71 75 26
4 3 20
33 99 2
85 51 45
37 74 59
68 13 45
48 59 68
12 89 67
61 88 36
69 99 37
36 93 77
71 71 35
62 75 50
16 28 73
24 77 8
91 34 88
52 73 17
32 71 48
95 27 75
51 74 15
47 13 96
58 63 83
59 38 73
3 93 69
88 32 16
44 95 95
23 75 11
19 64 27
67 94 78
2 43 34
17 83 58
7 94 34
47 93 43
7 74 36
63 20 71
26 25 4
96 27 49
61 19 15
18 91 37
31 73 52
77 42 20
18 84 63
74 75 1
61 89 87
63 15 75
72 28 10
71 99 82
44 6 91
40 94 5
60 18 80
7 68 92
91 80 69
2 26 73
14 69 91
58 74 17
66 35 52
51 39 22
18 28 59
94 18 48
76 5 44
97 15 48
71 24 32
48 85 93
37 93 52
94 24 19
13 30 53
30 9 7
63 16 30
67 14 93
61 70 98
94 85 39
50 63 56
49 33 44
12 99 22
64 41 72
66 14 65
69 3 39
66 18 46
46 67 81
38 69 78
70 36 56
20 7 43
99 30 54
62 55 34
83 96 17
19 76 91
71 27 17
99 42 85
76 44 88
19 71 91
18 87 60
21 81 14
14 81 30
23 92 61
35 47 23
38 2 3
91 33 77
36 97 5
42 57 1
13 80 33
8 6 64
45 13 55
41 99 27
70 87 64
19 83 62
0 78 30
94 13 92
34 9 10
84 95 13
32 64 20
4 26 74
89 72 43
13 27 72
75 22 20
99 0 96
34 21 93
67 55 83
79 94 70
97 32 20
5 21 67
71 46 71
76 98 71
22 7 42
36 98 7
6 76 38
6 44 34
46 69 81
23 80 0
30 73 51
65 48 36
25 77 89
94 80 32
71 71 0
54 98 45
78 72 3
98 34 25
39 68 58
53 26 54
69 19 32
24 77 7
96 11 49
67 82 79
5 29 26
1 98 94
50 44 68
83 15 56
76 26 13
49 66 53
50 86 57
74 80 71
45 70 80
5 64 91
39 77 43
25 92 34
42 22 90
34 19 41
32 41 5
68 44 72
60 69 99
49 11 91
63 38 99
17 25 13
77 11 77
41 1 57
33 12 2
44 22 73
11 89 90
37 89 25
70 74 24
46 61 98
84 41 17
7 41 88
44 94 55
35 20 97
88 73 40
39 19 40
1 98 1
52 66 17
72 0 85
4 27 75
59 37 74
60 52 86
70 74 21
71 68 36
24 28 29
62 9 58
32 46 25
6 85 33
18 23 30
77 71 3
89 18 49
97 18 15
71 39 14
81 47 95
28 40 37
1 42 32
95 37 81
18 23 35
74 81 72
18 27 9
0 72 43
33 12 12
16 29 53
79 69 5
13 73 88
68 0 42
6 95 3
94 68 39
56 65 85
77 54 92
58 98 91
57 7 35
31 19 78
30 50 32
66 25 85
68 12 94
67 85 69
65 27 30
32 42 4
45 60 97
63 90 77
6 66 93
98 56 20
17 29 10
33 77 1
70 97 43
66 78 51
73 63 46
48 59 55
53 40 71
21 28 27
52 4 81
77 43 90
24 80 6
40 56 96
3 50 60
44 66 62
67 90 75
38 98 65
99 32 24
98 22 13
62 55 33
95 17 2
7 64 3
53 72 19
1 55 43
11 70 81
91 22 15
73 96 37
35 48 19
4 90 74
38 85 8
60 83 90
66 44 32
42 97 37
72 3 69
87 14 60
4 27 76
1 72 44
81 98 72
66 56 82
95 33 81
52 47 78
31 43 42
55 37 98
78 42 18
86 78 35
43 57 0
62 52 37
51 71 21
69 92 11
73 77 55
79 2 45
31 66 21
98 30 23
68 13 93
94 65 75
96 72 66
94 27 19
25 25 4
77 97 40
93 19 48
43 21 90
98 19 15
75 73 2
65 16 16
41 69 60
18 82 57
63 9 45
81 57 70
64 14 89
34 81 92
32 70 21
64 88 76
71 9 58
60 93 27
5 59 62
22 26 8
15 1 29
20 63 27
97 14 37
6 88 77
68 27 86
51 71 15
62 70 98
57 74 65
24 26 55
67 12 43
17 71 93
61 90 77
69 45 67
8 93 82
22 27 12
31 70 13
68 95 77
88 86 60
46 63 68
91 61 78
28 59 71
6 2 5
73 21 14
15 17 75
97 3 26
23 60 70
72 82 64
44 61 55
79 53 89
87 74 34
45 30 44
10 95 82
99 99 94
79 72 3
45 34 73
91 59 79
78 60 69
20 58 44
96 18 19
37 60 28
23 76 6
9 57 38
24 3 86
48 2 55
68 21 33
5 42 93
39 98 52
28 9 7
96 67 46
56 99 92
15 25 73
72 2 72
43 35 24
2 93 90
99 43 35
23 79 5
73 37 15
96 28 64
20 91 38
49 96 45
98 28 54
36 69 84
68 13 13
70 98 42
66 44 68
4 58 14
35 51 99
51 49 88
67 14 64
41 59 58
78 6 44
38 53 98
35 79 5
66 16 47
38 97 67
66 32 72
6 2 70
83 11 52
69 34 98
19 24 25
24 41 40
60 78 49
87 77 36
89 87 71
75 15 92
77 54 96
45 68 83
75 46 57
2 91 96
3 2 5
59 0 13
34 69 20
96 30 23
3 42 36
45 34 35
63 78 75
13 45 9
14 81 37
99 29 25
40 70 61
21 28 66
51 69 46
26 19 78
60 95 4
10 10 65
1 27 75
9 41 93
78 36 20
90 83 31
9 95 99
67 80 51
51 69 45
43 14 96
60 49 90
18 67 97
8 78 10
72 88 66
95 13 59
47 35 36
34 44 21
56 63 81
75 41 60
20 48 15
90 87 70
14 80 88
84 16 56
7 86 34
87 38 32
62 47 72
33 79 55
72 18 40
98 56 40
35 31 31
73 29 23
31 71 20
59 47 88
76 54 97
94 24 86
84 69 5
76 66 32
39 63 81
94 16 50
23 5 88
35 60 29
32 79 0
13 46 11
69 11 95
80 31 95
70 37 18
15 87 69
24 43 38
54 41 69
91 38 55
99 99 98
42 98 50
63 77 81
74 68 19
85 39 32
52 49 89
38 86 10
3 42 97
9 65 94
75 56 99
65 17 47
14 81 89
3 51 61
16 37 57
44 58 14
65 43 74
42 91 55
77 37 18
36 1 1
84 71 3
48 44 65
12 61 92
62 39 0
92 83 39
16 86 70
78 33 93
5 95 1
4 63 7
40 76 39
20 66 99
65 79 78
20 73 94
78 38 22
97 69 43
93 86 70
71 87 62
43 55 94
93 86 40
78 72 5
9 81 26
94 14 1
49 53 45
16 99 27
67 17 31
39 86 26
62 4 52
54 36 97
28 7 25
38 46 50
37 5 95
7 47 38
70 15 43
64 38 98
61 28 11
67 5 55
26 11 40
3 7 18
39 62 82
37 44 16
6 35 78
69 27 18
11 56 97
92 16 50
92 84 67
34 23 93
32 20 95
18 89 80
97 95 38
61 94 29
44 89 54
32 78 10
26 94 34
37 36 52
32 80 10
1 26 28
83 63 67
3 89 81
72 14 47
49 49 70
7 86 33
68 22 32
92 83 34
37 53 97
31 44 26
64 87 35
91 55 0
85 68 0
31 14 26
53 13 88
61 82 75
72 98 81
88 30 17
42 2 1
89 20 13
65 51 82
95 28 18
6 52 37
72 35 60
66 94 79
76 11 78
87 30 16
9 12 65
71 49 64
67 45 74
96 7 13
68 35 99
72 79 51
43 65 80
51 36 22
98 22 15
0 54 24
25 92 35
97 97 40
11 81 57
64 42 73
73 85 65
83 69 54
39 67 79
34 78 9
56 19 85
29 94 64
42 1 95
2 93 70
44 15 95
97 12 95
51 94 93
74 76 54
59 4 63
20 27 26
5 89 76
77 6 43
80 47 93
19 19 14
21 47 16
82 97 16
59 75 17
1 57 41
7 39 83
71 99 41
33 70 49
9 41 90
0 31 80
64 17 14
70 99 84
50 18 53
43 98 98
29 13 27
13 27 67
83 17 56
3 54 61
73 44 57
85 13 56
56 50 87
46 53 2
72 56 80
7 51 36
57 27 13
16 26 12
91 69 22
57 58 29
0 90 98
81 55 90
98 29 53
8 24 77
7 90 38
72 34 24
12 1 23
49 50 5
6 3 74
46 21 66
21 90 39
0 82 12
4 48 62
29 14 84
21 29 65
44 25 63
25 40 25
6 20 21
70 81 54
92 22 16
37 81 9
98 70 95
16 40 91
5 54 36
60 36 72
84 4 31
94 28 79
53 13 95
41 99 8
37 80 46
45 1 99
7 5 55
80 61 32
63 15 14
59 6 35
6 57 44
75 63 31
53 58 66
47 25 66
31 13 25
34 88 57
76 21 20
54 49 78
32 82 89
10 70 93
54 27 56
49 86 54
60 81 51
97 45 83
76 55 99
19 28 69
44 69 82
59 50 30
64 18 30
9 11 98
33 70 44
72 61 10
15 1 25
51 67 17
80 3 72
10 49 81
0 39 80
9 59 64
25 12 39
80 52 97
36 94 52
71 24 18
29 17 38
13 95 0
24 26 8
1 57 42
16 99 29
64 42 71
40 77 44
39 69 60
5 81 12
41 14 51
6 64 92
41 44 12
97 18 19
39 73 98
9 48 83
7 46 83
62 3 63
48 48 69
31 11 4
87 76 33
71 19 17
17 85 61
98 57 23
15 40 44
41 66 83
38 62 81
9 67 93
21 81 72
98 15 99
34 49 19
21 71 80
7 79 15
55 14 88
66 25 31
97 56 23
82 11 6
79 72 7
49 64 59
70 0 74
18 84 58
61 50 15
8 1 94
7 82 20
0 76 34
97 72 66
16 86 61
46 10 89
37 57 88
6 24 69
6 80 58
70 39 17
31 18 23
2 73 40
39 33 66
24 13 38
38 45 15
52 12 89
32 49 1
35 79 96
72 97 80
76 60 13
5 56 61
37 10 0
57 59 30
14 32 57
46 63 55
40 42 60
94 69 44
55 44 51
45 24 67
55 66 20
66 13 46
90 19 50
45 70 82
14 32 8
62 5 61
13 1 29
58 25 21
32 16 81
32 81 88
3 59 37
67 73 22
6 52 35
59 97 91
64 32 71
75 3 44
66 16 43
70 38 13
36 89 26
73 35 14
48 63 67
25 75 11
44 32 23
12 84 64
88 71 44
35 37 52
11 98 23
99 93 52
74 43 61
12 81 29
4 53 62
67 91 75
70 14 45
6 12 0
54 66 19
61 94 3
49 18 96
64 75 50
43 14 97
69 98 77
84 40 31
29 9 73
93 23 20
94 30 53
85 15 62
32 97 59
58 59 29
46 34 27
46 4 68
47 63 85
96 66 47
97 35 26
1 58 8
10 62 92
30 10 10
74 75 71
5 5 21
74 27 18
76 91 96
0 56 43
62 17 90
97 29 54
51 73 16
40 66 82
92 83 30
18 54 46
7 60 63
48 65 60
78 70 9
64 85 67
28 14 85
32 15 25
15 26 11
61 25 15
93 21 17
6 36 78
30 17 85
5 88 77
4 64 93
73 10 74
33 11 11
97 31 78
90 73 31
92 11 52
72 4 38
68 19 31
48 34 35
68 87 68
99 13 87
97 10 49
33 16 75
20 93 37
23 42 39
11 26 74
37 51 24
0 90 97
16 20 11
25 14 82
62 38 51
30 14 6
98 88 36
84 80 88
50 74 81
81 96 10
74 77 0
20 72 93
28 16 11
34 91 60
77 27 13
95 53 66
50 45 68
6 14 0
32 94 60
36 75 42
7 27 79
80 44 92
34 18 23
81 58 34
40 72 61
4 22 68
85 5 31
82 53 50
32 75 21
90 34 88
17 16 95
71 87 52
24 78 5
33 27 34
29 16 60
98 72 67
90 72 30
12 71 93
89 70 37
9 29 78
45 94 95
69 55 17
4 75 35
29 63 21
90 25 85
10 8 60
97 36 0
72 14 90
73 21 66
81 99 43
17 36 57
37 85 55
53 99 44
73 5 41
96 30 79
33 52 96
79 37 17
75 10 76
92 63 75
6 65 4
21 28 21
16 76 87
96 37 97
73 53 19
2 75 35
77 94 39
70 34 10
92 51 2
49 67 59
51 68 18
80 79 79
32 65 25
13 35 54
9 1 72
73 50 71
69 40 16
26 16 62
98 27 49
4 73 38
4 2 5
39 18 42
1 93 92
69 49 3
79 4 43
59 51 83
69 2 41
38 70 59
38 54 0
25 49 54
69 42 66
56 60 30
11 70 92
72 49 70
24 81 2
63 39 54
45 66 63
22 91 37
48 30 34
70 56 81
98 33 19
63 53 35
49 43 59
40 83 7
90 53 64
70 95 82
57 49 86
2 40 83
26 41 40
30 17 30
40 64 81
44 16 53
45 65 64
12 9 60
80 77 76
58 25 19
27 72 13
39 70 79
16 27 67
26 26 8
48 98 83
28 9 72
35 16 11
39 62 87
62 71 99
41 86 25
99 80 29
65 85 4
20 28 24
81 68 93
15 49 20
63 87 73
37 70 79
16 58 77
6 87 76
28 16 81
2 82 13
8 19 68
94 70 78
33 46 26
52 93 93
45 13 97
86 73 33
59 97 93
2 72 43
25 16 83
93 83 68
94 84 32
46 60 69
39 34 58
68 11 46
58 37 71
72 26 11
97 97 39
84 37 71
28 14 26
40 41 97
70 89 68
99 93 51
85 96 12
69 71 36
9 3 23
24 61 69
77 73 4
94 12 51
5 99 71
50 42 70
71 0 84
30 1 52
74 77 78
44 94 39
17 73 86
7 78 55
91 10 62
80 61 72
68 37 19
14 1 27
76 95 39
46 32 22
93 86 65
79 67 7
0 28 80
52 47 91
40 45 38
65 81 71
20 65 97
7 5 23
91 69 21
91 82 66
25 16 86
55 98 93
14 85 62
94 27 83
33 79 0
30 12 86
67 53 82
8 27 77
93 19 54
13 91 83
69 79 50
46 63 80
52 71 18
0 54 20
63 75 46
59 19 10
2 77 34
88 54 99
50 44 73
71 35 13
46 8 91
69 82 53
64 19 42
23 22 32
1 95 94
33 16 24
63 85 70
37 48 19
17 82 64
56 74 65
63 46 70
33 17 77
8 85 37
6 0 5
68 53 81
76 34 77
60 51 85
93 84 31
11 83 87
97 16 20
13 34 55
65 21 36
6 0 71
82 19 56
62 28 17
90 71 38
45 7 90
94 85 16
2 45 97
44 13 98
38 62 84
47 66 84
91 24 21
15 31 9
94 86 32
93 67 6
73 16 38
70 36 13
82 12 51
75 4 43
48 35 35
89 87 66
24 43 73
32 45 42
12 7 58
69 78 52
66 38 99
71 35 12
91 88 63
61 75 18
31 13 7
65 39 0
64 10 82
5 58 62
93 85 63
79 57 94
29 17 80
72 76 23
12 72 94
93 26 84
68 90 74
51 5 5
29 67 21
95 82 32
66 83 80
50 66 59
5 48 40
7 61 62
93 58 97
3 37 76
56 50 83
25 2 86
50 35 19
4 76 40
43 96 48
85 37 68
60 17 9
70 84 53
68 69 39
4 46 0
42 92 39
36 46 98
73 60 11
32 66 20
27 53 98
17 41 79
65 76 46
43 81 37
24 51 34
78 84 12
65 73 22
7 20 67
8 47 84
35 58 90
50 54 45
90 12 61
35 77 3
63 31 72
15 29 58
64 25 11
30 43 24
61 47 90
40 46 37
97 91 36
30 18 39
12 97 95
13 9 60
35 96 85
46 95 44
30 60 25
42 13 50
25 12 42
8 18 67
34 20 94
49 47 70
56 37 98
10 80 68
65 66 70
42 76 95
27 8 40
14 28 58
38 10 54
6 4 22
98 76 32
65 47 37
36 78 3
70 16 47
50 52 40
77 55 0
75 51 96
57 50 77
92 68 42
4 90 72
3 90 73
40 2 26
60 73 20
84 95 11
19 41 49
10 73 86
89 15 50
47 64 62
59 72 22
10 96 97
45 85 83
88 75 43
95 55 36
46 0 98
80 3 44
91 79 63
65 80 3
91 24 86
74 33 21
54 8 15
70 93 11
49 89 38
15 69 92
88 78 35
82 53 66
87 88 68
40 45 13
4 3 6
42 22 74
81 47 92
39 57 2
23 22 3
42 66 81
62 45 69
37 13 12
72 87 65
37 34 65
25 57 85
85 39 33
10 82 78
91 68 73
76 56 69
73 27 16
28 46 32
77 57 68
49 30 46
90 19 49
92 62 76
96 14 94
69 59 51
38 35 65
65 30 10
87 84 69
93 50 69
95 65 49
50 6 4
35 95 63
54 40 70
75 27 17
4 93 70
20 62 26
98 25 48
41 90 56
38 73 60
59 62 76
56 90 26
55 48 90
8 19 87
59 75 14
43 64 61
63 4 62
68 46 68
96 68 47
64 5 64
36 20 98
42 97 49
0 97 92
83 33 31
35 37 5
6 82 11
73 75 4
72 19 37
3 78 38
80 47 94
48 96 46
5 2 6
36 17 79
30 53 97
36 14 13
9 11 65
31 76 21
4 38 54
7 80 24
5 1 71
97 17 1
69 7 94
31 16 77
46 72 81
11 82 33
28 62 27
31 7 12
58 58 30
49 52 44
68 89 75
61 18 13
84 39 16
49 12 96
60 98 90
59 2 13
67 49 68
70 42 19
61 52 84
63 84 67
0 58 41
3 94 97
24 24 9
41 4 93
9 96 36
63 24 13
10 49 41
43 22 74
95 17 20
81 61 68
46 13 52
58 73 64
93 14 55
74 68 36
78 65 32
70 14 39
96 46 83
68 37 23
78 65 1
58 23 17
34 80 6
48 30 23
26 15 82
69 45 64
17 84 62
60 7 34
66 97 81
97 37 79
60 19 86
57 64 18
4 57 62
71 45 73
59 55 29
29 13 86
22 25 10
38 68 81
80 59 90
3 90 63
86 15 61
98 71 95
46 35 36
73 6 42
85 40 27
73 21 36
13 57 98
10 98 5
74 94 37
72 33 13
30 11 85
56 61 81
83 61 69
41 98 52
11 99 71
91 11 61
14 80 32
88 12 37
89 86 73
63 36 69
83 50 61
71 22 13
63 3 60
89 52 2
71 43 69
2 15 21
76 41 20
47 79 16
83 36 29
60 56 30
31 43 27
5 25 71
96 34 80
11 98 98
34 98 87
43 23 51
73 1 71
17 26 15
71 98 85
39 86 8
10 0 44
2 93 89
53 40 73
15 80 90
65 35 69
33 73 53
91 72 25
9 80 24
72 26 9
4 91 93
11 96 96
16 29 74
45 96 47
56 92 28
28 48 32
73 9 74
94 86 39
18 43 91
99 30 78
60 83 74
65 85 1
60 1 52
35 48 18
39 70 59
84 85 62
84 40 22
1 30 25
10 3 8
78 36 23
64 27 15
77 40 21
59 75 15
7 78 11
7 79 9
74 36 23
80 31 96
12 35 56
17 30 52
71 1 72
25 20 81
57 49 83
64 17 15
95 17 49
78 44 90
49 77 66
35 97 86
66 81 74
66 17 45
59 16 10
80 42 20
31 71 22
74 26 10
95 17 22
70 16 20
93 81 32
7 95 98
23 79 1
98 84 14
30 17 28
7 42 90
12 48 83
31 11 8
23 28 21
37 58 87
69 0 83
17 28 68
40 33 59
66 17 30
57 53 28
96 95 35
63 56 34
88 72 42
96 89 36
90 81 67
7 24 76
47 65 53
24 6 44
76 96 67
88 62 76
59 26 19
15 30 14
90 93 84
36 81 9
8 40 83
97 21 14
11 82 28
30 77 21
74 27 21
39 65 81
96 38 81
56 15 85
5 81 5
55 91 27
91 53 99
67 24 32
39 45 12
69 9 57
62 50 35
5 83 19
30 14 82
8 42 86
38 2 18
78 97 69
53 9 16
20 82 14
65 87 71
68 18 49
48 40 21
77 33 78
98 30 52
98 31 82
34 38 7
78 56 99
5 52 36
34 47 19
72 47 72
90 82 69
69 83 71
34 72 20
71 80 53
50 46 71
86 4 77
34 28 62
7 0 6
6 55 41
18 28 8
71 47 56
62 40 54
49 58 70
92 11 60
7 89 37
34 2 3
60 1 12
53 69 19
86 85 63
77 57 70
55 21 85
24 76 10
47 62 67
86 42 27
64 24 12
31 5 26
25 2 89
92 74 26
16 87 65
64 38 53
73 97 82
51 12 93
77 54 95
67 37 99
58 50 82
76 59 12
78 49 95
48 32 45
64 52 81
20 74 93
62 20 40
16 71 82
89 54 63
93 38 73
96 33 74
6 47 41
8 68 93
84 69 1
6 83 18
73 89 68
50 13 97
6 81 13
42 94 38
11 27 99
40 74 95
85 41 26
20 64 97
16 55 46
45 11 90
74 5 72
9 94 33
44 90 13
88 17 60
47 31 44
58 96 89
67 48 69
71 22 34
88 73 38
14 2 28
51 41 71
65 45 33
84 67 91
97 2 37
84 26 60
76 59 71
4 97 52
73 88 62
29 16 37
6 9 65
48 64 83
6 49 41
26 12 39
57 21 85
54 44 50
89 31 79
34 45 23
29 6 26
6 89 36
7 93 3
15 73 76
66 26 10
50 71 20
90 29 78
51 5 3
43 55 92
18 27 71
73 52 71
36 90 63
6 93 4
13 80 88
82 51 62
62 15 88
0 85 6
72 14 93
72 97 82
38 66 60
43 90 26
71 85 72
93 79 33
20 70 81
67 13 16
49 9 83
36 18 80
51 92 94
25 41 24
89 71 46
59 27 13
65 26 11
11 83 56
52 26 55
62 55 35
33 53 95
9 96 7
46 31 44
70 95 74
98 83 3
60 49 30
37 84 54
59 57 31
36 51 23
61 35 70
49 44 72
13 87 57
60 28 12
68 43 65
95 59 62
59 15 11
75 25 14
97 30 24
85 12 55
46 63 84
81 70 3
60 75 18
24 61 68
47 30 43
23 81 13
71 3 74
47 19 73
87 73 2
12 92 93
85 36 31
10 25 67
54 72 20
8 72 85
91 26 20
34 39 8
5 56 38
10 50 82
37 95 64
65 84 71
70 54 81
60 85 89
25 13 42
41 13 52
75 9 77
89 23 86
20 76 92
63 49 37
93 51 64
73 45 55
26 24 4
19 27 16
98 55 45
99 31 79
49 31 22
95 23 18
50 43 60
71 41 19
93 27 20
16 41 91
69 35 0
70 15 48
32 14 27
12 81 31
52 46 89
91 87 67
70 99 36
50 39 45
4 65 93
64 53 29
13 32 55
60 96 92
26 26 7
46 14 54
68 48 69
24 21 34
74 66 33
82 98 17
66 55 81
34 46 18
11 87 56
92 85 39
82 96 15
18 18 14
95 26 84
68 0 38
65 18 44
71 86 63
23 2 88
87 52 62
77 53 96
9 26 76
18 9 7
38 78 44
54 64 19
12 58 64
68 84 70
6 78 37
80 45 89
77 70 31
98 25 98
42 29 54
71 94 12
46 84 82
66 65 69
65 31 71
36 59 30
7 83 21
54 58 66
65 16 31
65 15 88
71 87 74
8 25 71
83 55 49
86 52 63
50 45 74
65 5 54
32 11 1
97 29 55
5 3 70
13 82 25
28 63 24
69 88 67
6 4 20
23 27 8
8 70 92
59 38 75
4 45 96
32 51 98
37 0 3
37 69 81
3 80 12
56 43 51
8 9 97
83 42 19
48 59 66
20 71 90
53 20 54
4 93 98
55 1 92
83 41 23
66 81 78
72 36 15
67 80 48
39 60 86
46 28 42
37 18 40
25 5 47
1 90 97
63 15 29
35 38 6
55 71 16
72 52 68
50 78 64
77 38 22
72 69 3
38 83 6
11 97 98
38 94 36
75 80 75
71 15 91
41 41 59
42 92 55
12 91 92
20 32 63
64 40 1
69 61 49
46 95 46
89 78 64
74 2 44
41 92 56
41 96 37
40 52 99
17 3 69
20 23 37
5 20 21
79 70 11
21 28 14
54 68 20
2 41 35
64 79 81
57 64 84
34 37 87
96 67 42
65 78 79
47 64 61
54 82 92
28 71 12
71 17 41
68 72 21
56 58 28
95 26 77
14 24 74
90 32 78
72 70 35
10 26 77
33 80 55
71 99 72
63 17 86
31 77 3
61 17 7
96 23 17
76 30 21
34 19 79
74 23 20
3 92 71
29 65 21
0 0 99
97 87 16
91 70 36
90 23 14
93 82 36
93 55 99
11 97 97
66 2 57
68 92 77
95 93 37
39 84 7
91 71 24
28 44 33
68 44 75
44 61 70
57 62 83
7 13 1
72 93 36
57 64 85
82 37 70
66 5 56
79 63 32
69 46 36
89 79 65
17 14 94
72 96 37
64 80 70
86 32 14
58 62 75
71 35 11
53 26 57
11 92 95
11 93 99
33 77 10
66 81 51
57 98 91
98 29 51
84 35 31
64 15 82
57 90 27
25 73 11
25 96 58
98 16 99
38 58 3
8 79 56
3 56 63
1 6 18
20 27 15
40 32 65
0 79 29
80 46 90
7 63 6
39 62 86
65 12 80
48 33 21
68 70 37
14 11 58
16 71 76
34 39 6
99 85 6
54 55 20
61 27 17
0 77 35
92 24 84
0 57 9
51 75 67
37 26 76
68 1 41
58 62 80
62 39 52
80 59 89
32 18 76
7 26 77
83 52 61
30 6 26
41 19 89
60 92 5
65 3 56
2 57 37
30 7 26
78 70 6
64 45 32
6 81 23
5 37 54
69 79 49
3 91 98
78 71 10
77 60 71
45 95 22
46 58 14
94 67 41
35 79 9
16 86 66
30 69 21
14 29 53
70 52 83
26 26 5
8 96 8
26 17 87
65 45 31
29 6 11
55 63 20
5 52 11
12 0 72
20 27 61
53 65 18
13 72 87
40 62 59
34 77 58
65 14 80
14 39 95
66 36 54
27 27 9
62 72 0
94 27 78
67 26 85
50 15 82
84 70 4
30 94 62
50 68 42
73 78 77
68 47 69
3 74 34
49 38 44
1 95 53
76 69 30
48 31 47
43 16 93
91 68 76
36 55 89
67 12 45
81 41 24
91 61 76
91 27 21
69 98 82
75 92 97
73 22 19
73 40 23
35 14 13
14 78 89
29 49 32
93 29 54
4 17 19
70 11 96
46 14 95
52 66 14
69 59 49
69 35 21
95 65 75
11 73 88
63 82 47
8 96 36
79 92 40
11 8 61
44 90 54
72 98 85
89 74 42
59 17 90
33 82 92
63 87 35
82 40 25
37 11 53
73 69 35
32 87 53
86 93 90
62 36 72
29 51 0
64 11 45
41 90 24
84 73 91
47 42 73
39 76 42
62 15 13
66 77 50
38 99 51
34 82 60
65 45 35
31 95 18
10 4 8
62 15 89
0 57 39
38 76 96
37 73 57
73 39 23
8 1 6
39 70 58
54 3 67
13 25 65
55 43 60
94 66 72
4 43 98
63 15 87
46 64 65
34 80 1
84 85 63
75 26 22
23 21 4
11 83 61
74 35 19
20 24 26
79 98 69
17 73 82
77 71 4
57 22 16
7 2 73
4 42 84
73 43 58
96 24 88
68 4 41
79 57 68
9 79 32
24 13 41
14 71 90
38 86 27
71 19 42
67 15 45
16 26 14
36 53 1
2 94 91
61 22 21
10 94 99
41 93 36
68 26 17
38 12 54
87 86 64
18 18 13
38 93 38
56 38 71
40 2 58
24 27 29
98 81 4
52 43 71
66 10 45
89 84 58
27 61 27
68 97 12
55 50 89
36 77 98
81 0 45
24 43 22
12 96 1
79 56 98
96 28 19
67 96 8
98 29 77
30 14 83
10 91 94
26 58 73
99 26 30
96 23 99
17 18 87
56 44 50
95 15 92
93 85 32
13 40 90
0 42 34
9 6 63
52 42 72
64 16 80
64 82 74
22 33 63
38 2 4
71 11 76
71 72 4
49 43 76
81 41 19
47 96 45
61 8 35
18 19 1
58 95 98
90 50 1
93 84 38
41 6 88
90 30 78
81 99 44
85 42 25
20 94 38
35 15 12
90 70 23
28 10 72
39 62 60
39 13 13
73 76 72
96 9 97
40 0 99
97 33 81
50 13 95
78 2 73
98 20 21
91 21 51
94 89 37
86 74 38
39 2 4
13 53 24
59 21 84
0 68 41
76 23 14
33 7 4
12 85 64
79 96 70
19 18 1
72 76 22
83 54 49
96 30 22
50 13 92
62 18 28
62 5 57
89 73 41
62 4 63
72 70 0
6 45 83
82 62 69
1 41 82
96 86 15
54 14 89
59 9 34
64 16 85
80 59 33
64 25 13
77 61 30
17 86 66
90 23 12
91 70 21
7 87 39
90 71 40
35 80 93
2 93 87
68 79 51
47 61 56
65 78 47
28 45 24
29 70 13
86 94 89
44 30 24
96 71 95
68 94 78
3 82 18
60 26 17
37 45 17
94 87 39
64 78 80
38 51 0
64 19 40
49 32 46
63 24 12
59 61 75
90 59 78
68 44 73
41 85 27
73 18 65
92 33 87
80 96 17
67 97 10
6 25 71
90 81 66
66 92 76
15 82 90
73 96 74
71 34 23
15 68 92
72 20 37
38 58 92
25 28 30
37 79 45
71 14 39
89 60 77
63 23 35
5 35 77
43 91 41
77 98 36
7 57 39
30 44 43
53 39 74
0 41 33
44 85 82
63 51 80
62 38 49
66 30 9
98 38 2
29 17 85
61 8 45
42 79 39
27 79 6
63 54 29
94 44 92
99 56 44
43 79 39
2 27 27
44 11 54
37 97 6
28 41 36
52 52 81
63 79 72
64 85 74
69 39 19
27 94 65
71 70 19
86 73 2
78 55 93
34 96 57
42 6 89
45 98 99
72 96 80
58 71 22
44 24 66
82 1 46
24 2 90
84 38 18
0 47 62
32 10 26
56 15 87
25 51 33
70 16 42
43 1 96
63 87 72
72 99 74
83 79 88
39 88 23
42 13 52
93 85 64
46 30 73
23 50 39
3 93 54
94 65 40
71 96 8
51 8 18
23 65 3
19 88 59
73 78 79
26 15 41
51 43 60
84 39 27
63 16 76
24 46 76
85 68 6
9 50 83
81 67 93
75 95 38
90 22 20
66 27 10
44 94 22
17 55 45
12 98 25
92 27 18
71 78 52
97 73 68
98 11 50
22 86 23
19 71 97
24 69 17
41 1 55
14 29 13
70 98 74
80 69 94
92 24 20
17 72 81
9 86 36
65 81 75
14 38 93
73 9 73
38 66 80
15 82 65
6 85 74
35 46 23
14 3 27
27 53 99
91 82 32
1 91 89
0 29 26
23 26 28
52 69 18
32 8 27
74 45 58
86 13 59
42 57 98
31 15 83
92 12 54
47 28 41
46 67 64
28 56 82
59 38 70
42 54 98
72 8 75
11 84 64
71 96 38
84 79 90
30 47 30
46 92 41
11 2 23
24 3 91
12 87 57
75 24 15
48 51 41
83 66 91
83 94 12
38 52 1
44 58 0
72 27 17
6 66 4
29 11 10
89 23 13
6 56 43
37 83 53
76 58 70
15 86 66
6 75 37
75 74 70
73 2 68
99 39 79
7 93 98
91 47 53
86 3 78
66 83 2
25 23 7
70 43 69
86 2 78
58 17 87
66 43 33
37 84 8
72 71 3
27 49 33
44 90 40
77 55 94
76 40 26
92 23 19
39 73 59
38 86 74
44 92 24
97 90 35
19 20 15
91 69 41
76 64 31
59 31 71
35 72 92
67 42 36
37 95 5
72 77 53
6 67 93
39 25 66
66 29 11
95 58 98
63 52 36
90 94 85
4 3 21
98 19 22
29 55 81
71 70 37
32 14 83
16 68 96
14 46 10
5 21 68
25 7 41
33 92 62
34 14 14
65 86 70
27 9 42
30 16 29
44 16 55
71 61 51
2 16 20
85 11 51
72 90 13
26 47 78
51 44 77
68 96 11
60 19 84
19 66 98
76 25 16
5 67 7
51 69 19
48 73 15
28 10 11
50 51 5
90 80 64
29 19 79
2 89 80
66 85 3
32 12 10
70 60 47
39 1 6
98 75 31
82 54 67
52 8 17
48 51 43
41 21 91
61 19 88
83 63 68
61 16 8
98 19 21
69 20 33
44 24 64
15 77 88
26 13 81
43 19 88
87 53 0
52 67 15
93 56 98
13 82 36
52 14 96
8 82 67
69 96 81
68 35 19
59 59 31
40 33 64
91 26 17
88 75 34
35 53 0
2 79 9
88 87 67
41 34 60
12 83 26
36 33 64
65 46 34
92 23 14
78 52 96
49 67 43
27 45 33
6 21 66
33 74 53
8 65 8
60 25 19
88 39 33
61 69 99
48 65 52
3 56 34
25 91 34
14 87 67
62 17 7
3 55 45
32 11 3
83 52 65
10 7 62
93 33 79
47 29 12
62 95 30
59 90 26
28 17 37
18 17 86
93 55 1
7 78 1
97 57 21
2 74 39
64 31 10
60 8 35
27 14 84
78 71 95
9 94 82
15 49 21
26 46 53
59 24 15
32 75 57
5 16 99
92 83 69
73 73 88
59 51 29
70 84 72
48 30 43
0 75 33
73 1 69
69 40 19
24 20 36
12 85 57
72 85 64
21 33 64
31 9 9
92 66 6
69 89 10
61 8 60
45 6 91
18 69 80
96 27 76
78 37 20
63 84 46
94 14 4
50 53 44
13 97 2
72 0 73
19 25 34
10 59 64
46 64 54
58 54 29
2 89 73
75 24 21
45 93 41
46 18 75
36 1 2
33 9 27
2 48 61
11 92 98
38 1 4
79 53 97
71 86 51
12 81 57
81 11 5
94 40 79
75 68 31
5 45 84
1 46 98
61 17 80
20 27 11
83 14 53
41 99 53
62 16 12
69 88 32
14 7 60
10 8 57
47 47 68
22 25 9
27 28 86
75 79 74
68 69 18
47 73 82
32 50 2
0 53 21
52 19 55
69 43 75
72 34 12
33 29 34
43 68 61
70 34 22
70 48 68
60 51 16
42 60 58
89 52 66
0 99 0
54 73 19
68 40 16
73 4 73
93 14 58
64 22 36
97 31 75
12 91 96
79 77 80
70 53 17
65 10 81
40 59 87
24 78 4
59 79 0
25 25 7
71 98 40
78 93 98
4 43 93
36 96 65
20 33 64
98 21 17
72 97 39
79 44 90
8 62 93
3 77 37
41 53 2
61 80 50
63 54 32
47 27 65
45 89 25
6 51 42
49 44 75
24 11 41
67 2 39
16 13 56
50 87 58
79 97 18
65 15 16
39 73 60
92 67 75
37 69 62
18 40 48
44 95 39
38 71 58
49 14 81
10 30 78
32 88 56
12 86 58
44 34 25
26 20 80
87 88 63
18 70 98
13 42 89
74 7 77
77 99 17
24 14 81
32 72 52
47 36 34
62 57 10
49 45 71
89 31 77
78 71 4
42 1 4
92 24 24
35 46 18
28 47 32
61 86 37
16 22 31
63 16 12
77 35 19
48 26 65
0 42 83
86 73 35
58 49 88
19 25 26
74 79 75
99 55 21
53 25 52
2 25 52
21 90 37
31 47 30
67 13 15
86 67 7
41 0 96
63 80 71
4 61 97
40 73 59
37 45 96
31 44 40
88 14 61
28 18 79
42 57 95
59 99 6
63 70 98
18 28 61
80 73 7
19 77 87
26 41 39
14 83 35
68 35 23
14 8 61
73 73 3
36 80 94
1 44 31
7 79 8
96 87 13
84 42 18
75 61 73
73 70 19
91 58 1
90 80 63
98 19 18
73 78 50
87 86 61
47 6 93
2 94 86
5 51 36
58 46 85
79 3 45
63 78 81
60 26 16
8 35 78
12 92 82
3 64 92
37 60 29
78 55 99
81 95 17
58 61 84
26 47 43
43 5 92
92 54 67
39 4 18
22 60 69
47 58 54
60 35 73
5 81 14
0 6 19
33 8 1
9 70 82
9 49 82
36 49 20
72 3 39
80 44 96
66 43 36
61 16 81
58 25 17
92 18 51
26 15 84
18 39 47
61 26 11
8 5 58
58 37 73
26 12 26
55 51 82
92 51 3
40 22 64
94 3 24
4 88 76
8 42 89
93 63 74
51 72 20
79 92 39
19 72 95
92 54 0
60 36 52
20 23 31
1 74 34
33 95 62
74 44 46
94 32 80
16 75 86
69 99 41
29 52 97
79 61 32
10 83 62
87 42 27
9 27 98
69 14 90
47 63 83
31 62 26
66 45 32
78 26 13
40 61 58
68 47 37
83 34 30
12 57 97
76 35 20
93 33 86
74 76 98
10 27 75
65 24 12
35 76 99
8 20 67
5 88 37
46 23 66
84 43 23
44 98 96
58 49 85
29 12 12
8 8 65
23 28 13
60 60 75
6 6 19
59 18 89
27 42 41
17 73 83
47 43 25
64 95 28
48 32 36
42 68 61
40 66 63
18 65 26
73 35 24
40 1 59
74 77 99
78 28 14
24 58 82
33 20 81
23 61 45
65 79 76
13 70 97
45 34 71
79 59 32
1 46 31
37 19 95
33 9 2
22 86 69
93 66 75
67 68 38
15 8 57
66 14 17
92 62 73
30 20 41
62 8 46
92 69 43
96 68 48
62 54 31
97 30 21
72 90 67
57 28 14
41 63 59
59 75 16
40 69 57
69 87 51
63 9 82
11 81 89
61 21 19
26 69 16
36 95 64
58 28 13
33 51 99
30 45 26
31 71 47
99 28 51
80 45 95
42 77 94
6 64 7
27 20 79
4 90 93
95 65 73
83 37 31
73 14 89
1 56 38
44 23 52
76 52 95
33 17 24
42 4 93
26 93 61
8 58 39
64 26 29
96 13 95
90 74 33
82 69 2
17 39 90
31 88 54
45 60 67
10 0 72
10 82 56
85 71 2
36 70 80
2 45 1
1 42 33
35 81 93
62 88 73
43 67 61
36 80 96
92 24 85
58 91 27
91 12 55
96 30 53
1 89 98
75 78 77
60 79 49
40 4 88
14 73 87
95 88 16
8 28 78
33 48 21
97 17 0
72 1 67
29 43 41
68 70 35
75 31 19
62 16 82
34 50 18
91 24 15
33 21 95
99 18 16
76 1 74
13 76 89
17 70 81
98 77 35
33 83 90
71 15 46
77 58 11
8 1 8
31 71 51
26 15 40
78 66 33
67 47 37
74 60 12
67 14 89
95 13 51
65 49 36
35 79 2
39 94 38
35 75 57
62 78 50
48 17 97
42 31 22
69 91 11
73 29 10
94 24 20
99 82 11
75 54 98
97 94 36
41 88 26
41 21 89
47 3 54
60 76 19
8 20 86
28 52 0
12 74 89
18 91 36
84 51 65
41 34 66
24 65 2
24 93 35
33 45 41
94 10 50
0 77 30
47 43 68
1 26 52
96 17 2
27 14 39
94 23 13
32 11 7
57 62 81
11 50 81
35 79 4
88 52 3
93 13 57
66 74 23
92 20 50
45 18 96
43 15 94
7 0 7
74 71 5
87 29 18
3 24 51
27 48 43
8 97 7
24 1 89
39 57 93
73 46 49
30 73 56
18 78 86
99 41 34
71 23 33
85 40 16
68 95 7
71 55 18
69 14 38
94 27 21
97 83 1
98 31 25
96 26 76
10 69 81
11 80 69
34 23 94
41 93 56
71 75 21
3 49 61
9 54 56
11 13 44
4 92 93
1 78 9
25 76 11
50 66 42
63 54 35
11 99 27
39 68 80
75 23 13
81 56 90
14 86 60
82 93 12
61 38 71
73 71 35
35 16 9
93 38 76
73 42 60
69 85 52
45 58 15
19 70 80
60 22 20
98 32 80
5 58 45
44 15 54
33 30 33
50 63 58
42 89 54
78 83 70
40 72 97
27 78 7
70 7 95
50 8 18
31 18 81
70 98 73
73 70 4
69 46 64
31 12 23
8 65 3
75 99 69
60 18 87
81 23 7
78 71 6
32 2 22
71 95 13
72 63 44
10 28 99
91 62 77
57 37 72
91 22 12
41 99 50
0 79 11
4 36 77
61 94 26
63 38 50
64 83 46
73 60 10
18 69 20
96 95 39
44 0 97
54 51 81
99 77 31
27 40 40
34 68 21
98 31 52
65 84 4
63 76 51
94 65 48
67 17 47
33 67 21
21 80 16
96 86 12
86 51 66
17 19 13
3 46 97
15 39 92
66 52 83
4 72 33
37 86 52
35 95 85
31 74 22
76 96 66
82 50 91
27 13 40
42 67 82
73 20 65
81 49 61
37 46 97
9 6 57
13 70 89
98 2 25
3 93 95
43 90 54
80 39 23
48 40 68
75 40 25
22 29 65
39 85 9
35 75 98
71 98 44
62 39 71
79 35 20
31 17 82
16 39 92
16 39 45
61 18 29
90 70 40
48 13 96
46 9 94
72 21 15
57 74 63
70 97 7
80 2 72
99 73 42
6 53 40
83 20 56
8 82 61
40 0 7
63 17 29
21 64 28
62 51 15
55 0 91
8 42 93
39 94 37
19 29 68
9 49 40
95 38 96
32 17 24
96 14 50
3 59 63
61 20 12
18 20 16
44 22 68
64 84 75
62 55 30
26 47 32
53 51 80
66 76 49
65 15 81
49 33 20
66 47 35
3 91 72
77 49 94
32 90 62
3 47 60
96 27 83
75 67 10
97 24 99
4 89 72
3 79 37
48 78 16
61 98 89
7 0 92
39 15 13
27 79 8
1 42 34
39 94 4
94 87 15
33 89 63
49 73 84
73 68 34
53 48 77
10 7 58
48 2 53
2 24 50
28 43 42
49 52 41
28 44 34
39 95 54
13 71 95
53 49 89
4 6 18
76 79 75
20 19 2
82 96 10
37 98 5
69 96 77
45 32 73
12 83 86
87 32 13
58 48 86
46 82 20
55 44 86
53 46 77
13 63 93
92 14 6
42 24 66
23 57 83
18 40 89
90 62 77
49 76 64
75 75 3
15 31 8
7 13 64
95 18 97
62 27 12
49 61 56
29 48 31
12 99 27
58 38 12
65 44 37
83 55 86
55 50 77
47 89 25
78 67 34
16 30 9
75 50 97
61 14 90
0 26 29
22 80 15
66 88 77
0 98 93
74 90 99
12 30 52
64 71 1
98 18 2
65 36 52
0 94 53
96 86 17
29 61 69
45 71 81
35 20 95
71 91 13
69 4 15
69 22 34
19 28 25
56 61 82
99 13 54
22 91 61
16 75 87
97 29 20
32 16 82
46 20 65
33 82 91
75 59 70
72 79 54
16 70 92
99 87 37
95 94 38
46 31 72
14 27 72
1 43 31
50 11 92
96 43 84
87 16 61
70 78 23
31 13 28
94 29 52
34 91 61
42 20 89
73 42 71
8 84 21
79 54 90
28 8 38
47 8 89
6 26 78
12 94 0
87 86 68
25 94 62
96 4 25
90 26 22
68 14 91
98 57 19
39 17 40
31 88 52
60 54 28
77 53 89
10 72 84
6 37 78
12 99 24
60 37 70
84 38 69
18 15 96
77 52 92
15 72 77
92 34 78
98 0 95
99 84 14
17 29 51
47 33 28
93 37 73
46 66 85
7 56 56
92 17 51
74 36 22
7 6 24
2 83 14
41 42 98
93 51 68
6 41 81
57 39 99
6 79 37
58 15 85
71 73 4
85 42 22
26 19 36
83 37 70
5 94 32
41 1 2
23 79 3
79 66 1
28 11 11
86 39 31
66 35 96
85 80 34
40 61 87
70 10 58
92 63 78
33 46 19
71 15 89
22 3 87
63 39 1
40 94 36
28 51 98
20 72 92
6 42 94
10 5 56
27 9 39
60 69 48
58 72 63
65 13 79
86 13 58
54 61 82
21 30 64
70 54 17
66 46 70
2 81 10
93 68 42
3 2 22
7 46 45
27 15 10
44 20 89
88 87 64
71 74 25
38 86 57
27 71 14
6 54 41
44 97 39
31 74 55
29 64 23
71 98 37
5 52 40
58 48 84
22 30 63
87 32 14
68 12 47
80 1 45
49 95 45
70 26 18
67 40 3
42 13 97
49 59 54
37 95 53
50 68 44
89 76 34
11 35 55
95 27 49
77 58 27
40 5 94
78 56 69
51 46 69
68 3 40
47 91 40
20 30 67
25 80 5
64 86 0
78 57 13
67 35 97
61 34 70
1 82 12
64 87 75
56 28 15
70 23 35
3 19 20
0 72 45
25 64 1
36 0 34
15 86 68
84 62 66
7 25 70
36 51 98
49 42 71
92 25 16
27 43 35
9 48 85
26 74 12
22 21 5
13 88 67
8 73 85
44 63 69
48 42 77
39 4 19
68 16 64
40 5 89
43 98 38
17 42 44
73 45 47
70 71 20
36 49 17
25 43 24
24 40 40
19 90 38
69 48 66
14 30 55
62 81 49
36 70 82
61 37 49
60 8 34
85 38 15
77 58 13
68 24 89
19 24 36
38 18 41
32 27 33
35 93 53
88 24 18
89 23 19
40 57 2
80 52 96
69 9 55
9 98 7
23 4 87
46 19 74
65 41 69
61 93 4
22 93 35
85 81 87
30 67 20
88 53 63
39 46 14
34 79 56
98 42 83
13 70 82
18 74 84
39 59 3
67 93 77
51 96 8
22 31 62
56 59 31
70 98 83
47 94 44
24 79 7
44 21 76
69 90 10
40 0 54
69 37 13
26 48 53
62 70 0
13 0 24
11 26 72
12 98 4
29 79 7
9 40 84
74 58 70
0 27 51
66 7 54
52 40 23
39 89 56
24 78 8
21 30 66
74 11 74
90 23 86
84 79 89
3 92 97
89 88 67
33 20 40
6 56 60
62 77 76
39 75 96
5 88 72
19 49 39
25 17 63
49 86 56
55 46 88
47 24 66
64 34 70
3 93 71
24 75 8
8 50 35
48 38 46
47 10 88
60 20 17
91 84 64
36 96 5
91 19 52
73 31 23
12 26 66
96 16 50
15 26 66
10 93 82
93 45 61
71 8 94
69 84 55
98 25 97
12 97 97
3 81 11
92 13 55
16 41 45
64 86 3
61 39 53
51 54 81
3 28 27
64 15 76
62 15 77
60 19 13
95 31 52
40 43 99
75 0 73
26 95 62
32 43 25
56 13 88
91 85 66
90 17 47
18 60 70
54 27 55
34 22 94
13 85 61
31 15 28
95 68 41
41 56 98
37 52 98
28 17 61
39 67 82
23 32 64
77 32 22
4 82 18
14 71 81
98 99 97
23 34 63
6 36 54
40 87 26
33 97 58
13 96 2
13 0 26
79 60 71
72 72 3
40 97 52
33 48 31
45 15 95
4 81 19
44 21 71
34 15 10
48 65 84
16 84 62
34 54 48
24 54 84
28 14 11
82 54 88
62 77 50
65 9 45
35 73 59
45 53 3
83 53 65
57 47 87
66 27 16
67 77 52
35 47 21
22 23 31
38 89 24
40 45 97
50 40 22
40 44 97
3 78 35
11 8 59
70 41 20
45 33 74
47 45 64
41 99 99
72 23 19
80 98 42
84 20 55
5 95 98
82 18 57
42 99 96
70 11 99
63 4 57
3 63 73
88 16 51
58 22 84
73 48 71
63 47 71
47 29 46
77 65 32
43 59 59
58 52 29
19 86 61
8 5 63
85 40 23
14 71 80
1 45 32
4 25 71
9 63 92
5 53 12
62 19 87
3 23 70
48 74 16
7 96 32
9 38 56
48 42 24
73 67 33
45 21 73
88 85 68
79 74 78
33 35 89
18 85 60
14 25 65
69 70 19
20 31 65
18 62 27
71 26 10
26 11 41
68 16 63
22 85 68
9 71 81
37 95 50
33 14 75
69 49 68
88 39 32
32 29 35
20 64 46
33 76 57
16 9 58
46 30 13
37 49 19
24 42 23
16 59 78
64 4 55
1 70 71
99 40 80
19 23 28
21 29 62
6 80 10
26 13 84
1 83 4
71 4 40
24 93 62
39 67 62
96 31 19
25 35 63
34 76 56
82 94 13
45 93 23
8 60 63
7 96 31
70 99 76
31 52 98
42 99 99
3 37 54
26 47 52
62 53 83
66 80 77
71 86 73
6 94 4
57 65 20
94 78 61
65 10 44
40 74 94
6 57 61
10 38 93
27 61 70
42 18 91
36 57 89
11 82 38
41 2 99
90 53 67
6 53 36
32 12 83
80 55 89
83 81 89
44 53 2
85 13 54
11 26 66
32 6 27
72 71 19
33 88 57
80 52 88
71 16 40
68 83 78
56 49 88
60 24 16
36 80 95
25 13 40
3 73 33
8 2 73
94 14 59
79 64 63
39 56 95
64 76 47
70 59 50
94 46 87
98 4 25
65 24 10
60 16 12
15 27 73
30 8 11
52 28 52
45 85 81
17 69 19
69 8 94
83 54 50
80 55 67
70 97 37
32 47 31
10 82 27
19 75 85
94 69 6
68 92 10
3 40 83
37 96 64
76 72 3
74 77 73
24 7 41
27 68 15
64 86 69
99 12 87
6 45 45
80 45 91
10 3 22
48 42 68
31 12 84
90 90 69
15 28 13
97 88 36
60 94 28
97 15 52
72 71 38
46 31 12
92 57 1
57 49 77
99 71 94
72 30 11
20 2 15
81 71 8
93 69 77
13 38 94
58 27 13
24 28 8
94 13 50
90 74 44
39 88 25
4 71 40
11 6 57
55 39 71
52 13 94
64 17 13
40 1 99
82 49 92
39 32 66
63 35 71
41 87 58
63 2 59
4 27 73
73 86 64
84 14 54
5 96 2
63 36 71
28 95 64
67 18 47
47 95 52
70 99 86
21 26 10
13 70 92
88 12 61
7 41 85
33 18 76
72 74 21
97 27 52
18 14 95
64 87 34
84 96 11
28 16 80
74 70 34
76 37 21
78 59 71
8 87 35
45 64 79
85 72 3
64 76 80
47 27 40
41 1 3
63 52 82
73 78 0
35 78 98
1 48 61
75 4 44
78 64 33
55 16 87
47 28 47
71 71 2
22 26 22
75 34 24
30 50 1
8 81 25
89 53 68
32 71 50
91 87 69
92 85 64
2 29 26
32 47 22
5 3 21
17 30 7
32 52 15
60 5 35
10 26 97
92 86 68
93 53 65
96 72 97
41 86 26
10 84 78
64 75 79
67 18 32
2 56 44
7 4 75
15 30 54
60 19 79
38 84 27
8 55 40
20 32 61
74 24 11
1 55 24
72 20 17
63 3 61
47 18 98
78 99 70
48 85 55
34 94 62
62 4 57
32 25 93
94 84 16
26 72 12
7 95 33
89 89 82
22 33 66
44 22 75
77 79 74
99 57 40
4 20 20
97 69 44
35 17 11
92 13 3
21 87 68
58 16 89
75 91 98
65 85 68
45 56 38
3 47 1
82 69 53
65 25 84
92 16 3
71 77 22
41 64 60
11 25 1
43 95 4
40 95 55
78 77 49
3 93 85
48 48 67
5 77 37
59 60 85
85 5 35
7 99 6
52 41 72
19 24 35
65 75 81
45 97 96
93 83 37
21 6 42
90 68 73
61 16 87
5 95 3
56 61 72
17 3 71
11 98 5
46 23 68
94 38 75
47 29 34
25 95 60
50 70 44
50 57 69
53 27 53
98 44 83
58 22 17
35 2 3
46 63 66
40 99 50
3 42 33
11 98 99
27 27 83
71 92 11
37 57 87
63 26 13
21 20 1
98 91 97
24 22 6
34 20 79
39 98 50
17 28 60
23 17 83
51 73 81
25 42 40
7 6 95
79 0 71
5 43 85
44 64 79
91 82 68
87 64 76
26 50 32
60 8 46
73 95 37
48 41 78
51 68 41
23 21 33
29 6 62
26 8 41
90 18 48
94 22 18
32 70 20
3 27 72
74 26 15
45 71 83
13 98 3
46 37 33
62 78 73
7 41 95
98 33 76
84 81 35
27 7 37
90 53 0
93 70 44
98 31 26
95 11 50
67 45 70
40 60 57
17 28 11
18 83 58
85 98 5
55 15 88
95 35 81
7 55 40
42 63 59
63 26 15
29 61 25
90 69 37
75 97 68
93 66 41
73 74 2
35 54 88
77 53 90
77 67 31
1 95 91
91 52 67
30 77 7
50 48 90
54 41 70
1 80 10
71 96 81
64 86 4
61 37 71
70 36 57
6 95 0
13 91 93
95 30 78
98 89 37
7 82 22
33 78 0
1 78 34
34 19 80
1 73 43
4 24 71
77 60 72
7 57 62
89 61 76
86 86 62
89 52 65
70 39 15
44 91 24
46 71 82
67 45 69
42 24 76
73 17 64
45 6 23
57 18 90
83 13 52
62 16 89
23 91 60
41 77 43
7 70 91
32 15 76
96 45 85
82 41 23
62 37 70
45 62 56
10 1 71
40 2 3
38 58 91
78 58 74
41 22 66
96 86 14
1 98 99
66 50 83
53 70 16
73 25 10
6 80 99
64 74 51
83 53 51
90 84 66
0 53 23
56 63 84
65 95 80
72 75 24
85 73 35
71 96 75
5 93 99
11 74 87
45 62 68
9 64 3
81 58 90
71 21 16
17 71 76
40 79 46
70 49 67
69 17 41
80 56 69
51 14 97
30 11 5
69 78 24
70 86 51
99 43 84
29 12 10
78 19 71
0 31 24
32 39 82
76 96 38
67 17 48
52 70 17
65 90 76
58 6 58
74 51 70
94 46 88
41 56 2
97 37 1
64 25 10
4 30 27
57 38 98
68 36 98
75 36 21
80 67 0
24 80 2
21 63 45
65 75 49
61 94 30
15 29 66
6 48 0
58 65 19
9 78 16
25 0 89
45 34 26
38 77 42
72 49 73
6 88 38
60 48 89
31 19 77
98 31 21
12 84 60
90 87 64
7 42 87
67 69 38
86 79 35
76 34 67
57 40 99
12 41 90
42 24 75
78 36 18
44 14 93
31 7 26
38 98 53
22 6 89
9 58 64
41 58 96
8 73 86
48 74 83
69 73 22
84 70 2
41 75 96
64 42 70
80 53 91
37 24 66
48 33 45
59 26 18
8 63 93
3 82 12
15 73 86
92 83 35
33 81 87
2 94 53
97 73 40
91 86 65
61 78 88
38 56 87
92 4 88
50 72 81
29 63 25
88 53 64
4 43 34
4 55 45
44 72 80
27 17 61
72 97 36
67 34 0
36 10 11
95 88 37
37 25 68
31 53 16
82 15 52
72 18 41
12 47 11
48 77 64
23 91 36
90 12 11
71 36 14
11 61 93
43 61 69
22 26 57
62 91 77
86 4 31
4 44 92
36 80 8
0 99 1
90 85 66
46 29 45
76 68 10
53 74 18
36 45 18
73 82 73
64 70 97
5 23 68
4 55 62
97 13 52
45 63 55
98 11 88
30 13 9
99 90 97
20 26 9
44 90 25
40 88 57
61 84 75
9 95 97
34 10 11
71 0 75
91 59 80
19 32 62
60 50 84
33 14 9
7 54 36
86 41 23
34 75 98
40 3 93
51 42 78
0 29 79
72 90 66
64 51 37
12 80 32
59 24 18
39 87 58
85 19 54
26 48 33
94 86 66
29 42 36
39 34 65
43 68 83
4 74 39
96 47 86
95 71 98
6 11 2
75 99 74
6 71 33
77 97 37
94 5 19
69 83 54
90 74 32
57 96 97
41 94 4
21 59 69
56 91 27
25 24 8
37 18 97
33 61 27
6 41 89
89 27 18
32 75 56
25 97 60
23 82 2
51 62 58
77 27 23
32 64 21
5 44 82
33 77 55
7 97 97
9 83 66
54 50 89
38 25 67
69 45 71
0 40 81
68 71 37
99 24 48
5 81 19
46 90 25
12 42 96
91 12 60
73 27 9
11 41 91
42 95 5
32 10 25
33 40 5
94 39 77
46 31 10
62 82 73
58 62 79
18 2 70
52 26 52
97 96 40
13 86 59
12 87 66
61 6 56
23 6 41
59 34 15
76 61 72
4 88 78
85 86 64
58 8 35
33 90 61
93 14 2
60 21 18
3 40 84
31 49 0
14 85 64
43 23 65
80 57 67
3 56 37
42 35 60
71 98 72
92 12 4
46 89 25
58 23 83
48 90 26
61 92 6
69 53 82
92 82 32
48 84 94
95 28 21
6 15 1
65 30 11
12 80 89
92 57 96
74 81 75
64 17 84
63 10 45
46 45 64
43 55 95
6 82 20
61 77 77
88 72 45
19 44 91
3 75 35
63 70 1
29 62 26
51 45 67
89 13 60
71 22 14
5 5 19
9 0 7
75 8 78
36 56 87
45 55 94
66 81 3
33 69 21
48 90 39
11 83 26
62 58 9
10 79 32
95 71 96
98 33 25
82 53 62
81 4 71
78 61 70
42 63 61
24 5 46
40 53 98
35 61 28
46 95 48
24 61 71
59 61 83
86 55 0
98 30 75
75 76 1
10 56 96
84 67 90
78 34 19
95 46 86
64 15 30
44 96 96
7 86 75
7 9 99
21 20 2
35 80 7
66 41 2
98 94 38
75 37 24
43 53 3
46 79 17
99 29 76
68 81 54
8 5 56
76 80 74
73 17 92
47 72 16
61 20 16
60 19 89
69 36 20
7 80 55
10 41 94
37 44 95
32 46 41
98 20 14
68 96 83
25 14 40
61 55 29
99 76 34
61 37 51
45 95 52
61 53 84
64 54 36
80 37 16
75 29 17
65 86 74
2 17 20
84 64 69
80 71 2
56 49 78
97 67 47
66 16 44
77 76 78
34 76 0
78 61 68
96 16 48
54 75 10
68 68 33
31 10 8
66 96 9
85 38 17
47 65 51
37 24 68
59 1 11
38 79 44
10 36 56
60 18 9
78 60 31
7 79 57
66 36 69
38 83 8
17 23 30
42 89 25
74 98 68
36 46 95
5 47 40
95 68 40
28 62 69
33 24 94
23 45 75
1 92 88
15 17 73
94 24 17
6 66 7
71 71 3
37 37 64
16 40 45
11 41 95
82 52 61
51 67 16
93 14 4
81 48 93
76 25 22
91 53 66
77 93 39
50 95 93
27 6 38
41 12 51
6 16 0
28 69 13
89 86 65
64 18 43
40 59 86
72 25 10
7 95 35
59 63 81
58 87 83
56 90 38
25 16 88
4 80 6
63 46 72
95 64 75
23 23 3
16 29 59
62 1 53
62 15 78
99 72 95
87 74 36
37 67 80
64 74 53
88 88 66
0 97 58
89 34 89
66 76 48
99 20 17
77 98 16
63 78 74
1 16 22
33 93 63
66 46 38
22 21 3
19 44 92
67 86 34
20 23 27
8 7 96
56 65 20
71 89 68
18 26 16
67 40 1
2 73 42
72 3 74
89 32 15
2 93 96
76 97 39
43 93 54
41 46 38
37 57 90
75 62 71
15 79 34
27 44 25
46 99 98
72 85 72
97 23 13
66 90 72
88 52 1
64 90 77
33 70 50
48 39 45
82 49 62
18 35 58
46 94 42
34 35 87
90 23 20
41 68 57
39 72 57
67 19 47
50 7 58
5 73 39
58 89 26
12 80 34
10 40 91
50 7 5
85 38 28
39 62 83
6 48 42
58 48 88
27 70 15
40 21 65
88 42 26
12 70 82
19 74 96
93 24 81
36 91 60
63 8 47
99 71 42
15 84 63
93 22 14
8 56 40
77 38 24
7 41 94
70 98 38
31 15 82
3 60 97
43 78 40
37 76 41
44 20 72
70 91 12
8 4 24
61 38 56
88 75 36
23 76 7
9 69 92
36 8 53
24 16 82
71 14 91
97 22 16
6 23 69
6 47 99
78 39 21
78 97 17
36 74 58
27 18 37
63 40 72
48 96 47
78 62 31
49 41 22
91 20 51
35 81 61
32 51 97
86 55 99
13 28 14
6 38 82
41 29 53
80 47 91
74 35 20
59 64 82
8 17 82
49 68 21
8 86 40
15 71 82
40 24 65
17 40 91
5 64 8
14 2 26
28 16 60
45 95 50
6 94 99
96 18 3
63 15 15
70 71 38
13 43 97
14 54 24
83 39 16
45 99 95
31 93 64
96 14 52
38 14 12
17 20 12
24 50 40
28 6 27
1 54 22
72 46 56
54 47 89
14 79 33
41 65 81
13 62 91
61 47 89
44 62 69
10 97 6
81 52 92
72 42 70
53 64 17
84 18 57
39 45 96
70 42 21
95 14 0
49 43 67
44 21 88
59 94 3
57 75 18
33 76 97
72 94 36
32 19 40
55 43 86
76 39 24
95 39 80
10 83 77
93 65 48
26 10 39
52 25 56
70 85 74
96 28 51
14 29 55
5 44 97
55 60 82
77 83 71
88 74 39
18 56 45
59 50 14
77 78 72
94 24 88
33 21 80
71 7 94
32 61 27
93 68 40
68 8 56
26 42 38
94 24 82
62 9 59
45 73 80
6 64 5
29 8 72
14 48 21
38 59 87
40 74 97
15 58 79
48 64 59
89 75 34
5 71 33
99 95 38
44 60 60
50 12 91
39 44 39
46 14 52
7 3 25
61 3 53
29 12 28
38 83 52
96 32 75
21 26 16
20 74 55
4 52 62
82 55 89
65 77 48
41 93 37
76 78 73
39 4 92
71 69 2
84 44 21
92 73 26
94 52 67
14 71 93
95 10 96
12 82 88
41 92 37
77 43 89
49 62 68
61 8 59
18 25 34
66 27 9
79 55 94
73 78 54
22 22 30
59 96 89
44 23 72
13 72 89
4 58 63
11 42 92
26 65 0
31 75 8
1 69 71
60 5 62
90 13 12
3 93 94
20 48 39
52 46 38
0 96 92
25 61 72
28 11 28
88 63 77
22 81 14
13 84 86
73 18 38
21 19 0
68 17 49
43 19 71
63 71 97
34 83 90
8 95 34
84 14 57
46 96 49
92 5 87
21 27 23
49 75 82
4 79 7
78 53 91
66 79 49
61 6 62
15 70 91
82 67 92
94 63 74
37 76 97
25 15 84
12 83 37
2 94 93
67 23 34
15 41 31
64 18 12
74 17 39
30 13 10
44 21 73
94 26 88
29 21 79
94 29 22
68 87 33
39 54 99
93 23 83
7 59 62
5 47 43
29 10 71
42 56 96
71 55 81
99 69 42
82 14 53
46 58 57
54 50 88
8 86 38
72 55 20
92 57 0
91 25 23
10 99 6
98 22 33
91 16 4
97 71 96
40 3 58
16 31 8
39 74 99
15 10 58
47 33 22
93 15 4
40 13 53
46 5 94
5 55 58
33 88 54
77 59 70
25 22 33
89 87 72
63 33 70
87 73 39
73 49 73
11 26 0
20 25 30
30 76 8
13 24 75
47 33 35
24 34 62
3 75 38
39 83 51
47 93 44
83 95 14
60 88 35
42 78 46
14 16 74
75 67 8
57 16 86
13 79 90
68 9 95
31 46 31
8 10 0
42 74 38
70 40 20
63 51 15
47 32 10
42 75 39
59 84 89
77 55 69
15 71 78
70 46 72
30 69 13
72 97 75
79 33 20
30 72 21
92 18 53
7 38 82
4 55 35
8 57 63
26 14 40
99 2 26
3 78 36
15 80 34
57 64 17
89 17 50
66 44 73
72 15 39
8 84 38
83 68 3
65 79 51
75 76 72
30 42 41
56 28 65
37 36 64
96 92 35
13 49 26
41 99 51
9 81 55
19 75 93
12 84 57
22 92 60
71 5 69
7 52 41
74 9 79
6 51 10
87 76 36
26 21 79
2 7 18
28 71 21
22 83 13
36 19 96
4 80 12
22 62 45
62 81 48
81 51 91
2 46 32
50 34 20
67 86 69
2 94 52
88 31 17
30 4 44
56 46 87
31 82 9
32 65 22
72 84 73
35 43 21
74 74 3
0 88 37
17 27 72
51 45 72
40 65 60
98 30 77
87 72 39
75 34 20
77 59 73
73 52 69
30 44 25
74 23 15
5 61 98
11 91 91
36 19 99
63 20 41
13 87 58
14 83 86
17 38 93
73 76 70
25 47 42
18 83 59
8 40 85
95 85 40
60 7 57
54 52 79
10 95 98
15 12 56
49 10 90
6 78 1
75 67 32
30 8 9
84 84 62
47 60 53
49 31 35
0 0 2
38 90 55
62 16 87
1 78 67
69 33 10
82 95 11
32 8 3
96 93 36
0 76 35
95 59 98
45 9 90
82 97 73
62 36 69
14 70 79
64 51 17
72 5 41
92 68 76
47 96 44
37 0 33
17 99 28
90 68 20
32 74 54
76 50 95
62 79 49
63 16 83
4 77 38
69 96 7
22 27 28
70 99 82
41 73 98
61 99 88
10 49 87
9 63 95
67 97 81
43 94 38
99 84 4
33 28 34
43 98 97
27 20 77
2 22 50
43 33 24
32 81 9
58 9 36
67 36 55
96 33 79
30 7 13
46 53 4
68 53 21
89 53 6
28 14 12
25 49 40
9 2 9
42 19 90
50 9 84
19 26 27
59 4 62
10 83 39
23 22 35
98 14 53
59 25 20
14 39 91
29 15 81
39 96 4
65 84 2
79 36 16
30 12 6
99 33 80
4 80 14
84 37 30
78 75 79
41 4 89
30 10 6
45 16 95
47 16 28
24 91 36
43 6 90
65 52 82
59 97 89
52 71 15
49 40 44
63 71 1
76 82 70
84 50 44
64 79 75
67 34 19
59 84 90
40 89 56
4 60 62
41 71 61
48 68 19
11 80 30
37 9 53
37 85 56
19 28 10
66 15 89
47 58 67
34 48 20
33 45 22
79 60 91
94 16 3
61 39 56
79 34 95
46 7 92
70 23 33
34 89 58
47 58 56
83 97 9
28 7 28
10 29 77
93 82 29
12 90 98
82 39 24
47 31 23
17 74 84
81 57 89
63 16 13
94 68 7
42 20 91
77 0 71
30 62 26
45 83 19
8 77 13
25 47 77
42 55 2
6 57 55
34 31 32
3 1 22
6 7 23
45 68 82
17 42 90
49 8 84
26 93 33
79 70 95
95 68 45
45 10 94
36 11 12
8 51 84
59 18 88
93 55 98
67 34 25
48 47 66
37 4 94
61 2 52
17 18 88
43 14 53
88 76 35
69 72 20
52 27 52
92 14 56
62 89 78
26 20 36
2 46 59
95 85 33
39 2 5
4 2 71
27 59 72
55 42 52
38 67 83
48 43 66
12 91 97
85 51 46
63 18 39
49 77 63
2 46 91
13 33 56
5 44 85
34 34 88
38 45 96
29 45 35
70 60 48
9 82 61
17 69 97
80 77 81
32 44 41
16 41 80
75 68 9
47 5 69
43 61 54
98 39 3
91 26 19
2 47 98
67 26 17
5 55 42
9 37 57
47 64 82
80 46 94
64 37 52
52 71 22
36 98 6
96 16 21
78 32 94
7 8 96
30 68 20
66 22 12
30 73 22
51 76 66
8 94 99
65 41 2
91 83 66
56 76 17
30 71 21
38 96 54
33 40 4
90 22 21
52 67 42
77 96 36
30 13 26
9 84 38
47 95 48
46 65 63
81 38 23
92 75 25
67 23 33
64 15 85
73 13 46
10 83 65
88 88 70
41 53 99
45 96 39
85 34 30
40 67 80
46 17 97
85 94 88
34 36 86
11 82 66
20 95 39
81 97 16
39 66 61
30 16 84
38 9 99
53 8 16
71 70 1
88 53 4
22 80 4
45 59 59
74 82 65
41 23 65
23 75 9
25 96 66
45 14 96
93 61 77
47 31 11
68 13 37
40 34 65
81 36 71
69 35 55
51 18 52
93 39 78
73 52 68
71 4 70
66 11 44
43 95 37
48 94 47
82 34 31
15 8 59
81 55 68
18 68 98
94 57 97
6 55 57
7 50 41
62 25 14
8 0 71
3 89 79
45 1 98
17 83 61
65 14 66
49 46 69
32 90 64
63 83 67
1 47 33
92 87 71
71 89 66
37 84 52
85 14 57
45 59 0
40 68 59
30 63 22
19 73 97
7 96 6
62 15 14
18 31 53
96 19 18
29 7 10
22 56 82
76 99 72
0 28 24
39 12 54
12 70 96
28 43 43
10 90 91
35 19 81
73 8 76
19 59 69
10 90 90
61 17 13
4 80 38
15 85 61
24 22 5
69 94 13
26 49 52
64 45 70
50 35 21
53 47 90
58 99 12
62 4 70
52 91 94
43 62 71
52 25 55
88 28 18
33 18 78
50 67 58
94 82 36
26 1 90
32 89 55
43 31 23
67 7 56
83 70 2
47 66 60
96 18 99
9 95 35
47 14 53
72 54 19
76 20 21
94 88 38
31 47 40
44 59 98
38 56 96
93 14 59
38 50 99
88 85 73
13 82 31
52 45 78
3 45 92
9 49 42
33 15 27
45 58 99
5 47 0
19 28 61
7 79 7
29 69 22
48 9 89
18 72 94
53 72 21
32 12 25
13 70 91
7 47 85
63 50 18
75 82 71
47 88 56
78 94 38
37 52 1
82 33 15
22 34 65
44 61 96
94 68 70
41 76 38
78 72 9
70 13 90
13 82 34
28 44 26
42 82 38
38 97 50
2 58 38
10 8 63
64 95 79
74 46 56
13 55 25
25 68 17
70 3 41
32 9 2
73 41 24
75 30 18
54 70 15
81 0 72
26 61 26
66 45 38
36 85 52
83 54 87
13 86 65
37 21 97
25 16 85
46 67 86
52 40 70
65 50 37
48 69 21
23 85 70
47 26 65
92 27 20
26 95 66
78 93 38
11 93 81
48 48 71
32 6 28
39 61 85
99 70 94
99 82 3
35 92 62
15 7 59
14 29 57
21 28 62
31 49 41
63 1 58
31 14 83
2 23 50
65 80 74
68 84 54
77 60 14
4 65 92
21 2 14
46 29 43
73 69 18
41 1 27
22 30 61
26 79 5
35 90 59
21 83 14
29 71 20
48 41 67
70 36 11
96 14 51
70 50 81
7 0 72
65 49 82
71 60 51
94 68 45
93 25 85
3 45 0
83 40 16
70 62 51
35 74 60
94 25 83
29 8 8
88 31 15
73 23 15
3 56 36
6 51 36
33 45 24
37 56 88
98 70 45
50 73 16
67 35 53
50 70 19
66 48 37
30 65 22
57 37 97
57 63 78
78 71 8
68 97 82
15 39 89
78 55 17
11 81 67
32 48 40
25 16 39
0 45 30
7 9 65
76 30 20
30 20 79
24 99 88
32 78 2
31 12 9
42 55 96
61 7 61
45 91 39
43 23 74
23 6 40
70 97 76
63 5 64
39 97 49
13 85 86
41 57 97
5 81 17
43 54 1
73 83 74
40 95 37
41 2 94
69 70 39
6 46 44
8 77 12
62 38 0
21 57 81
41 76 40
25 20 35
13 82 30
9 48 86
74 14 92
41 54 97
51 18 54
65 45 70
95 29 80
12 31 54
8 55 57
78 33 95
31 79 9
23 55 83
89 15 51
75 61 13
83 15 54
74 38 25
68 16 40
95 96 39
31 65 24
64 11 81
95 9 51
56 12 87
63 29 17
96 69 45
39 69 62
9 9 64
26 42 36
39 80 45
12 10 59
8 90 39
67 43 36
8 96 97
87 86 60
36 17 96
73 3 73
69 23 13
68 13 90
71 48 72
3 91 96
23 6 43
63 28 16
68 12 14
99 30 24
65 28 16
62 30 72
74 16 92
99 30 50
22 27 14
42 78 41
74 99 70
62 15 16
54 50 79
86 75 37
59 98 7
46 27 41
1 74 62
63 4 52
19 3 16
71 61 46
86 54 0
69 44 67
51 47 89
69 44 64
17 24 28
61 77 50
59 92 28
31 76 22
16 74 85
22 30 64
52 58 69
62 38 55
79 5 43
36 87 51
87 52 65
7 36 77
77 0 16
8 25 76
59 80 52
51 11 90
92 87 66
58 7 35
42 1 0
67 82 2
26 90 37
94 25 86
72 61 9
38 4 93
40 57 94
74 32 22
15 74 88
62 5 62
3 18 18
9 72 85
94 52 65
49 69 20
69 38 18
76 10 78
35 38 86
62 86 70
59 39 71
76 75 2
69 36 24
21 31 68
81 1 73
27 93 35
29 14 87
70 77 52
56 49 91
74 84 66
10 98 96
44 56 93
68 34 22
28 33 22
98 26 48
70 20 33
71 49 74
53 50 78
38 82 9
74 35 23
19 70 82
30 78 8
43 94 39
63 15 79
66 87 35
8 58 65
74 42 59
72 19 65
47 41 79
71 97 12
72 41 24
6 42 85
66 26 30
65 23 13
32 48 20
66 54 82
71 89 67
64 5 53
33 17 75
66 66 68
44 9 92
37 97 66
89 83 75
65 74 52
8 81 54
48 61 55
97 28 50
19 28 70
70 18 18
95 67 71
60 8 33
96 57 22
49 11 90
63 83 74
5 79 0
41 79 47
73 22 16
2 26 74
91 57 99
12 26 2
84 12 6
62 94 3
8 78 14
81 33 14
6 80 16
15 0 29
60 19 83
70 96 12
98 4 68
27 41 37
75 79 76
19 23 30
94 83 33
43 22 91
69 15 44
18 20 15
5 66 94
33 13 83
31 75 23
43 65 62
79 28 15
28 79 8
27 47 77
74 28 17
16 26 72
96 36 98
60 95 27
21 22 4
27 42 26
36 91 62
59 74 19
68 0 41
91 22 52
27 17 95
23 34 67
47 44 68
48 29 34
13 10 59
17 26 66
39 95 4
89 72 44
43 57 99
75 25 23
32 13 8
69 17 19
78 70 32
14 99 23
13 47 12
5 27 77
70 47 65
4 45 86
79 78 79
45 8 93
40 22 88
35 67 80
77 69 9
80 68 6
14 75 88
89 22 20
88 52 5
70 44 68
45 14 94
90 21 13
41 1 56
94 85 64
93 38 74
89 80 65
65 96 80
67 89 73
96 15 36
6 42 86
50 43 77
61 74 19
38 96 51
69 52 20
33 79 3
63 5 56
45 15 53
11 48 82
58 30 72
84 43 20
91 67 74
10 97 8
21 32 68
19 72 96
10 39 92
23 3 87
60 33 71
45 33 22
33 40 6
55 42 70
69 98 36
45 91 41
14 28 67
18 24 29
42 80 38
45 12 53
63 17 31
87 12 62
92 52 65
16 21 12
34 76 98
36 76 43
29 44 25
91 56 1
93 11 52
2 95 58
26 16 83
31 74 56
6 95 33
77 39 27
83 12 7
73 72 87
8 48 39
58 19 89
59 99 90
89 79 66
48 60 55
66 6 55
21 34 65
62 9 61
38 3 17
13 96 98
30 93 63
93 83 33
92 61 76
0 73 43
79 58 34
6 1 7
78 52 90
14 30 56
69 68 19
41 77 40
89 70 39
59 53 87
25 23 5
4 89 75
28 20 79
