75 79 76
53 23 97
44 48 77
64 13 17
39 37 78
34 82 79
78 5 48
28 62 66
73 17 2
43 33 6
77 18 11
57 85 34
46 54 1
10 62 30
20 64 64
66 76 31
63 80 60
48 49 80
65 15 94
49 85 51
48 51 67
28 27 50
22 58 70
6 49 27
74 97 53
75 51 39
13 76 60
24 26 75
95 12 98
17 86 1
79 65 39
17 61 80
75 63 53
64 47 92
89 89 79
62 34 50
11 44 38
17 98 97
98 50 20
31 29 68
6 59 75
24 43 10
5 60 75
14 15 99
48 2 59
49 98 33
68 23 70
83 44 40
41 30 88
7 59 18
86 4 1
69 84 43
99 44 66
75 22 32
87 41 80
49 0 37
63 2 23
90 50 29
75 28 22
88 19 74
16 70 10
92 62 70
97 94 10
8 63 30
17 26 42
53 29 81
24 91 43
93 69 42
18 11 26
68 78 45
97 37 96
25 45 57
16 27 12
65 8 62
67 60 66
82 92 41
64 47 64
3 74 47
66 93 45
44 11 85
33 42 17
49 0 47
41 24 76
21 98 67
91 81 46
1 50 9
80 82 26
67 36 95
66 62 15
46 9 22
13 8 76
9 92 81
5 23 65
24 14 83
46 72 35
30 42 53
92 11 72
64 73 42
2 17 16
57 41 95
4 4 69
0 57 81
70 12 57
41 22 65
39 7 34
77 10 55
33 6 60
20 64 67
71 50 60
40 53 53
93 0 57
77 89 78
68 50 53
73 52 21
92 93 18
57 69 84
89 54 68
90 33 92
67 60 13
43 91 3
46 69 28
26 62 78
79 71 93
88 18 66
72 10 97
21 67 32
44 54 67
72 3 66
21 49 73
81 50 38
46 30 12
69 50 46
82 56 77
38 27 59
45 41 66
12 7 53
38 39 83
18 95 6
86 12 58
20 15 0
28 16 10
37 52 17
27 47 96
94 93 17
52 16 36
93 70 28
64 86 68
52 27 91
82 51 49
9 21 49
22 99 8
82 13 51
27 9 19
91 19 38
0 86 75
11 61 87
18 73 19
31 52 68
49 98 39
87 34 65
0 88 21
50 2 12
81 84 24
21 4 55
16 84 89
28 91 97
37 29 66
66 61 87
78 88 5
30 18 21
57 70 67
18 40 96
69 50 84
70 27 27
92 79 1
33 35 89
29 88 69
80 59 33
56 42 96
89 38 16
9 12 97
74 82 62
94 89 7
2 59 80
5 26 3
40 4 64
2 37 42
40 25 76
74 59 9
82 50 49
94 90 8
36 16 15
63 86 74
46 85 61
66 97 79
94 66 12
6 58 56
64 24 89
29 58 45
69 79 59
20 16 99
42 47 51
17 60 72
71 69 96
3 24 59
64 8 63
83 8 28
89 97 58
81 59 91
78 43 25
10 83 61
65 13 68
30 87 69
51 26 47
81 46 98
5 23 67
54 48 62
96 38 96
34 22 49
16 59 26
75 21 9
18 6 25
51 0 93
70 2 64
49 50 10
58 84 61
44 47 93
87 26 1
20 38 49
74 14 74
7 12 96
29 5 96
95 71 43
69 64 26
26 76 28
82 12 71
78 88 32
52 61 9
6 37 8
57 44 36
92 40 73
79 99 39
62 76 0
78 63 90
62 72 21
98 6 12
6 16 43
39 83 15
77 58 30
1 62 23
58 28 2
22 46 83
28 78 57
58 53 42
60 81 61
4 4 21
93 14 82
10 11 94
89 17 70
7 64 30
76 49 30
24 2 35
44 51 15
16 86 39
23 10 65
45 94 39
13 21 30
27 52 4
98 65 30
61 55 36
93 51 66
20 92 70
61 14 7
32 48 30
66 35 78
80 21 30
62 87 64
23 36 25
63 78 50
82 12 69
56 22 39
76 88 77
87 83 69
70 58 91
10 51 94
34 73 78
75 24 32
43 71 15
67 35 99
58 83 36
48 40 12
84 59 43
61 5 22
28 95 46
19 72 89
41 55 15
2 86 21
81 6 87
43 89 95
80 93 41
31 27 48
84 39 0
76 33 46
76 47 17
47 49 0
62 1 92
16 75 24
14 69 72
61 94 69
15 96 25
41 64 84
17 63 39
94 17 28
22 43 24
35 65 28
62 95 27
31 5 37
63 45 0
82 57 56
4 20 49
94 28 70
86 49 21
1 94 18
33 7 88
72 51 78
15 57 71
86 50 37
61 22 83
25 94 77
0 32 80
31 48 94
10 62 14
3 38 41
70 52 43
93 10 77
91 5 80
71 97 33
33 15 46
24 87 61
11 72 63
89 76 59
92 95 17
59 2 65
11 80 52
31 40 15
15 65 47
33 79 20
58 14 14
89 17 89
44 45 95
11 68 83
74 76 99
48 63 48
55 66 84
26 32 58
11 43 84
80 91 96
7 38 7
82 20 95
31 94 13
68 70 80
53 23 78
35 45 85
59 55 34
35 55 39
25 95 36
90 70 90
16 24 55
97 37 72
62 19 2
16 84 88
17 74 24
90 3 79
95 52 55
90 27 18
91 82 16
74 1 20
83 26 23
62 68 62
78 16 38
55 35 73
64 56 16
65 88 14
77 48 72
65 54 7
83 4 51
77 22 42
86 4 99
63 59 90
8 86 51
46 46 43
8 38 86
84 27 48
83 69 55
89 9 56
38 74 22
82 19 31
32 82 50
47 11 5
60 29 26
36 59 2
22 79 37
59 82 36
40 48 36
56 65 57
92 12 71
41 23 86
26 49 64
56 46 19
61 20 48
8 69 22
83 76 25
1 72 79
63 82 30
59 53 43
34 29 77
39 94 65
85 37 29
70 14 58
93 2 31
41 80 37
15 62 50
89 36 86
49 65 80
23 27 42
19 80 69
74 78 77
25 5 88
14 91 82
65 84 32
39 27 14
68 63 4
33 77 89
76 38 53
52 13 32
13 12 16
56 53 60
2 28 66
15 39 81
49 23 76
80 73 73
86 48 20
13 30 87
58 22 83
27 64 82
33 31 98
91 83 11
78 87 85
90 86 69
23 66 53
76 88 35
4 96 23
35 1 0
85 48 47
38 75 60
57 11 42
47 52 68
9 94 63
57 97 41
72 11 28
29 97 75
70 69 31
65 66 42
30 24 69
19 64 8
93 37 83
42 72 16
26 72 34
93 23 64
41 84 14
48 19 4
60 57 95
68 31 86
5 93 73
93 32 14
38 92 92
18 61 12
8 70 23
60 1 71
98 34 39
11 81 50
15 87 24
51 97 42
18 65 47
64 24 66
34 28 0
5 31 51
50 4 15
18 89 34
29 75 38
73 52 22
21 79 62
68 90 94
54 83 93
74 17 77
68 25 13
67 6 85
35 99 90
44 85 11
55 11 78
99 69 95
88 82 68
7 21 63
12 69 84
58 76 10
63 27 59
46 32 25
33 21 53
6 24 46
80 16 39
5 27 36
81 35 43
44 91 95
40 91 59
10 33 21
12 22 38
19 14 4
70 20 38
73 16 3
71 64 96
86 82 39
56 66 56
50 46 58
14 96 22
62 39 74
66 13 74
73 13 32
51 22 36
50 67 70
31 67 69
72 30 49
20 3 54
10 48 62
52 58 31
85 96 19
26 78 94
74 22 16
92 34 87
85 32 82
21 75 85
4 93 59
19 82 11
25 91 41
25 87 63
32 42 18
36 3 7
88 31 59
41 91 4
49 61 2
24 90 44
6 2 67
52 11 51
26 8 20
70 86 58
22 78 61
95 72 22
90 4 79
33 11 9
82 95 15
36 63 25
9 21 64
84 58 43
27 23 68
78 14 35
89 94 95
40 32 94
66 62 73
70 95 67
2 39 21
5 17 54
77 47 72
77 5 80
20 1 49
30 89 7
20 73 48
7 38 37
50 69 70
7 69 4
24 75 59
62 53 34
22 90 94
91 76 26
69 91 2
53 89 32
81 68 96
2 43 23
38 62 51
49 26 57
79 30 43
19 64 7
98 7 41
62 90 81
12 25 26
91 92 93
32 47 69
74 17 48
79 21 12
45 61 46
52 81 51
82 85 75
45 73 73
96 63 94
28 78 49
29 95 34
36 17 89
41 19 50
37 43 0
75 37 77
59 69 3
54 8 87
65 41 5
19 22 17
93 21 80
28 6 61
22 25 98
43 24 68
25 90 95
34 0 37
75 87 33
45 73 94
98 54 20
99 30 81
44 1 54
37 24 3
82 62 37
47 32 38
84 97 6
38 67 16
59 1 89
9 22 65
68 30 87
63 42 96
61 85 34
68 63 26
23 40 32
67 10 62
38 47 26
8 72 38
16 33 40
76 72 6
86 36 50
1 14 10
64 43 13
84 41 88
38 36 42
97 36 27
1 37 70
27 14 53
80 86 79
14 43 7
5 74 49
32 14 11
17 26 43
85 63 1
14 76 77
69 8 47
13 98 18
86 67 42
62 67 94
69 57 93
63 95 94
55 1 25
32 16 75
43 45 29
49 32 89
70 12 5
64 81 59
70 38 35
37 44 99
50 68 91
56 97 72
98 67 96
85 55 24
17 29 10
25 69 95
74 3 41
68 65 47
77 61 45
51 40 44
49 40 66
19 38 30
54 92 83
86 31 84
17 73 12
29 58 96
14 52 55
37 58 63
62 95 68
46 98 72
10 38 24
2 25 9
53 54 27
92 23 95
14 60 0
43 71 18
1 52 39
4 68 70
91 19 13
73 3 30
32 39 20
92 92 82
52 81 98
57 93 80
67 50 28
36 6 36
72 15 69
81 13 59
9 22 66
6 74 50
76 93 79
65 63 72
94 27 71
43 49 79
29 43 44
50 34 1
75 48 16
76 75 37
50 61 1
59 57 35
47 70 29
70 86 13
75 70 49
89 8 37
26 64 25
8 37 22
74 15 3
85 69 93
84 76 63
94 27 19
31 29 4
77 6 36
5 25 46
37 16 89
2 15 10
69 88 95
56 97 16
44 65 62
12 80 49
52 7 42
91 61 73
73 9 96
47 77 85
37 73 23
62 86 73
75 2 51
62 91 19
6 60 58
24 43 7
17 1 33
9 69 23
4 3 38
3 84 92
51 34 92
41 70 14
72 64 96
51 74 60
23 37 52
56 10 40
18 74 82
54 97 72
66 43 62
17 0 84
24 44 11
32 70 9
72 89 79
81 93 42
60 57 70
85 69 86
19 60 80
14 7 1
67 12 17
4 16 68
98 14 40
20 56 72
68 78 58
45 51 53
71 56 90
77 72 25
46 40 59
10 9 82
89 93 93
82 68 96
37 34 63
2 45 87
75 60 66
16 62 40
97 12 24
49 71 35
18 63 6
13 63 30
25 3 87
46 94 57
78 32 44
6 47 84
32 7 55
16 11 99
0 56 48
61 96 95
29 21 69
77 14 72
48 37 24
98 95 89
91 34 35
16 72 11
71 35 16
88 34 64
24 94 38
57 11 61
9 46 62
26 65 82
63 2 10
68 1 40
67 36 68
16 63 19
28 48 95
46 54 90
69 13 57
34 48 53
82 17 39
33 50 94
41 71 6
56 34 43
46 97 74
59 34 76
1 4 77
90 20 39
77 38 4
25 18 25
25 37 37
51 74 35
77 74 38
87 88 79
88 4 0
70 55 0
49 68 72
73 46 50
9 83 91
98 3 15
70 5 14
34 69 21
1 37 24
99 34 36
50 38 39
62 67 70
15 50 3
25 84 45
6 24 24
43 66 63
25 29 55
39 60 34
26 5 79
53 94 95
22 10 66
6 22 65
6 37 86
83 30 22
87 89 25
10 91 11
66 73 44
39 60 33
40 11 99
62 44 99
16 70 91
20 71 23
72 87 60
94 9 60
52 39 40
31 39 16
59 65 76
77 30 63
16 46 10
88 88 78
7 85 80
78 20 53
10 74 41
82 51 38
62 46 82
29 79 56
71 33 50
99 56 37
37 32 35
76 21 31
36 74 22
61 42 97
63 54 99
92 9 76
97 73 8
79 59 24
36 74 77
6 22 48
16 12 90
47 71 36
31 72 97
18 29 20
71 11 6
86 31 93
68 45 17
12 95 69
25 40 47
50 41 64
89 41 55
82 98 3
38 6 61
69 73 95
77 78 21
80 52 38
47 54 91
55 78 4
2 36 99
1 58 81
82 77 8
55 35 43
7 86 81
14 53 56
12 37 61
54 57 16
59 39 85
43 94 53
82 31 20
35 98 13
88 79 95
29 48 66
5 59 74
60 41 10
78 85 47
17 90 64
80 45 95
6 91 13
11 62 7
43 78 41
26 66 91
67 78 82
27 79 97
85 38 28
94 70 43
91 87 78
71 86 56
37 59 90
85 83 40
81 68 98
23 80 26
96 12 94
49 65 51
18 99 31
77 28 42
41 89 33
52 94 48
49 33 0
33 11 27
43 36 54
28 98 94
7 50 26
55 16 42
66 42 1
54 17 12
70 95 53
27 2 26
8 1 14
38 59 82
38 47 10
98 21 87
65 21 19
96 58 7
96 33 45
92 87 59
37 32 86
38 31 96
20 98 87
96 90 40
55 92 28
45 92 52
48 74 16
31 1 20
30 36 58
48 76 16
10 18 30
91 74 68
89 86 91
62 21 48
31 52 71
10 74 40
78 33 43
87 82 31
30 50 93
28 46 26
75 93 36
6 44 5
94 77 98
30 21 23
52 15 89
56 70 67
68 5 84
88 30 17
40 3 5
4 20 0
54 53 85
95 28 18
15 46 30
89 34 58
59 1 72
92 21 81
92 30 14
14 7 76
71 51 60
78 45 85
84 9 15
66 37 9
74 72 45
41 74 74
42 26 25
8 25 6
91 58 11
29 95 35
92 91 46
1 78 55
58 38 84
73 84 59
83 70 51
33 66 76
50 74 10
58 21 83
27 92 76
35 89 94
4 93 74
45 21 3
89 19 88
45 86 82
76 69 48
57 15 68
21 35 29
93 91 84
81 17 38
83 41 86
15 11 20
17 45 11
82 6 6
59 77 10
95 55 40
16 38 82
69 2 39
31 73 28
1 30 83
99 14 72
52 1 12
58 95 87
46 15 58
37 84 97
28 20 24
11 31 65
73 28 66
10 57 57
75 33 60
77 6 50
53 46 85
51 51 6
71 63 70
16 45 29
45 17 14
18 23 16
92 71 15
46 53 21
13 79 6
80 54 82
9 47 61
14 27 72
1 93 40
64 29 26
14 98 23
51 47 3
3 4 75
51 1 78
21 90 57
8 77 17
15 50 57
32 7 88
25 30 54
47 5 70
25 31 28
17 20 29
72 74 48
92 19 14
50 76 2
3 66 4
22 37 92
9 60 28
69 29 85
98 0 27
88 17 68
56 18 98
48 96 20
25 83 51
36 97 97
5 0 52
78 51 29
58 96 6
57 1 39
10 68 35
73 53 28
56 76 65
65 12 65
30 20 22
40 88 61
79 13 35
51 45 76
40 88 82
3 72 86
52 29 62
44 84 52
61 82 48
90 37 85
89 62 5
34 27 68
37 83 79
53 41 35
71 22 38
11 12 94
39 68 42
81 59 2
15 13 32
45 67 13
83 10 88
18 38 68
2 42 68
21 67 52
22 13 40
76 52 2
29 98 61
76 18 26
36 21 39
23 93 14
27 42 6
1 54 38
18 99 33
62 40 73
29 78 50
38 63 53
20 73 28
43 15 39
97 63 95
50 45 5
11 16 15
45 67 91
14 43 72
7 36 73
66 2 70
30 51 70
20 16 1
74 82 27
65 4 22
8 91 47
87 61 30
7 30 36
35 77 81
35 73 77
6 69 89
16 84 80
95 18 88
34 50 13
23 76 72
20 68 31
61 9 87
66 39 37
86 60 30
76 13 6
90 84 10
62 67 62
71 98 70
12 82 50
66 54 7
0 0 89
12 77 30
11 75 36
85 76 63
98 86 61
49 7 82
34 47 89
4 22 56
90 83 54
68 47 16
33 34 32
14 63 49
30 23 85
21 14 36
39 48 9
51 14 90
11 49 1
52 75 91
68 92 83
82 58 9
6 57 57
30 9 92
46 54 22
13 24 42
40 54 52
40 37 67
94 60 49
52 49 37
59 10 79
44 64 15
50 15 42
87 37 51
49 70 71
13 35 12
64 17 57
16 8 36
45 13 22
29 11 70
38 84 86
7 65 29
58 84 35
15 46 28
64 94 94
57 34 75
79 14 39
57 20 35
63 35 14
33 0 38
71 33 15
62 57 69
25 63 11
49 34 23
6 75 63
83 57 44
29 42 52
13 95 23
0 1 41
75 35 63
23 80 35
15 55 57
62 96 68
55 15 44
8 13 96
43 61 9
54 93 94
58 22 99
66 62 46
40 11 0
71 7 75
74 47 38
26 1 73
8 28 23
6 39 65
79 14 61
35 97 42
49 58 23
51 36 27
38 8 77
49 61 88
96 52 54
1 44 24
13 55 12
5 52 77
29 12 9
78 69 63
5 98 24
77 22 17
79 90 95
0 53 39
69 19 94
8 47 62
41 83 15
34 77 80
77 77 17
21 50 51
16 72 56
61 68 63
79 71 6
58 80 55
30 1 81
31 22 22
17 23 15
54 14 16
4 25 15
98 22 87
36 21 85
98 81 94
99 66 1
83 11 70
32 13 10
95 19 64
82 74 25
84 4 50
76 14 31
78 30 42
57 33 40
65 83 58
4 15 85
99 6 41
45 10 68
14 99 40
29 37 45
23 26 76
35 52 26
10 77 1
12 12 17
21 15 77
62 38 50
23 25 11
95 91 25
75 82 89
51 75 77
77 98 7
77 91 86
22 76 87
23 17 14
32 85 68
80 22 12
4 52 67
32 48 69
8 15 96
30 88 68
28 64 46
19 27 81
83 38 85
44 6 15
76 51 38
43 68 63
4 18 55
99 1 27
87 55 50
27 82 15
92 37 83
16 16 84
70 84 43
17 71 11
37 27 29
23 15 49
0 70 62
82 73 24
5 73 86
81 69 29
22 31 78
48 95 90
65 63 14
0 67 30
32 62 26
87 1 71
10 2 59
91 34 93
85 15 1
57 31 65
91 99 29
17 35 56
33 83 50
52 90 31
77 16 36
90 19 68
16 57 92
78 39 19
85 15 80
86 71 83
16 64 3
22 36 24
15 83 90
88 31 89
69 61 16
0 75 36
82 0 40
72 34 7
8 37 8
50 77 68
52 66 21
75 68 75
42 74 27
12 27 39
6 2 73
78 59 76
67 48 15
21 13 56
7 31 51
14 63 46
96 95 17
50 27 47
97 95 91
85 48 7
83 7 41
63 46 89
73 12 34
37 64 52
37 60 1
16 49 64
66 40 61
45 55 22
4 72 85
79 53 73
7 72 9
59 39 60
48 62 71
26 94 37
57 26 30
69 63 71
3 40 20
59 55 37
37 44 62
54 79 97
94 53 59
66 89 81
54 45 84
12 40 82
29 44 38
38 21 30
37 75 77
48 21 54
48 61 72
12 3 59
75 83 80
51 14 20
22 56 12
32 68 70
30 34 66
29 42 6
48 94 85
25 1 72
31 20 5
41 62 91
69 68 8
48 85 31
98 77 21
55 85 5
21 36 27
72 67 82
12 46 12
61 87 65
30 68 70
24 51 74
97 76 88
31 9 85
10 77 18
1 5 58
91 70 93
39 56 35
44 83 82
42 10 0
76 71 24
64 94 96
14 68 55
16 15 79
90 85 67
93 84 29
44 55 68
35 32 60
63 14 35
67 30 84
75 21 10
92 91 45
93 44 75
21 8 27
40 38 94
70 88 62
4 1 42
85 1 14
71 54 45
9 96 26
21 57 71
80 69 97
96 5 46
0 1 78
44 38 73
59 96 87
17 99 42
61 66 89
48 98 38
16 78 89
91 81 51
85 9 61
89 71 63
66 45 18
14 13 34
81 5 32
41 17 24
93 89 57
85 61 3
99 22 70
53 43 0
41 50 41
71 70 67
18 68 91
7 98 26
92 71 14
82 77 55
24 10 91
60 95 96
17 82 67
90 13 72
32 72 97
23 92 86
66 60 72
20 27 79
97 36 53
17 94 87
71 72 44
48 63 77
53 69 21
93 53 23
57 72 40
63 11 4
2 81 34
87 46 10
39 44 81
73 35 10
45 5 88
71 75 47
48 22 30
30 22 37
97 97 93
35 32 33
59 82 60
53 43 25
19 70 57
50 74 60
63 45 80
41 16 81
12 77 42
13 3 99
67 60 71
74 35 66
63 41 95
78 78 18
99 88 84
2 19 22
12 26 40
65 31 42
1 2 78
77 28 61
57 28 19
82 70 30
38 3 94
91 93 19
7 40 94
41 10 1
35 59 84
49 67 83
94 16 27
14 34 13
80 82 24
0 66 15
77 37 54
72 36 10
89 21 38
79 15 38
57 38 41
85 99 52
27 48 63
39 48 38
12 1 57
71 71 46
64 40 9
73 35 9
93 92 48
65 78 16
19 28 5
63 41 10
76 13 89
6 59 58
88 91 51
69 64 3
32 10 84
77 89 32
8 65 93
91 11 74
62 92 73
48 10 5
24 65 25
90 81 29
61 91 82
52 74 63
5 51 28
16 69 54
0 52 8
8 29 80
53 46 81
26 2 87
41 25 22
14 66 48
48 1 46
87 41 61
64 9 3
72 77 44
60 66 33
5 28 4
45 95 40
34 56 11
82 58 3
27 64 24
6 55 95
25 33 82
67 63 39
54 82 30
22 53 31
85 85 8
55 85 35
7 16 54
8 37 74
24 57 79
52 58 57
84 11 60
41 69 4
56 33 76
13 19 47
57 11 9
27 43 19
63 40 99
42 47 31
88 89 32
37 17 41
18 97 95
13 3 59
38 98 73
53 6 54
33 62 20
40 9 39
10 15 41
5 6 55
40 31 95
31 50 71
51 34 1
0 70 66
66 62 66
40 81 88
24 8 35
12 18 47
39 10 45
6 97 25
92 70 27
62 52 35
42 70 4
60 23 48
50 64 46
82 53 99
71 44 97
54 46 75
93 59 35
0 93 77
99 93 78
25 11 19
63 72 20
82 95 13
16 47 44
99 80 83
86 32 51
57 59 70
62 71 22
16 96 97
58 77 89
83 61 43
99 46 42
37 96 96
90 9 36
93 73 51
69 80 11
88 0 72
74 30 21
58 17 24
71 87 13
50 86 44
16 72 81
78 75 37
90 53 67
83 0 54
41 48 7
5 14 2
44 23 77
84 41 85
36 52 4
26 32 99
39 77 77
63 43 75
39 21 11
72 86 59
28 24 84
26 47 0
80 52 39
14 91 75
80 70 91
85 54 62
76 22 15
39 41 29
81 59 64
60 52 53
87 37 50
86 70 84
93 5 82
58 56 51
29 25 84
67 31 12
81 94 59
2 49 70
95 51 56
45 0 6
38 90 78
50 40 65
78 22 16
6 93 74
9 68 22
7 29 50
42 93 54
39 70 63
66 58 83
56 78 24
56 44 99
16 17 88
71 67 15
36 56 62
65 18 63
65 44 63
0 59 56
64 98 67
52 35 8
47 2 47
96 99 91
83 32 38
36 35 4
21 74 27
67 90 97
76 41 55
2 79 39
83 41 87
56 11 62
9 10 5
42 22 91
13 52 94
38 22 12
14 6 76
38 77 27
1 41 53
21 79 24
0 3 78
97 17 96
81 99 81
43 10 70
46 78 71
21 97 42
28 64 34
25 1 10
49 57 24
49 64 50
62 89 73
49 2 11
98 52 19
53 11 0
65 95 93
70 7 14
64 47 63
68 50 18
66 45 94
57 79 55
0 61 39
99 96 96
27 35 11
32 97 92
18 94 40
55 9 11
17 54 38
45 23 77
0 20 22
86 63 67
48 19 42
50 68 55
90 12 56
75 64 23
76 55 29
76 22 50
95 41 87
64 35 29
79 60 98
48 10 12
40 72 7
43 15 25
22 16 77
66 43 59
20 79 61
53 5 37
59 4 74
98 43 67
67 25 89
58 63 13
3 64 52
77 46 74
49 46 32
31 0 82
24 42 9
28 64 79
87 53 83
4 0 66
80 14 60
11 74 5
51 39 40
77 17 37
95 40 36
85 26 49
1 60 6
17 2 3
78 4 30
75 30 7
23 91 85
59 63 76
91 72 70
37 6 63
19 94 80
85 10 60
25 90 43
93 10 46
1 94 70
72 29 82
80 47 64
65 13 16
57 94 60
5 38 8
75 43 71
14 8 29
71 38 21
60 83 9
87 40 35
51 55 24
28 45 27
3 23 58
95 28 70
17 98 98
34 1 75
40 27 45
78 13 71
16 19 21
59 94 88
53 82 98
6 8 47
98 95 88
56 40 78
11 88 84
58 27 69
32 76 40
89 80 22
23 79 24
68 23 12
0 93 92
17 96 96
30 25 70
53 11 63
51 86 23
37 45 30
83 10 70
86 83 39
20 47 84
98 24 68
55 71 66
63 76 94
61 86 55
39 55 17
38 64 52
74 88 48
90 38 17
8 25 24
17 9 6
85 36 29
59 27 17
72 37 22
59 77 8
20 67 27
19 72 22
69 34 26
82 32 2
11 27 41
23 26 33
76 13 72
25 6 82
54 45 81
55 98 15
7 23 47
81 38 83
62 78 51
38 99 74
63 71 68
51 21 35
60 15 97
82 52 16
36 74 24
77 21 9
0 20 24
64 1 25
90 77 26
8 91 10
7 68 5
98 94 14
28 16 31
99 31 83
24 45 84
17 17 8
24 36 24
37 52 79
58 6 85
31 35 67
38 35 50
72 30 38
47 43 30
86 0 39
56 67 40
83 58 42
88 86 36
87 83 66
13 27 71
43 60 46
22 0 51
78 0 70
83 58 90
52 15 20
15 30 14
90 6 85
30 74 11
17 39 82
1 24 10
25 81 28
37 78 27
80 20 29
33 76 79
83 37 69
62 10 84
17 74 18
53 85 15
6 42 4
67 38 38
40 48 6
67 7 52
59 55 33
10 78 29
33 7 86
15 26 80
23 75 23
77 92 65
56 23 25
18 83 11
61 84 61
64 24 52
48 39 10
78 37 84
7 34 54
4 23 78
42 39 3
81 52 10
12 46 29
38 54 18
78 48 73
87 84 68
72 72 59
39 75 22
73 73 47
41 40 77
89 11 83
42 33 66
14 3 0
11 58 42
14 44 6
62 49 58
58 40 60
53 48 64
86 10 59
1 92 39
33 99 15
71 6 13
53 70 26
79 92 45
81 59 66
57 23 83
19 62 11
61 56 69
88 46 37
56 9 10
39 2 20
28 95 98
90 82 23
16 92 57
60 38 59
69 92 85
54 17 96
70 55 99
65 39 9
62 45 88
82 57 8
74 42 96
49 45 59
53 54 84
21 74 95
56 21 38
14 70 72
93 54 58
86 58 55
96 30 63
6 50 29
1 70 86
93 78 99
11 78 28
73 88 62
54 12 1
21 73 29
46 98 37
20 29 0
39 73 85
95 41 35
26 60 93
20 60 55
48 8 83
79 17 72
10 81 31
38 84 9
98 10 55
48 44 58
63 93 92
64 46 64
81 33 45
78 66 40
16 2 32
45 37 74
62 50 31
76 53 84
0 99 33
84 18 59
85 69 62
16 0 53
75 83 63
32 15 36
15 11 69
50 65 82
11 52 34
32 7 44
59 23 83
49 48 46
86 29 61
31 40 18
34 10 28
8 97 31
10 91 21
10 66 69
57 7 5
46 70 28
87 27 60
54 11 7
37 59 88
32 26 72
78 61 76
39 87 69
9 91 22
6 85 80
79 48 65
71 10 95
2 88 22
78 1 95
68 92 85
24 56 61
40 94 25
74 74 60
88 76 29
20 70 74
56 5 21
39 4 81
42 23 92
49 91 85
27 38 24
89 76 44
49 24 11
58 12 9
98 82 41
48 26 58
49 63 36
16 58 91
99 99 9
47 44 58
66 94 70
99 88 8
54 40 35
33 82 49
50 56 25
34 52 25
54 37 74
40 38 78
5 88 64
50 24 9
65 41 60
91 62 61
60 14 98
78 20 13
7 37 23
77 5 49
48 64 83
82 84 95
60 77 11
21 57 70
48 40 58
21 82 10
71 17 74
58 18 77
98 78 97
18 95 5
86 42 44
8 29 65
47 87 27
96 75 77
94 20 18
38 29 5
9 62 30
18 39 69
40 90 79
62 80 61
69 61 71
57 95 79
26 8 44
43 14 40
85 14 81
78 22 97
27 78 95
60 54 35
0 46 62
72 42 47
34 27 0
18 20 22
95 49 43
98 25 69
44 16 24
11 32 20
38 44 63
69 49 18
93 27 20
23 42 94
75 39 9
60 22 49
31 21 24
19 83 46
53 42 98
91 90 59
73 11 27
46 31 46
95 69 2
55 52 23
12 24 40
65 93 95
29 42 5
55 18 50
65 46 64
29 27 48
77 59 25
83 7 8
65 62 71
38 53 17
3 88 63
84 82 39
81 3 14
19 9 18
93 11 74
71 12 29
50 22 34
71 85 57
16 5 92
91 52 57
73 53 1
21 26 78
15 15 0
26 81 49
43 59 9
11 50 65
71 73 58
5 82 35
83 39 82
80 63 23
93 30 3
42 24 43
72 88 14
52 82 82
67 61 65
58 33 75
48 70 37
21 82 21
58 74 59
71 29 44
74 10 95
74 85 68
9 23 56
82 60 53
90 52 58
39 45 82
68 95 52
21 24 97
7 28 70
0 5 77
27 81 25
31 62 29
69 87 61
6 97 23
25 44 7
1 72 85
67 31 89
95 39 97
15 50 95
36 97 15
28 66 81
11 74 16
52 48 41
5 6 90
80 57 30
48 54 65
20 69 85
53 16 63
3 91 5
63 6 94
86 51 29
63 81 82
70 34 16
67 73 40
40 48 87
48 38 54
45 31 38
18 11 49
14 79 5
53 27 21
40 40 1
46 59 13
66 55 75
64 87 51
82 32 24
63 69 99
52 79 96
17 97 98
33 94 32
54 67 79
77 14 1
41 36 66
43 95 53
18 92 4
21 39 58
62 42 11
55 58 48
54 10 62
80 73 53
75 10 41
42 95 54
35 5 36
40 53 95
23 6 63
29 14 55
16 20 29
83 82 6
25 19 17
54 69 27
96 35 35
73 77 98
57 57 98
37 32 82
93 68 42
67 77 83
57 62 67
52 81 88
29 71 8
75 38 57
59 83 34
45 53 20
89 15 66
11 16 72
87 30 60
69 65 25
23 27 80
26 80 55
76 0 66
74 27 88
23 69 97
65 9 1
6 26 8
79 25 20
39 22 80
81 15 29
5 92 75
32 64 26
83 99 4
96 98 22
86 70 29
91 25 10
85 79 36
0 46 10
17 97 97
73 1 41
60 96 74
86 91 33
53 80 97
92 73 17
39 39 30
79 50 88
54 55 73
60 64 78
9 14 97
78 1 26
57 57 99
80 31 70
69 95 54
77 53 29
66 51 34
80 74 54
23 14 81
73 99 30
69 73 67
84 40 18
65 58 82
73 35 8
53 23 65
17 95 7
21 91 13
49 73 16
66 81 49
62 95 94
7 33 53
84 40 43
71 14 92
51 89 13
19 58 10
21 98 66
95 19 88
38 59 6
92 82 52
1 56 55
6 0 14
19 20 21
39 27 81
99 76 21
83 40 83
14 62 6
41 62 90
79 14 85
43 18 23
62 64 23
14 5 57
11 68 65
39 41 1
1 88 22
60 52 20
54 16 18
0 81 35
90 9 74
91 52 21
53 87 58
41 20 74
72 11 34
63 58 90
58 39 58
91 56 85
42 13 70
13 31 71
78 55 65
38 3 20
32 10 89
53 91 96
68 93 54
6 63 29
42 11 25
84 64 2
61 50 30
20 80 23
11 52 48
71 72 43
18 80 4
79 72 7
86 70 62
53 89 23
48 50 9
86 66 44
51 75 10
16 91 58
25 67 25
10 18 42
73 57 78
32 30 5
11 8 17
25 11 92
66 51 27
23 0 9
44 58 10
3 55 4
20 95 81
35 17 60
42 60 8
12 77 90
27 52 60
35 78 59
83 20 76
17 38 98
63 28 61
27 36 17
69 69 9
88 16 67
50 33 89
53 14 82
97 74 7
28 88 70
44 68 40
60 67 88
65 45 64
99 66 29
45 30 45
6 97 50
79 62 22
59 55 59
51 26 93
84 76 84
34 44 91
56 10 42
84 51 30
85 69 84
94 19 27
57 94 85
76 94 92
80 14 28
77 44 24
37 22 12
2 83 86
38 46 30
3 41 63
19 10 26
72 11 7
47 20 3
51 62 5
55 56 48
61 30 23
89 67 89
7 73 79
61 78 47
12 90 37
80 83 39
11 2 60
50 97 57
60 94 88
84 60 42
74 30 1
46 78 85
74 93 36
85 50 31
39 12 41
74 65 22
18 89 54
84 91 89
71 29 85
8 51 0
53 9 42
38 94 23
85 66 90
38 36 79
30 72 46
57 96 5
68 64 46
31 8 54
52 83 59
62 50 33
37 91 12
17 10 6
71 10 96
96 49 34
41 69 89
38 74 58
77 43 24
15 5 4
38 64 51
61 4 63
20 25 65
57 42 69
97 66 78
3 37 0
72 10 94
49 60 73
33 73 98
74 88 49
81 19 30
26 31 0
8 74 68
74 32 19
25 20 32
82 93 67
21 83 83
76 72 7
47 9 11
4 3 74
12 44 85
75 32 61
94 9 78
71 13 37
84 58 64
20 78 38
25 8 43
15 74 79
41 81 36
77 32 52
52 19 35
15 19 20
28 57 1
98 96 90
49 9 24
11 90 11
45 97 35
64 20 18
40 13 42
80 93 46
14 10 19
34 88 40
62 35 88
32 13 66
23 39 32
93 81 6
48 43 68
55 8 42
84 84 48
26 65 36
70 1 13
52 46 87
39 70 91
91 0 31
26 40 22
19 95 17
82 52 9
96 28 19
69 0 9
96 17 63
33 7 87
16 94 6
17 59 82
3 17 31
92 21 2
12 18 76
53 49 36
91 6 79
79 81 24
12 30 88
92 33 34
9 0 62
48 42 69
78 17 81
63 74 68
29 37 62
37 99 16
75 21 74
70 74 3
38 43 84
83 51 15
55 11 61
49 4 35
16 21 99
47 1 1
6 36 7
85 81 38
32 99 87
87 28 60
91 99 30
91 51 30
14 0 41
37 23 11
91 72 16
25 2 72
26 52 61
42 23 5
77 70 64
92 10 92
40 84 4
96 27 71
54 12 99
80 7 88
2 18 17
95 38 46
86 86 37
76 72 29
35 9 13
14 51 23
61 23 82
2 62 48
79 18 13
30 13 0
6 76 63
75 89 76
22 17 94
77 89 31
88 56 49
1 37 23
53 18 95
64 25 28
57 97 53
83 62 38
66 3 70
78 90 1
6 35 73
90 73 70
3 41 79
93 94 18
53 16 90
57 3 24
75 26 87
86 52 33
57 14 14
75 51 27
17 91 58
3 33 98
92 72 14
3 90 44
82 70 32
48 76 86
12 93 97
70 72 45
41 52 53
68 67 39
24 50 20
30 70 9
89 0 91
49 32 24
1 67 4
72 88 80
8 77 28
53 15 18
41 52 16
86 84 39
70 74 94
31 54 1
48 22 28
57 36 48
55 9 10
66 57 82
99 44 78
75 37 78
42 87 30
57 28 64
89 26 81
76 10 23
69 1 11
4 23 58
81 76 55
61 97 69
13 91 83
74 96 76
63 29 25
19 65 81
76 42 55
30 53 82
24 26 24
25 82 50
82 17 48
98 45 77
63 33 41
97 21 86
41 86 51
82 8 29
11 63 31
33 51 43
56 39 79
96 35 28
57 77 88
52 52 81
61 42 45
68 31 11
83 47 5
35 21 85
50 6 42
53 80 32
29 68 4
54 53 23
88 49 91
99 53 40
54 80 32
11 19 29
45 13 45
42 91 5
38 37 41
49 48 79
66 68 66
65 84 68
67 47 18
25 92 77
62 83 29
96 88 1
70 58 94
37 96 40
33 99 88
36 94 97
68 91 83
61 70 22
47 4 73
92 1 32
27 95 99
98 51 21
2 47 49
31 17 23
62 10 86
12 41 33
61 19 40
36 89 95
61 87 64
73 97 70
74 81 89
41 95 33
44 14 40
93 88 56
42 27 73
20 49 42
12 94 48
86 64 43
71 91 15
54 22 27
29 60 17
5 94 58
60 67 90
27 10 43
39 44 63
94 39 36
74 18 78
24 50 66
98 72 9
8 58 87
72 66 82
79 5 31
93 14 26
61 18 1
52 88 23
20 54 50
14 95 25
92 27 18
73 71 46
96 73 55
0 7 42
29 90 19
19 76 98
19 53 16
37 9 66
14 29 13
67 98 65
71 68 83
95 16 26
15 71 71
13 78 41
62 71 69
20 32 95
81 16 64
32 78 79
18 79 70
97 74 86
32 41 18
14 15 34
6 53 99
83 78 31
97 87 94
7 24 25
21 48 37
53 67 21
44 11 27
72 45 51
77 11 55
49 61 99
34 11 83
84 5 52
49 38 53
49 63 72
30 58 70
68 31 83
42 55 94
82 9 71
5 75 63
71 98 34
75 81 91
39 44 28
47 89 47
13 99 23
25 95 0
4 88 64
78 19 14
48 63 47
75 50 83
81 94 14
37 58 2
52 60 96
75 22 16
13 70 99
28 13 9
2 33 99
10 67 34
33 81 48
77 59 62
15 91 58
20 72 47
79 68 62
73 14 68
1 42 67
8 89 10
86 47 56
91 9 89
64 74 95
28 39 5
67 41 64
91 8 89
65 23 90
67 49 29
46 81 2
63 71 99
32 36 36
45 87 46
69 58 95
80 44 27
7 28 22
40 70 62
52 83 73
41 96 23
89 87 35
15 12 21
88 58 38
74 54 28
53 28 80
41 78 0
67 41 37
42 89 4
74 70 47
98 68 96
42 5 73
53 20 15
96 54 2
60 57 34
87 5 88
4 96 24
2 17 18
31 57 69
68 65 27
35 7 87
20 58 93
19 29 19
5 17 55
26 6 37
31 86 70
36 22 13
61 83 60
24 9 37
29 23 26
43 24 57
69 63 61
14 9 28
92 20 38
87 94 12
26 51 68
46 43 86
70 0 12
64 22 83
17 69 92
79 20 15
15 71 17
52 67 22
38 83 14
27 11 11
52 48 3
92 74 52
28 14 76
94 75 94
64 76 96
31 14 9
56 57 46
45 94 18
92 69 26
90 54 68
55 22 26
48 63 49
29 19 97
68 25 91
91 74 69
65 8 2
2 17 17
79 31 44
47 4 71
14 84 91
22 14 76
37 14 87
93 44 6
51 63 6
0 47 9
33 93 50
58 27 3
98 75 68
62 1 76
60 30 21
50 58 25
36 24 77
91 26 17
75 81 28
26 53 3
5 78 10
84 99 53
39 36 51
26 82 26
27 23 83
62 51 32
92 20 12
74 52 1
48 58 37
38 40 30
6 17 53
32 77 40
9 56 10
53 14 20
83 52 39
67 72 15
44 60 45
7 62 26
29 94 34
11 92 63
66 9 1
94 45 51
21 16 0
91 52 66
10 1 61
87 31 68
47 29 12
59 99 29
61 88 18
31 16 36
13 20 91
8 44 6
1 87 3
94 62 21
12 64 47
66 32 12
58 2 25
29 1 80
69 70 84
18 1 84
12 46 13
10 42 51
52 13 16
27 74 62
6 21 95
89 85 68
74 77 88
53 42 34
73 73 60
49 40 58
99 71 26
73 13 69
67 48 18
28 25 51
96 90 50
72 84 58
26 33 58
25 23 2
1 60 2
86 85 0
52 87 68
41 2 97
18 69 73
90 16 65
83 31 22
57 81 40
96 12 97
52 57 56
20 96 18
73 98 69
17 22 46
22 67 52
41 57 48
48 44 31
98 92 78
82 16 30
49 97 40
57 20 81
35 98 14
37 15 22
13 50 56
21 90 12
37 98 16
75 53 2
67 78 38
4 85 43
82 21 3
92 42 63
78 61 23
3 44 73
88 49 97
55 12 80
20 42 11
90 23 40
37 7 64
50 0 10
67 76 29
14 1 59
10 2 56
29 50 69
24 42 8
26 23 89
75 79 78
59 82 28
47 79 72
18 45 99
98 51 26
52 15 64
80 49 88
74 34 9
40 24 36
34 61 61
62 29 24
67 46 63
65 55 8
42 58 60
85 49 69
83 98 5
44 72 18
66 48 15
78 16 73
90 12 59
64 32 42
2 26 65
22 89 10
78 64 88
66 61 14
77 13 88
41 47 88
17 71 10
66 78 88
28 41 5
69 1 38
81 92 97
5 48 84
39 91 80
21 40 59
6 23 13
72 99 35
82 38 83
0 55 80
2 78 38
45 53 0
53 71 49
54 53 26
60 18 72
42 93 24
6 57 35
38 44 83
9 14 40
62 5 33
19 17 59
55 87 55
75 11 24
56 96 16
40 70 63
82 72 93
37 73 70
15 46 43
48 99 38
37 65 51
52 13 81
7 31 70
34 83 61
96 91 51
49 36 25
26 6 81
81 99 56
18 75 99
9 29 96
84 8 73
73 13 23
20 15 76
30 74 38
58 43 41
61 65 11
40 39 77
86 29 59
81 67 97
47 98 26
95 16 30
39 53 17
39 42 29
50 78 41
14 32 41
58 97 4
82 29 21
61 17 72
2 42 80
76 71 26
60 44 97
24 21 32
73 80 81
92 54 24
53 28 56
15 23 56
25 93 37
42 42 23
60 0 16
99 71 10
34 88 95
68 73 68
3 63 91
41 70 62
35 56 7
32 46 40
82 13 60
34 15 73
31 59 95
49 94 0
76 65 98
26 19 62
79 87 5
18 84 90
36 37 44
34 94 49
60 30 25
14 2 60
72 75 2
48 78 90
0 38 28
19 72 21
93 95 16
98 55 21
84 71 64
70 85 19
92 61 2
92 74 51
12 21 8
75 71 44
80 93 43
50 3 87
4 94 93
12 45 29
68 37 94
89 9 37
72 76 98
53 15 17
0 21 87
16 95 86
0 65 92
49 71 36
83 53 98
77 9 23
61 63 79
24 47 56
34 98 91
89 50 72
26 88 19
19 56 71
45 45 44
69 28 86
20 73 30
5 0 15
32 3 0
1 63 67
14 44 71
52 44 26
76 13 32
85 36 93
65 47 37
55 14 85
51 14 18
96 35 46
22 16 79
12 42 40
54 15 12
8 99 57
67 30 86
15 7 26
52 47 80
8 37 9
44 1 69
85 3 30
96 83 90
0 31 82
88 72 82
47 71 28
85 99 41
28 73 0
7 43 5
64 35 54
21 31 39
97 66 29
36 90 69
76 46 46
93 26 70
15 80 89
67 2 39
12 51 94
77 51 29
9 82 62
89 46 37
14 32 1
82 12 96
49 64 82
43 73 33
67 51 28
81 21 12
27 51 59
65 52 35
82 32 34
0 60 5
81 29 22
83 28 76
77 90 84
22 27 77
57 9 10
27 67 96
8 16 54
6 91 36
64 10 65
81 58 34
38 95 93
55 45 83
28 14 11
18 8 66
26 26 15
67 56 82
6 99 22
74 31 0
25 42 43
21 83 84
46 44 14
71 96 28
57 31 41
33 61 61
30 60 67
17 83 40
68 33 27
32 12 67
77 91 85
81 23 13
19 56 96
39 25 93
30 59 46
67 85 80
9 63 96
46 42 65
75 48 29
94 39 31
42 28 99
36 94 0
18 84 73
84 70 93
59 65 32
15 2 56
57 95 17
90 61 83
33 23 50
51 6 43
96 67 32
0 59 57
53 53 25
2 37 22
72 89 61
45 18 15
32 55 58
59 77 9
39 63 50
65 79 38
71 13 94
99 86 86
49 8 22
21 53 15
39 90 79
48 25 11
16 50 96
27 47 26
26 72 32
8 32 53
83 39 88
40 82 87
13 63 7
27 6 80
4 75 90
98 65 79
84 43 44
86 15 0
5 62 30
41 27 46
72 45 96
39 30 24
33 97 92
28 88 63
12 64 31
69 37 34
87 25 88
82 75 27
83 83 94
29 38 84
32 83 57
43 55 66
12 1 75
97 81 41
94 80 0
29 68 71
3 27 5
93 33 33
47 79 89
60 88 65
34 60 61
53 76 91
89 0 71
60 89 19
88 10 56
7 48 61
15 80 98
54 67 84
51 75 35
33 95 83
13 78 90
93 4 24
20 28 80
40 44 22
94 20 89
72 13 67
27 43 43
70 53 44
78 26 18
69 21 81
34 51 12
91 24 15
39 32 96
99 7 11
79 8 85
8 83 94
15 69 71
93 67 29
41 88 86
61 22 47
83 56 7
15 5 6
34 65 38
27 10 42
76 56 30
64 52 35
80 58 8
76 9 96
96 11 49
62 54 34
43 69 1
35 89 40
36 76 58
59 68 48
57 21 0
47 33 22
70 85 13
69 26 13
10 33 22
97 77 11
66 59 5
88 92 32
42 89 36
35 16 88
45 95 56
60 78 12
17 19 91
7 52 0
13 77 78
18 89 33
92 51 66
32 22 89
25 57 12
24 95 31
40 48 37
96 3 45
94 71 25
28 47 69
15 33 60
93 23 95
32 14 47
96 25 8
23 20 3
60 64 76
19 39 68
41 71 5
95 35 16
90 11 58
56 86 36
93 28 52
47 25 0
51 25 94
14 3 1
65 71 1
87 29 18
9 12 53
25 48 56
98 0 9
27 94 98
31 52 83
67 51 54
25 72 61
17 85 89
91 32 34
81 34 44
99 53 19
70 99 8
67 63 15
75 22 49
94 27 21
94 88 6
7 44 27
90 15 65
4 62 71
1 70 67
38 35 92
33 91 56
73 87 23
14 51 56
16 51 51
8 14 51
0 94 92
4 77 10
25 64 11
49 57 36
59 56 37
7 7 30
33 67 77
78 18 12
88 48 83
96 86 60
80 93 14
71 33 92
80 67 25
25 33 15
97 50 64
75 31 63
65 77 39
48 49 14
19 70 73
48 9 23
97 26 70
9 69 36
43 23 56
40 25 35
56 66 58
43 92 52
83 83 69
46 66 90
29 67 5
75 98 90
52 19 27
40 14 85
67 98 64
64 70 0
66 44 59
30 19 20
15 61 0
75 2 62
67 24 90
70 23 95
80 68 5
28 99 37
72 89 15
75 64 52
15 33 2
85 70 85
66 30 85
5 28 95
37 7 61
3 78 12
96 22 86
63 1 32
55 36 57
62 79 46
82 58 2
18 77 41
89 88 44
37 88 96
51 47 79
93 71 26
30 43 38
29 60 13
7 35 54
55 84 5
67 63 49
94 51 55
63 27 47
27 66 16
19 81 13
93 94 15
94 51 67
13 11 19
94 40 98
21 33 94
62 56 84
0 64 28
32 88 45
35 85 75
37 81 21
78 0 69
85 44 84
33 8 45
35 81 79
57 30 64
77 51 54
35 57 8
9 0 56
14 73 78
99 13 39
99 95 94
44 93 52
83 49 29
31 42 69
79 44 26
37 19 64
53 81 99
32 71 91
79 0 40
73 43 92
84 29 22
37 9 81
22 33 94
13 40 44
61 18 34
87 59 37
52 12 0
51 7 90
66 12 18
49 74 55
72 1 8
83 9 88
4 75 48
6 59 33
78 29 61
7 81 61
46 93 19
70 21 37
11 72 26
67 55 7
62 1 93
98 35 88
38 85 28
34 28 67
16 54 37
87 40 98
34 33 33
8 20 48
0 66 54
49 14 11
14 12 22
58 2 66
65 83 69
53 54 24
31 34 35
50 47 78
68 63 45
86 21 83
40 23 23
63 52 33
99 94 77
73 42 95
30 80 71
10 52 53
93 13 81
84 70 18
93 22 2
0 92 77
3 83 37
49 84 16
66 95 92
94 98 81
39 25 17
29 68 6
95 36 34
44 86 6
91 95 18
31 79 72
56 83 81
74 64 21
44 50 78
10 1 57
55 0 60
8 12 52
26 43 44
49 64 47
37 43 38
32 99 63
9 64 94
48 54 91
4 99 21
65 71 83
23 18 95
78 98 7
42 92 4
73 90 79
44 36 66
0 88 83
89 44 16
55 44 84
51 78 12
55 37 93
44 48 78
6 61 75
94 12 99
45 4 73
18 55 97
30 39 83
84 70 85
62 77 49
78 89 89
14 34 12
12 8 75
87 25 96
55 16 13
45 66 51
38 45 29
8 7 30
55 33 24
63 44 41
86 42 76
52 46 75
44 93 24
76 57 31
15 33 13
67 51 10
70 9 97
6 20 38
20 81 12
64 86 74
90 92 92
69 93 5
11 22 37
71 68 10
2 19 5
62 28 59
4 96 49
98 97 25
18 61 72
45 74 74
36 27 0
72 85 15
53 97 20
79 33 45
20 36 28
59 63 77
4 19 44
22 84 53
15 80 90
2 36 21
38 8 81
56 7 70
33 83 84
74 65 70
74 72 48
17 73 81
0 92 18
86 92 34
42 28 72
28 23 68
0 37 28
53 16 95
89 35 86
81 15 60
75 91 32
30 20 25
99 34 61
32 85 69
36 15 88
78 44 71
22 83 21
71 57 91
31 9 36
50 4 80
11 21 68
22 92 14
83 98 54
27 89 64
97 15 39
93 18 28
81 12 97
92 59 20
47 30 38
17 90 53
53 54 19
67 55 90
98 75 76
1 29 90
14 96 24
69 30 83
86 42 62
24 15 83
69 55 93
10 65 70
90 26 67
88 94 94
3 89 15
23 25 32
52 35 28
86 57 55
48 67 84
6 65 48
96 34 46
69 34 25
10 10 23
10 78 19
45 45 93
2 50 69
15 40 80
53 35 3
5 83 35
64 10 84
66 84 13
85 49 36
30 24 51
81 31 70
9 86 23
39 2 6
17 73 8
80 61 98
27 13 10
81 52 37
64 37 6
75 78 31
41 49 88
72 9 52
86 71 86
30 41 14
84 16 0
15 6 91
61 41 11
36 89 38
11 50 95
22 76 86
98 33 93
10 99 55
30 10 37
51 62 54
50 67 54
83 19 75
77 15 50
57 63 77
27 26 57
66 62 14
62 44 66
5 80 11
87 67 47
3 11 21
11 50 39
22 16 13
38 15 88
81 94 46
76 87 34
34 84 52
22 55 13
11 57 42
38 6 38
28 69 55
32 63 28
74 10 28
6 60 36
55 44 82
37 20 62
89 44 17
63 15 36
86 3 46
57 10 61
66 19 27
73 44 11
39 10 0
47 46 44
30 99 62
49 59 38
80 91 27
10 27 40
4 31 51
84 48 32
31 98 93
82 58 65
33 49 70
72 13 33
48 88 46
35 29 66
18 73 11
62 77 93
84 55 9
65 37 7
54 36 74
9 77 17
65 86 69
40 17 14
80 34 46
18 12 27
5 74 51
32 64 10
44 6 30
12 94 68
92 73 67
5 23 57
29 48 94
55 40 86
92 25 16
36 42 39
11 38 68
23 67 16
25 31 1
10 93 63
93 82 76
54 57 72
35 44 84
26 88 20
70 15 57
40 98 85
37 7 37
20 45 38
70 50 55
61 84 30
40 56 16
21 43 23
24 34 38
19 88 35
66 46 61
12 20 44
58 76 47
27 67 82
58 39 45
58 2 24
99 51 18
83 56 9
71 28 90
28 15 54
46 31 39
36 27 28
25 0 60
86 11 19
87 10 20
37 52 4
76 52 1
69 5 47
16 2 5
16 7 91
53 22 78
60 38 72
54 92 95
15 93 30
85 83 92
25 65 24
92 53 58
40 49 8
30 79 57
91 34 85
6 68 71
22 84 85
39 60 6
59 97 74
54 92 13
37 21 61
45 54 23
58 94 86
54 5 54
17 72 13
46 22 79
86 86 0
36 8 65
71 37 10
17 48 63
69 67 9
15 97 24
23 26 74
19 97 20
20 78 8
18 39 83
82 57 71
14 34 59
68 1 49
47 33 26
40 92 54
17 71 14
36 29 65
84 12 70
87 99 72
75 81 90
20 82 3
85 0 53
40 20 49
7 57 56
65 75 75
45 69 89
98 82 66
8 49 22
22 22 56
51 81 50
56 42 97
65 11 65
57 36 74
5 93 75
19 62 8
17 44 28
44 30 47
50 6 79
48 9 16
91 87 56
41 90 4
95 36 47
76 23 31
10 30 64
8 22 48
19 23 66
16 98 79
97 40 58
76 99 89
71 77 49
93 30 2
18 97 97
11 76 16
89 11 56
13 42 44
50 88 2
57 39 59
52 58 84
12 20 29
75 17 78
61 25 74
48 3 11
6 49 60
44 46 94
78 7 84
27 99 56
30 43 24
62 8 87
91 88 58
3 23 35
9 56 72
50 27 58
40 33 95
16 82 66
30 22 25
87 67 44
30 58 98
30 49 94
23 14 55
29 63 80
30 36 63
82 26 24
9 77 28
7 69 70
88 93 96
30 38 62
12 51 48
47 86 32
36 97 41
20 95 18
9 8 29
88 70 62
71 74 2
33 6 55
44 43 24
57 32 1
9 76 29
42 22 64
39 16 1
50 66 83
13 77 59
33 46 53
18 52 99
27 16 10
89 46 81
59 67 48
54 7 42
32 72 58
50 51 7
91 53 66
58 43 96
66 26 17
69 64 48
32 42 16
29 23 36
40 96 34
44 48 92
55 35 12
44 47 92
3 82 35
11 2 58
68 49 19
37 33 64
34 50 65
41 83 4
77 17 27
90 98 28
77 30 67
6 91 10
72 29 67
36 85 95
70 11 11
62 91 48
99 56 70
85 33 52
60 24 82
82 50 74
63 46 81
55 52 59
75 55 29
41 54 59
48 42 31
9 86 51
6 1 66
93 44 23
7 69 69
0 39 29
1 21 58
1 56 79
3 59 9
69 25 90
0 19 57
38 84 15
13 0 30
6 33 41
48 41 13
74 63 20
52 24 77
82 95 58
69 67 79
24 43 76
9 91 46
21 25 65
60 83 29
26 27 58
7 68 23
80 30 12
27 6 29
70 15 56
18 83 72
1 64 66
30 4 53
45 8 68
66 47 63
83 52 38
39 30 29
23 63 46
34 77 58
16 3 57
43 30 15
53 44 25
26 39 23
24 52 75
67 94 53
2 72 78
1 43 68
24 19 34
36 19 61
18 73 23
28 0 80
3 86 20
75 14 33
26 88 64
29 61 66
1 38 20
32 39 62
35 77 57
79 95 16
53 87 24
21 70 53
13 0 29
72 8 74
14 51 95
34 90 0
1 29 54
17 47 62
67 46 93
68 79 81
75 78 64
13 97 19
58 64 15
95 81 58
54 8 41
39 73 84
7 58 57
2 27 87
16 61 73
35 15 94
28 52 79
19 83 51
39 3 3
86 50 70
15 47 29
35 5 87
79 54 81
74 83 90
48 53 0
91 19 45
9 30 64
40 3 21
63 84 29
39 88 61
68 50 84
75 37 56
63 91 80
53 45 86
53 13 17
53 76 90
31 8 45
99 65 28
5 3 74
93 10 60
81 65 50
28 58 95
66 63 40
59 56 50
92 42 96
1 19 39
58 10 8
61 15 99
29 23 69
24 2 9
51 29 49
45 78 79
17 77 40
81 0 81
84 60 50
83 56 57
68 6 30
43 42 24
24 81 27
23 85 86
94 64 11
69 86 12
13 40 82
40 91 79
75 73 6
79 73 78
25 6 37
22 52 14
60 83 59
4 14 85
6 48 33
83 39 84
12 0 22
29 46 69
34 5 88
94 1 58
15 28 13
98 91 27
55 95 27
97 15 51
69 66 28
46 31 12
93 60 2
54 45 75
5 81 3
68 27 14
24 96 16
92 83 11
90 69 92
16 37 97
48 24 11
26 45 7
90 13 40
85 60 44
41 95 35
16 61 49
11 0 56
53 30 91
55 18 97
59 98 5
41 10 7
85 43 85
30 22 85
63 35 76
42 90 56
69 93 59
9 22 63
73 85 58
91 23 41
6 92 14
72 29 84
26 93 76
63 28 47
49 3 60
58 95 89
21 41 10
11 70 85
82 11 60
15 43 86
43 13 70
74 86 23
98 29 60
24 14 82
79 92 33
88 2 8
31 9 84
62 68 15
81 31 23
87 69 62
11 75 42
47 64 76
94 81 1
70 72 94
49 37 52
39 2 7
68 45 92
71 91 90
33 78 94
7 47 57
79 15 39
76 54 30
61 11 86
55 51 60
69 91 4
23 34 25
71 27 27
9 50 1
22 80 25
87 51 75
35 73 28
89 88 77
92 88 56
9 24 25
39 43 23
5 96 24
16 29 4
30 54 20
58 0 39
15 31 0
94 90 72
0 52 67
1 68 6
48 85 32
14 93 75
70 71 93
77 29 43
97 54 51
4 5 76
13 20 43
55 12 77
41 79 36
13 58 41
37 36 53
77 19 10
86 66 17
66 5 22
66 95 61
55 24 99
81 6 81
43 83 53
32 88 70
57 96 53
36 37 91
91 92 19
21 56 11
15 88 23
85 88 84
27 33 60
46 23 78
66 71 82
95 49 35
11 18 21
97 60 49
31 21 5
94 11 96
15 86 74
62 22 2
75 93 6
61 82 58
51 48 34
8 38 0
82 70 50
48 32 88
84 21 95
76 90 31
34 56 61
11 21 4
47 86 10
34 2 63
84 84 53
5 93 92
30 51 68
4 78 38
62 62 80
97 8 26
14 2 0
55 41 77
27 17 47
76 74 96
39 94 93
85 80 37
19 0 49
79 70 91
65 14 93
12 98 18
56 54 66
14 0 68
18 97 21
60 9 80
98 50 63
57 29 29
20 92 69
47 77 41
54 47 63
50 36 59
91 36 85
52 5 14
34 99 15
49 59 74
36 7 61
99 33 38
17 98 99
24 23 86
72 86 13
34 47 88
56 15 14
24 19 94
8 78 1
27 38 4
40 24 85
32 7 53
22 18 57
14 16 79
52 74 77
28 45 38
4 3 88
82 7 82
13 45 86
46 64 76
88 84 67
82 60 90
28 39 30
49 6 43
73 97 33
38 40 83
45 68 39
30 21 38
38 1 67
23 8 36
92 29 35
10 31 20
37 73 22
8 22 62
77 21 14
49 71 72
20 97 19
57 44 40
65 67 67
98 30 96
3 28 66
74 82 36
30 8 35
5 42 5
93 61 49
8 43 32
97 4 45
64 43 65
24 52 58
17 28 11
12 81 50
93 1 96
61 10 87
94 29 71
12 58 41
43 58 55
56 15 16
32 63 20
85 69 30
80 4 70
85 65 44
67 89 95
33 43 90
67 55 91
80 60 23
97 97 90
87 49 70
37 70 8
51 44 99
50 41 65
4 79 11
67 91 84
54 86 5
70 30 84
72 30 50
7 91 12
19 92 5
89 19 67
95 92 26
21 81 22
25 70 94
1 82 34
40 24 92
6 75 49
1 20 58
86 70 63
9 64 60
83 69 84
79 93 44
93 52 60
63 43 14
41 95 23
50 71 71
64 43 64
46 24 83
69 32 57
33 95 23
58 32 89
90 22 39
71 11 96
25 86 62
33 71 44
98 67 89
44 9 69
86 42 92
85 51 29
71 30 83
39 53 53
7 2 72
38 3 7
30 53 81
86 75 72
44 2 73
93 94 17
84 97 4
55 52 86
44 66 20
76 20 9
0 89 1
66 61 47
88 55 51
90 87 58
0 51 32
56 56 98
58 2 73
77 88 33
75 71 26
73 5 73
9 89 6
7 74 78
59 56 70
16 60 0
88 52 83
65 6 21
12 68 65
31 74 49
67 47 62
60 20 39
88 56 70
57 27 4
19 16 2
69 91 32
66 78 38
92 35 86
28 14 9
77 26 75
11 37 24
30 43 77
81 6 31
61 29 51
53 68 20
57 93 75
63 7 62
79 60 75
97 39 85
43 59 4
91 35 94
57 11 8
11 26 27
53 34 2
66 38 8
80 30 23
86 65 96
15 70 6
28 61 46
67 62 45
58 98 29
13 33 64
6 31 3
59 64 14
23 68 31
28 93 98
50 36 26
30 66 46
78 50 74
0 91 40
62 43 98
41 14 71
3 38 22
12 82 64
92 91 49
99 31 80
61 63 24
76 77 32
66 35 61
53 36 3
10 27 90
46 24 82
83 30 20
51 23 91
43 11 25
33 7 59
10 22 81
21 66 52
30 60 96
93 82 77
52 84 82
60 84 35
93 79 0
40 74 86
62 40 72
80 57 92
41 6 68
49 46 59
52 15 19
0 56 80
11 77 17
14 78 89
87 82 32
37 64 86
11 95 47
2 75 46
91 89 57
64 74 85
36 45 89
0 5 87
57 73 82
29 65 32
92 53 59
2 38 41
97 47 55
48 80 68
22 14 55
75 9 27
65 36 10
35 10 9
87 85 37
40 5 75
29 55 21
78 24 48
80 30 48
16 31 20
53 83 46
27 94 36
98 5 8
73 36 11
9 54 78
46 56 77
23 27 59
55 98 72
92 4 38
9 48 92
52 76 9
86 94 8
90 88 58
55 42 58
85 74 18
43 73 17
40 52 17
79 87 80
77 65 97
5 19 55
11 58 58
96 22 39
39 54 52
1 8 82
29 15 8
9 77 1
20 41 9
41 94 24
41 91 55
57 73 67
15 95 97
33 12 10
72 98 71
2 45 88
36 36 54
63 40 94
37 14 95
16 48 29
94 45 23
34 65 94
31 96 92
42 31 88
99 23 69
72 89 60
61 56 35
23 79 38
52 13 19
35 85 53
76 25 65
31 35 36
94 89 58
39 38 41
30 24 84
36 82 80
14 64 47
86 44 93
0 67 7
6 6 97
78 6 85
5 62 22
82 7 30
93 5 17
71 76 48
82 75 26
54 5 98
45 85 10
18 55 71
54 85 15
28 40 6
42 33 6
45 72 34
98 30 82
89 27 18
33 76 57
21 99 68
6 73 9
57 65 58
83 20 31
36 63 26
5 34 72
34 78 56
18 4 8
3 74 65
49 55 91
41 5 74
76 38 76
2 43 69
66 65 24
8 28 50
10 76 29
43 94 24
9 38 89
85 11 59
69 24 12
3 30 84
46 86 11
31 17 22
38 42 0
92 41 61
38 28 15
54 81 68
63 58 89
24 5 64
51 27 49
90 89 45
3 87 51
6 77 66
56 98 52
21 0 48
56 35 23
85 71 63
0 76 92
78 93 46
56 2 25
31 80 70
95 12 95
48 7 20
13 40 83
10 49 0
17 82 69
46 3 72
83 58 57
7 62 29
36 38 62
76 99 66
94 8 97
43 93 24
63 27 82
45 94 25
55 92 2
68 60 72
84 78 31
44 90 96
95 28 21
8 16 97
52 21 15
0 85 86
99 51 7
55 70 91
75 27 86
52 8 42
33 50 65
43 56 91
11 77 30
64 75 76
88 77 43
18 52 83
99 67 30
70 67 10
29 64 33
41 42 74
83 12 59
65 13 17
5 98 22
16 4 5
84 13 83
33 52 86
39 59 90
70 81 11
27 71 17
49 87 45
25 82 26
59 70 9
21 78 38
0 67 5
2 42 23
77 56 66
84 11 87
87 71 61
35 55 62
17 11 48
40 54 94
47 72 35
54 10 64
15 62 80
62 63 78
92 46 6
3 25 65
78 90 87
2 47 98
76 53 83
83 28 21
85 43 93
71 19 38
38 93 93
98 75 87
9 10 95
20 33 91
51 76 8
72 45 10
1 92 45
70 35 27
47 53 1
56 84 19
4 24 66
89 67 51
8 99 55
65 72 82
87 12 99
35 78 12
50 5 16
75 32 0
61 31 22
91 83 51
7 37 87
34 35 90
39 49 37
2 16 9
61 1 78
26 9 42
52 54 23
94 66 28
65 36 53
47 3 60
66 46 94
60 56 38
82 38 16
78 24 16
66 85 68
14 10 28
92 75 70
81 85 94
53 45 76
96 58 62
51 20 34
67 69 79
26 68 94
75 61 65
8 22 46
53 68 95
71 56 42
17 16 8
68 0 10
99 51 20
41 62 41
40 4 75
70 6 12
26 82 49
7 31 41
64 10 3
76 50 28
91 82 53
59 28 69
52 79 98
15 33 40
39 93 24
74 1 61
34 61 2
5 50 28
87 67 43
17 62 72
37 36 92
23 49 65
97 94 87
4 16 66
10 33 19
16 70 17
62 71 99
34 32 72
13 41 44
8 37 88
77 51 62
45 67 12
95 12 97
84 42 86
82 18 30
87 50 69
82 99 40
44 87 82
32 5 38
43 13 39
8 17 96
29 70 14
83 97 48
49 22 33
41 47 87
75 20 9
15 88 25
66 68 86
49 91 76
52 87 33
24 10 93
16 73 19
68 45 75
89 66 89
23 26 7
14 19 48
52 91 49
61 25 75
5 82 4
77 72 27
27 63 78
60 63 55
84 0 52
95 7 60
81 34 80
68 63 44
13 22 7
73 12 22
66 67 68
3 26 25
31 87 71
63 51 36
25 31 99
18 52 87
65 74 31
25 19 33
5 4 89
48 61 20
71 88 62
17 19 22
73 44 9
15 66 52
77 15 74
94 32 13
98 95 95
76 6 35
44 96 52
42 51 41
29 52 80
84 72 62
26 89 45
23 49 21
37 95 96
76 77 63
99 26 7
57 94 65
94 43 7
56 93 76
30 72 30
44 31 46
78 51 55
18 34 57
50 98 41
25 43 74
93 15 26
40 62 50
38 66 50
54 24 36
49 5 63
15 63 47
60 82 24
23 90 45
2 29 84
49 15 5
83 44 39
38 59 83
6 51 30
60 43 97
22 54 14
43 1 72
91 46 36
5 68 71
24 76 3
91 9 71
26 7 53
52 6 44
4 73 48
18 81 68
93 19 12
13 59 41
84 38 30
98 30 95
73 10 29
32 4 76
2 62 91
50 77 45
29 65 45
51 23 76
71 85 14
8 97 27
53 37 64
77 89 28
18 63 7
2 71 85
37 8 44
15 15 78
84 15 2
7 25 7
4 21 56
6 30 2
73 36 22
74 11 23
37 75 59
33 24 41
74 44 93
56 11 63
76 52 28
49 40 11
95 37 46
53 82 60
15 50 94
92 46 5
13 28 14
15 37 81
41 24 42
83 41 84
74 32 20
57 69 83
94 27 74
43 62 24
16 85 38
12 69 71
43 4 72
31 41 95
12 63 8
14 14 33
22 15 49
48 7 54
7 90 11
93 24 96
50 95 14
67 66 28
10 39 90
20 46 20
97 52 19
39 96 92
27 86 78
97 12 50
40 22 11
13 12 18
21 49 43
36 13 30
99 52 27
71 42 49
55 43 98
25 89 44
38 76 77
6 60 73
63 40 98
54 56 72
0 0 8
84 46 85
76 42 72
42 59 7
76 22 64
43 48 91
68 50 20
97 12 93
30 47 68
38 16 87
52 93 94
67 87 16
33 66 93
72 96 32
36 21 48
56 34 91
77 36 28
93 41 64
14 92 74
93 51 55
29 12 35
48 25 59
70 80 66
5 32 53
12 19 44
0 40 98
58 62 77
82 83 70
78 71 37
21 55 50
59 52 9
80 74 74
92 9 78
39 25 86
76 98 89
44 72 34
85 67 43
68 4 48
36 38 43
92 9 72
53 88 67
45 79 70
13 63 5
26 0 72
11 47 22
38 53 79
46 68 90
10 64 89
55 66 62
81 76 28
1 63 28
2 96 42
41 49 53
53 17 94
40 49 42
48 20 42
7 96 28
51 93 49
28 19 25
39 86 49
1 27 65
20 19 22
5 69 41
15 54 57
89 47 82
67 64 41
45 97 36
76 78 77
30 97 91
62 69 98
81 59 32
90 81 23
3 51 68
12 71 86
91 11 91
0 87 85
44 95 38
86 31 83
63 56 70
66 9 63
22 27 48
61 18 0
71 58 95
75 71 48
29 22 35
64 93 92
43 25 67
14 75 78
1 65 54
3 31 85
33 65 9
38 68 9
2 71 78
58 16 67
88 3 14
99 95 93
17 60 31
48 42 51
96 98 91
16 62 81
27 18 25
83 59 91
20 82 11
2 74 80
77 40 56
24 18 93
64 23 52
50 22 75
76 66 97
42 90 83
9 82 32
75 16 49
54 11 65
97 8 87
22 35 26
50 76 78
16 72 20
70 56 92
64 73 41
63 22 63
16 73 80
74 51 84
89 72 82
40 69 90
18 13 81
20 84 50
98 96 92
77 34 45
13 39 19
59 99 4
78 38 55
29 15 9
51 24 77
92 12 78
29 17 76
93 31 24
66 75 30
39 55 95
91 8 73
20 69 52
5 50 31
27 29 73
31 58 96
70 62 71
96 70 42
89 23 40
43 47 50
51 46 86
12 78 43
68 63 17
94 53 12
94 17 29
17 3 4
1 26 26
83 21 96
2 67 5
32 14 66
15 34 12
45 68 92
15 4 57
42 18 24
95 13 97
42 14 41
49 2 88
4 64 50
24 96 57
79 69 57
30 28 47
96 90 73
56 35 74
77 70 37
82 47 76
11 22 3
22 28 42
37 69 9
10 16 73
56 32 40
31 38 61
13 65 46
44 86 56
60 90 56
82 2 13
56 97 40
45 71 48
3 15 67
86 68 13
63 11 85
1 84 87
80 1 82
42 41 24
10 11 96
37 82 30
68 48 19
73 58 8
47 32 10
44 75 32
56 94 79
89 50 63
10 64 71
76 47 73
31 69 9
73 97 77
84 27 22
34 80 16
96 35 52
16 37 81
8 61 27
26 60 55
31 14 48
1 12 32
3 82 36
26 90 45
58 63 12
86 34 51
60 40 84
76 36 55
23 69 41
86 69 0
63 73 43
79 70 64
28 42 43
54 31 69
24 29 83
87 90 31
19 51 27
37 7 62
96 80 40
20 75 95
98 84 49
24 87 62
67 16 65
7 58 34
68 1 83
4 54 3
77 74 27
26 7 80
7 1 14
26 77 28
20 84 10
41 34 5
12 74 16
29 60 46
58 76 46
84 45 84
1 40 29
41 24 23
64 82 59
11 95 46
93 31 15
32 3 43
57 42 96
47 78 15
36 64 27
76 76 64
32 34 21
68 89 96
1 93 18
31 23 68
42 39 78
33 63 66
96 18 63
77 65 41
75 31 20
86 69 64
82 60 72
26 49 21
63 15 24
4 63 92
12 96 93
52 34 9
47 23 29
97 92 51
3 73 80
25 39 95
77 70 62
30 44 59
12 81 51
16 42 86
87 82 40
62 3 50
51 48 77
16 95 98
18 16 59
52 6 81
0 87 3
78 60 24
24 2 7
75 75 53
45 47 43
58 27 31
86 95 9
38 98 60
71 11 94
2 80 62
71 29 9
78 97 8
29 14 99
87 91 32
94 79 32
95 56 3
48 6 84
78 90 79
71 29 82
9 63 72
72 48 8
76 16 36
82 73 94
54 7 54
40 6 36
19 99 32
89 74 15
29 69 54
72 43 96
59 69 47
70 21 82
3 78 39
71 0 8
20 49 37
66 6 85
47 67 91
66 96 91
12 39 70
1 56 82
60 4 74
47 98 37
1 87 20
40 23 36
37 84 96
27 6 78
8 10 52
48 35 24
48 77 15
56 3 26
64 28 62
95 27 69
22 8 14
51 51 8
61 57 20
96 36 19
27 16 11
22 48 43
16 6 7
35 16 93
50 12 83
20 34 30
57 15 67
18 84 52
28 28 49
2 20 43
52 14 21
17 39 92
32 8 85
44 90 3
63 75 95
78 38 18
18 27 4
98 27 70
19 72 30
85 43 43
68 68 80
34 95 84
19 15 3
57 33 1
53 12 28
28 94 36
34 99 89
61 56 83
64 94 92
42 70 14
63 40 47
70 68 10
81 82 69
83 43 55
61 69 69
59 29 21
56 94 80
41 92 54
1 67 53
44 67 63
42 62 22
22 79 36
38 9 44
33 83 51
15 44 8
75 10 96
46 51 67
41 44 21
30 40 17
75 62 87
91 22 96
57 39 62
81 46 97
42 3 98
80 34 44
39 92 63
46 47 53
79 99 6
27 13 28
23 31 77
78 76 16
22 88 12
85 49 30
42 16 25
21 84 85
88 51 82
51 0 11
1 67 16
30 18 97
80 7 82
30 64 33
48 81 11
21 66 29
25 51 67
51 58 4
5 66 47
41 26 34
3 10 21
9 11 22
49 68 71
24 43 93
39 3 82
31 0 19
70 69 84
95 59 50
50 8 90
35 11 10
9 59 84
66 24 91
0 46 9
59 31 29
30 50 67
28 97 93
51 92 48
12 18 77
42 22 55
81 86 30
60 85 30
51 28 49
89 12 57
56 90 73
30 25 51
9 46 52
81 81 25
35 9 14
99 4 78
18 60 81
69 54 49
28 63 81
29 47 67
22 89 11
92 50 47
47 19 27
43 81 53
1 50 90
12 25 41
3 42 75
25 42 75
33 41 99
38 44 39
56 57 47
8 81 61
15 66 96
79 64 89
30 44 43
24 33 83
82 69 17
39 9 78
44 51 52
84 45 7
91 26 19
91 51 95
67 25 18
10 58 43
6 32 42
49 65 81
83 40 87
61 29 59
48 70 30
41 92 5
1 19 23
80 44 96
4 5 89
25 66 24
61 5 18
33 80 20
64 77 51
9 90 11
76 44 12
91 86 58
66 88 15
31 84 26
31 0 63
37 38 98
93 11 22
48 66 43
86 1 24
29 20 23
16 84 50
55 10 64
49 61 71
84 48 29
90 83 22
77 34 44
75 25 87
63 20 47
4 74 64
90 0 54
41 54 95
49 0 38
84 36 39
34 66 77
54 23 98
85 99 85
35 39 74
5 71 65
14 1 42
76 4 9
25 56 62
36 20 84
31 8 91
56 22 25
69 90 3
95 36 17
16 74 9
42 48 52
70 78 59
44 3 72
18 62 9
23 94 78
46 20 4
87 69 85
47 31 11
76 29 34
31 22 88
81 33 71
70 23 49
54 18 55
91 41 62
82 60 71
66 14 67
55 9 41
47 99 36
56 9 63
82 33 38
15 2 58
89 55 69
16 65 97
1 51 8
5 64 49
12 53 34
55 14 15
5 1 72
99 77 93
36 97 96
20 78 60
65 13 75
31 49 70
21 89 72
57 78 55
6 37 31
90 88 79
71 88 60
33 82 47
76 16 49
46 57 99
43 64 61
33 62 27
28 74 2
97 99 8
49 95 13
25 24 42
10 17 14
23 1 8
17 54 96
79 6 83
7 23 23
41 13 42
8 63 95
26 43 45
11 95 93
41 24 93
83 9 72
14 56 70
11 95 92
49 1 11
8 84 38
97 85 61
22 36 1
74 90 3
20 51 48
64 44 80
41 25 24
54 43 99
69 4 13
47 96 65
50 90 85
53 56 74
48 25 58
88 28 18
41 17 82
52 75 62
86 79 36
29 94 99
34 84 60
48 33 23
70 97 54
87 78 94
58 66 67
88 25 2
13 89 36
48 19 45
68 62 16
79 12 36
86 85 38
38 50 36
56 55 93
27 58 96
90 12 60
31 53 0
95 87 67
24 92 42
43 47 79
2 49 91
16 54 39
32 22 24
47 58 93
5 30 3
27 19 62
19 72 20
27 75 29
51 5 80
24 74 98
52 70 40
31 19 22
11 70 84
7 37 75
71 47 9
76 77 73
48 86 52
83 0 39
28 52 4
89 22 5
27 34 59
49 69 90
89 66 72
44 78 40
79 73 6
83 11 96
29 1 46
24 49 22
53 83 31
31 6 53
6 64 30
25 10 64
57 2 72
73 43 48
19 52 13
20 52 16
74 13 34
21 14 99
77 45 25
78 25 17
45 66 19
79 7 76
25 65 35
63 56 43
30 90 48
92 39 76
7 77 64
53 36 7
16 14 94
48 68 85
46 36 73
62 55 35
42 63 24
19 83 74
50 12 70
92 27 20
24 93 78
83 99 39
17 98 78
32 49 73
40 3 22
42 54 84
5 66 1
0 87 8
33 86 70
15 1 58
12 19 46
36 18 61
35 54 38
64 94 63
34 7 87
8 11 52
62 70 68
70 77 48
77 58 10
95 64 95
25 94 12
47 39 58
70 84 18
26 10 20
37 20 60
25 67 3
39 93 65
19 84 11
30 84 25
29 45 68
72 36 8
97 12 49
72 50 77
4 1 73
54 51 85
60 57 51
94 59 50
91 10 75
4 27 4
97 53 19
68 64 61
32 73 59
92 10 73
23 2 6
93 31 13
67 14 18
7 62 28
15 45 29
39 46 25
35 45 90
98 61 50
40 83 15
64 27 60
44 65 23
63 53 35
33 64 27
52 32 98
65 61 88
79 72 5
61 2 77
14 29 87
75 56 10
1 71 65
36 53 37
22 11 44
93 38 30
16 11 69
79 25 19
30 16 76
27 92 97
24 70 96
30 14 8
42 56 92
63 23 62
46 88 45
47 23 81
21 0 47
72 6 74
67 4 71
32 6 52
2 75 80
30 59 97
10 76 27
55 58 2
79 91 72
36 90 39
32 95 93
66 65 29
6 49 32
21 66 28
76 32 10
16 55 95
48 75 45
29 25 50
31 85 34
11 38 69
87 3 0
41 55 93
51 14 63
68 41 79
89 18 69
11 23 39
7 52 45
80 45 97
47 75 15
17 53 98
86 32 52
81 59 9
90 24 41
78 42 26
65 21 43
89 94 46
35 64 29
78 13 86
97 2 46
62 7 86
58 29 19
96 60 50
42 65 64
21 9 65
35 41 40
27 83 50
12 4 58
15 10 46
66 47 37
9 92 9
80 93 42
41 32 5
78 15 73
63 14 16
77 8 97
77 49 73
15 83 95
21 0 50
58 28 18
61 99 15
10 36 24
65 27 17
55 32 76
87 5 0
11 38 55
26 18 17
49 77 46
71 2 65
51 94 22
51 46 77
76 73 28
60 99 8
48 37 53
2 63 50
53 94 48
26 99 15
72 62 56
92 45 6
66 42 62
52 43 98
66 42 59
24 16 32
52 73 36
61 90 20
39 76 29
15 79 88
37 20 63
45 54 73
58 38 61
86 12 44
31 89 44
91 52 60
99 22 86
79 10 20
14 30 70
57 81 48
48 20 93
92 90 58
56 2 39
40 2 4
70 79 98
25 98 37
92 10 76
75 62 1
29 97 92
29 59 94
74 29 22
14 79 91
64 21 63
18 11 25
97 75 77
3 51 66
43 63 23
67 46 17
92 20 81
38 33 81
58 83 60
68 32 84
79 89 88
65 34 30
36 30 67
84 8 89
32 0 21
21 4 80
72 70 46
59 40 5
70 80 60
10 96 98
38 60 89
60 29 24
37 34 19
7 30 50
80 31 44
74 39 95
50 46 76
51 77 2
70 28 26
19 69 80
46 74 14
47 98 38
62 25 76
64 75 32
20 66 53
76 31 62
56 29 64
37 40 84
76 3 20
74 46 24
14 44 86
60 37 35
57 8 11
39 44 21
65 61 72
71 88 61
67 95 51
43 12 69
65 56 61
40 5 98
45 97 73
0 85 76
61 63 54
95 85 38
43 57 43
6 32 52
34 27 69
64 3 23
90 65 73
58 2 23
93 62 22
52 7 81
55 82 69
99 88 2
44 72 49
67 13 19
7 21 64
93 53 11
12 22 5
80 14 6
55 93 94
21 67 30
88 22 4
19 69 32
17 0 33
64 24 82
75 2 20
5 7 64
37 37 42
54 68 83
20 31 38
89 82 30
37 17 90
54 16 43
14 12 21
96 70 3
36 6 87
39 75 30
36 57 63
82 23 14
28 83 7
27 51 67
77 23 16
30 22 68
88 36 90
62 2 33
24 32 0
23 42 25
39 88 68
62 73 19
69 8 46
95 39 47
28 20 0
42 32 57
28 48 69
54 27 32
13 4 58
24 30 68
44 89 3
84 58 44
50 61 0
72 16 29
32 17 6
63 2 24
82 65 22
16 96 23
18 30 21
10 22 67
67 45 60
2 43 76
73 74 74
41 4 99
31 17 84
25 63 78
86 75 17
86 62 2
13 80 91
87 9 21
95 35 18
67 42 63
58 25 93
4 27 96
28 6 60
99 0 54
96 43 59
80 75 54
58 3 73
58 93 66
1 21 45
14 44 87
45 42 86
61 76 12
31 5 54
63 55 17
25 71 97
62 92 47
49 20 54
23 45 83
50 25 88
81 58 31
80 69 92
0 97 13
32 37 68
28 73 1
2 28 86
16 6 91
56 31 81
50 39 20
38 42 1
51 42 65
72 10 27
46 88 47
12 32 65
19 32 37
53 81 31
47 18 43
70 21 39
81 11 61
99 47 63
12 13 18
31 72 91
28 65 47
25 49 21
6 45 6
85 4 50
0 98 58
22 17 78
26 73 61
10 87 24
80 41 28
79 14 7
74 76 87
8 51 27
73 32 0
64 96 93
80 74 55
42 51 52
69 96 53
26 34 59
67 15 49
25 87 18
19 96 98
26 86 77
88 82 30
86 69 84
5 75 49
74 51 38
13 4 1
70 55 91
12 20 45
62 76 24
48 76 45
81 69 31
61 58 86
37 36 10
92 91 83
27 15 76
