74 78 77
56 25 96
45 49 76
63 17 15
36 36 78
37 80 78
78 5 47
30 65 67
70 21 0
49 32 2
76 20 10
57 85 35
46 55 2
14 63 28
20 64 62
66 77 31
61 81 61
49 49 80
66 14 96
49 85 52
47 51 67
30 27 49
23 57 70
4 49 30
74 97 56
76 53 38
14 76 60
24 21 72
98 12 97
15 80 0
80 63 39
17 60 82
77 61 58
61 49 94
89 86 81
63 33 54
10 48 42
19 97 94
98 49 20
32 29 68
6 59 77
23 44 11
5 60 77
13 16 99
46 5 59
51 99 32
65 22 74
83 46 40
42 30 89
9 56 14
87 5 1
65 87 44
98 44 68
80 24 33
89 43 81
47 99 37
62 99 24
90 48 27
73 27 24
86 17 71
17 72 12
88 61 74
97 92 10
12 64 28
20 28 44
53 28 84
23 92 44
93 67 41
18 11 25
69 78 43
96 38 96
24 43 57
15 24 11
68 10 61
69 60 69
77 92 41
66 47 68
3 75 46
66 93 45
46 14 86
39 42 17
48 2 46
41 23 77
21 98 68
93 78 46
1 51 11
75 82 26
68 36 93
66 64 16
42 8 22
12 8 75
9 92 80
7 22 66
24 14 84
47 72 37
30 46 53
95 8 68
61 72 44
99 21 15
59 44 94
1 4 73
99 57 78
71 10 56
39 23 66
41 9 36
79 8 54
35 10 59
19 61 67
73 50 60
39 54 54
95 97 60
81 93 77
69 49 52
72 54 22
91 92 21
57 70 85
90 57 67
90 30 95
68 63 14
42 93 7
45 68 28
27 62 77
80 72 93
84 23 64
73 11 96
20 68 33
43 54 67
73 4 65
22 50 73
80 47 38
45 29 12
69 50 47
83 54 74
36 29 55
46 41 68
12 3 51
35 39 83
14 97 8
85 8 62
22 16 0
28 14 7
38 52 17
24 46 95
93 92 20
53 17 34
94 74 30
61 86 67
52 27 92
85 52 52
14 22 49
24 1 10
82 13 50
26 10 18
91 16 39
0 86 72
8 58 88
20 73 22
33 53 65
47 97 39
87 37 65
98 89 22
50 0 11
80 87 27
22 3 52
15 90 86
29 90 98
36 31 65
65 62 85
76 89 6
32 20 21
55 68 65
20 41 93
71 48 80
70 25 27
92 80 2
31 37 88
29 88 69
85 63 31
58 45 95
89 38 18
7 12 98
75 81 61
93 90 7
5 56 85
3 28 99
39 5 69
1 39 42
40 24 77
72 61 9
85 51 52
93 91 8
33 13 14
62 86 79
45 84 64
67 96 78
95 66 16
5 61 58
62 24 91
28 55 48
68 78 59
20 16 99
40 45 49
17 62 74
72 70 98
4 24 57
67 10 62
85 8 27
86 0 57
82 60 91
82 44 24
6 85 63
62 15 72
31 87 71
50 27 47
79 49 95
7 22 68
53 51 62
95 39 96
37 23 48
16 59 26
74 23 8
19 6 25
51 1 92
70 1 67
49 51 10
58 86 58
44 46 92
86 26 0
22 37 50
75 13 75
5 12 97
29 4 93
94 72 41
67 63 26
25 75 28
85 13 74
81 84 34
52 61 8
10 36 10
59 45 35
92 41 72
78 1 39
66 75 0
78 62 90
63 73 21
97 6 12
7 17 41
37 83 17
78 60 29
3 61 22
58 27 3
23 47 83
30 79 58
59 53 41
60 83 58
5 2 21
93 16 84
11 10 92
84 20 70
10 65 30
73 45 36
24 99 35
43 51 14
12 86 37
23 11 66
43 94 41
13 25 30
23 48 5
1 62 26
60 58 38
94 54 65
18 91 70
62 14 10
35 47 32
66 36 78
86 21 31
62 87 63
23 34 26
58 77 55
84 17 69
61 21 33
80 92 76
89 81 70
71 57 89
8 53 93
34 74 79
80 26 33
44 71 15
69 33 98
58 83 37
50 40 10
87 60 45
61 6 24
27 95 46
20 71 88
42 56 12
0 87 22
82 5 85
43 90 94
75 93 41
33 27 47
84 44 0
78 32 45
75 49 15
44 52 96
62 99 90
18 76 26
14 69 72
61 91 69
15 96 27
42 63 85
17 63 39
94 19 29
21 43 22
37 62 29
61 93 23
32 7 37
62 47 1
84 57 54
3 19 48
92 31 70
88 50 21
0 93 17
34 3 89
75 48 77
16 59 67
85 50 38
63 19 85
26 98 78
0 32 77
28 49 93
12 64 12
5 40 39
70 50 41
96 7 73
92 5 82
72 97 32
33 16 47
24 89 61
13 73 61
89 76 57
91 94 20
59 1 66
11 80 50
34 42 12
14 66 46
31 80 21
62 13 15
92 15 90
42 42 94
11 68 82
74 77 0
48 63 45
54 64 87
24 32 58
14 46 85
82 90 0
11 37 9
82 20 96
30 95 14
66 72 80
55 24 78
31 46 82
58 58 36
33 55 39
23 93 37
94 68 91
18 27 51
97 35 70
60 21 4
15 90 85
19 75 26
91 3 81
93 50 53
91 26 19
94 81 14
75 1 17
81 27 26
63 68 62
76 17 41
53 39 76
63 58 16
65 89 11
78 48 71
65 53 7
84 5 54
80 23 42
87 5 99
64 57 91
5 87 50
47 45 44
6 38 85
81 24 47
83 70 58
89 8 56
37 72 19
88 19 32
33 78 46
50 11 3
60 30 27
37 59 1
20 82 39
59 82 37
42 49 35
58 67 59
95 9 67
40 21 86
26 50 64
59 48 21
66 21 45
7 67 22
85 79 23
1 74 78
65 80 28
60 53 42
35 29 79
37 94 66
84 37 29
70 15 58
91 4 29
40 81 38
16 63 49
87 36 88
51 68 80
22 29 47
18 81 69
73 77 78
22 3 90
15 92 79
65 85 32
40 28 16
64 63 2
32 79 89
78 39 54
50 12 35
14 12 17
53 52 60
4 27 67
16 38 82
51 24 76
82 75 77
88 49 20
13 27 90
58 22 86
28 64 81
33 31 95
91 85 11
80 85 83
92 84 70
24 65 53
74 85 37
4 95 24
30 99 3
85 50 47
37 76 63
58 10 40
46 52 68
9 92 64
59 96 40
69 9 27
30 98 76
71 68 33
66 68 40
28 23 69
17 64 8
94 38 82
43 72 16
25 71 41
95 21 65
39 84 16
50 19 2
57 60 95
65 29 89
3 94 72
95 32 10
39 90 88
17 64 14
7 68 23
58 1 71
99 33 40
11 81 48
18 86 21
49 96 42
20 64 49
64 24 65
32 29 0
1 29 52
49 4 15
18 87 30
29 77 40
72 54 23
20 81 59
70 88 95
54 83 93
71 11 80
68 25 11
68 6 85
34 97 88
44 82 11
55 10 76
97 70 95
90 80 69
9 20 64
11 71 83
61 75 10
67 28 61
49 29 25
32 19 52
5 24 46
78 17 42
6 27 35
83 34 42
44 92 94
39 89 57
8 34 19
12 19 37
20 16 5
68 20 39
70 20 1
71 64 0
83 83 43
58 68 58
48 48 55
14 95 19
64 36 75
66 13 75
75 17 31
50 23 36
51 68 73
30 69 71
71 29 48
21 2 51
12 47 58
51 61 29
80 99 21
27 79 92
73 24 15
92 30 84
86 33 81
22 75 85
5 94 58
19 84 11
24 92 42
25 89 63
38 42 18
32 99 8
86 32 61
40 93 8
52 62 2
23 91 45
6 0 68
52 9 50
25 9 19
69 87 55
21 80 58
95 72 22
91 4 81
33 9 6
83 92 18
37 61 25
11 20 65
87 59 45
25 23 64
79 15 34
89 95 96
39 32 97
68 62 76
70 95 69
1 41 22
6 15 54
78 47 71
75 8 79
18 3 47
29 89 9
22 74 50
8 34 38
51 70 73
5 71 0
25 76 59
62 53 36
24 90 94
91 74 24
70 91 1
53 90 33
80 66 99
3 45 24
37 62 54
51 28 56
81 29 42
21 61 5
98 5 41
62 92 82
15 26 27
93 93 94
35 48 67
74 16 49
78 23 11
44 64 45
53 79 52
81 82 72
44 73 73
94 61 94
29 78 47
28 96 34
36 17 87
46 17 52
37 45 1
76 37 77
60 70 2
53 4 88
64 43 7
21 22 20
90 20 78
25 2 59
22 25 95
43 22 67
26 87 95
34 96 37
78 83 35
46 74 93
0 55 20
99 30 78
40 4 55
35 25 3
78 60 40
46 35 39
86 98 5
39 67 13
58 0 93
11 21 66
65 28 90
63 40 93
62 85 33
66 62 26
25 41 31
70 12 61
37 51 26
6 74 34
14 34 37
76 71 4
85 37 49
4 12 5
64 44 14
85 44 87
42 35 43
94 38 25
2 36 71
25 16 57
83 86 78
15 42 7
3 73 51
32 12 8
20 28 45
84 63 2
13 77 75
67 9 48
14 96 15
83 70 43
66 66 95
68 60 93
59 94 95
52 98 25
33 17 77
44 44 28
47 32 86
69 12 3
63 83 60
68 34 38
37 46 0
49 69 91
54 97 70
96 68 96
87 56 22
16 26 9
25 70 94
73 0 42
70 64 46
77 60 46
53 40 43
52 41 66
16 38 28
54 86 86
87 32 83
18 75 14
30 58 96
14 50 53
36 60 59
63 94 65
47 97 71
13 41 25
99 22 12
53 55 28
92 21 97
13 58 1
44 71 18
2 52 37
2 70 71
91 15 13
74 3 31
32 42 22
91 91 84
52 85 99
58 90 82
69 49 28
38 4 36
70 13 71
80 12 59
13 24 68
4 73 52
74 93 83
67 63 75
92 30 71
44 50 78
27 44 46
50 35 98
74 50 14
76 74 37
53 62 1
58 60 37
47 71 31
72 87 12
76 69 49
91 11 38
28 62 23
10 39 19
72 18 2
88 71 93
88 78 65
95 26 20
35 29 8
76 9 40
4 25 46
37 16 87
5 13 5
71 86 96
58 96 17
43 64 63
12 80 47
51 7 42
93 61 73
74 10 95
45 77 83
36 71 20
62 89 76
74 4 51
62 92 20
5 64 61
23 44 8
17 2 33
8 67 23
5 2 37
4 85 91
51 37 90
42 70 14
72 64 0
51 74 60
24 36 52
55 9 37
19 77 83
52 97 70
68 43 66
16 4 84
23 45 12
34 71 8
72 88 84
76 93 42
62 54 70
83 68 86
19 59 82
16 7 1
66 16 15
4 18 74
98 14 43
21 55 72
69 79 56
47 53 55
72 55 88
77 68 24
46 41 59
12 10 81
89 94 94
81 66 99
38 33 64
99 44 88
77 60 67
16 62 40
97 14 24
50 71 37
20 60 4
17 64 28
26 5 87
48 92 59
80 31 43
5 48 86
33 8 53
15 11 3
97 56 51
57 95 96
32 19 66
78 14 70
48 38 24
99 95 87
91 34 36
17 74 13
69 34 18
91 35 62
24 96 38
56 7 61
11 45 58
25 65 82
62 1 9
67 99 40
66 38 69
16 65 22
25 47 94
45 53 91
69 14 57
32 49 55
80 18 42
34 50 95
43 73 5
50 33 47
47 96 73
59 34 77
3 3 80
90 17 40
73 40 6
24 17 24
21 37 39
52 73 35
77 73 38
87 85 81
89 5 0
70 53 0
50 69 75
71 46 52
9 87 91
94 3 13
71 4 15
32 65 21
3 39 27
99 31 35
48 40 38
60 68 71
16 48 3
26 83 42
8 24 23
42 65 64
25 29 54
40 58 34
27 4 79
49 93 91
22 11 67
8 21 66
1 38 86
81 31 25
90 92 26
13 92 10
67 69 44
40 58 33
41 12 0
61 46 0
18 68 88
23 70 27
72 89 58
92 8 61
50 41 39
36 40 14
58 66 77
77 30 63
15 46 8
88 85 80
3 84 76
81 19 51
11 74 42
81 48 38
60 46 78
31 80 57
72 35 51
98 56 36
34 32 36
81 23 32
35 72 19
63 42 99
64 53 0
95 6 72
99 73 9
81 54 23
36 75 78
11 23 48
15 10 90
48 71 38
30 75 98
16 27 18
70 11 4
85 33 92
66 45 19
14 94 74
30 39 48
53 42 64
91 42 53
84 99 2
40 7 58
68 74 95
79 80 22
79 49 38
46 53 92
57 78 4
3 37 98
0 58 78
81 78 10
49 34 47
3 85 77
12 53 53
12 38 61
54 59 15
58 38 86
45 95 53
80 32 23
34 98 12
89 80 93
28 46 66
5 59 76
60 42 10
75 90 48
18 88 64
79 43 93
9 92 12
11 61 6
41 78 41
28 66 92
67 78 82
25 80 96
84 38 28
93 71 41
93 87 82
70 87 53
38 59 94
82 84 44
80 66 1
22 82 28
99 12 93
48 64 50
19 0 29
79 27 41
38 87 34
54 96 52
49 34 97
30 11 28
41 37 53
27 98 94
5 50 29
54 16 42
66 42 98
56 17 12
69 93 49
26 1 28
9 3 14
35 57 86
39 47 12
98 21 87
63 19 21
96 57 4
97 32 44
91 85 59
38 33 88
37 31 99
21 96 88
97 92 40
56 91 28
47 93 52
49 70 13
30 0 21
28 38 57
49 73 13
10 22 30
91 76 70
89 87 89
67 22 45
33 53 68
11 74 41
80 32 42
85 84 29
27 51 92
27 47 25
71 94 36
6 41 4
94 78 99
32 23 25
51 16 90
54 68 65
69 5 84
90 30 16
38 3 6
7 20 0
55 55 89
95 31 18
18 45 31
91 33 57
57 1 72
89 20 79
93 29 9
13 7 75
73 51 60
79 45 84
87 7 15
70 33 7
75 71 45
41 71 76
43 25 25
7 21 3
92 57 12
27 93 36
92 91 46
2 78 54
57 37 85
72 85 56
80 71 49
33 65 76
51 72 10
55 20 87
31 92 76
35 85 95
2 94 73
47 21 1
88 22 91
48 84 83
77 68 48
57 15 69
21 33 30
95 93 84
79 18 41
82 40 84
16 11 21
16 45 9
80 8 8
62 76 10
96 53 41
17 37 83
68 0 39
32 74 29
0 25 80
95 16 73
52 99 11
56 3 86
45 17 60
38 82 97
30 22 26
10 31 64
75 26 63
7 57 50
75 33 60
75 7 49
54 46 85
49 53 5
72 68 74
19 44 30
46 17 15
20 23 19
92 67 17
45 54 20
14 78 8
83 55 79
11 46 57
17 26 73
99 96 43
64 30 27
14 97 23
49 46 3
4 9 77
52 1 79
24 93 52
7 75 18
15 48 55
33 3 89
25 30 53
48 2 73
24 31 30
14 17 32
75 75 49
92 15 14
49 76 2
5 64 10
22 40 90
13 61 26
71 29 86
96 1 27
83 20 68
53 16 97
49 96 22
23 83 50
32 96 95
5 3 51
79 53 28
57 93 6
58 5 37
10 68 36
74 55 27
54 79 64
63 12 63
32 22 24
37 84 66
80 14 34
52 45 76
37 88 83
5 72 85
51 31 62
45 81 52
62 82 48
88 37 87
89 61 6
38 28 67
40 81 78
54 39 34
70 23 36
12 11 92
41 67 45
80 60 4
12 11 34
45 68 13
84 9 88
18 37 69
5 43 67
20 66 52
23 14 41
79 53 2
30 98 62
75 18 25
37 21 37
22 94 11
27 44 7
2 54 36
19 0 31
64 37 74
30 78 48
37 63 56
20 74 30
47 15 37
95 61 95
47 43 4
12 15 14
47 65 94
17 46 71
7 38 74
63 4 69
32 52 67
22 17 1
76 83 28
64 1 23
8 90 50
88 60 33
5 30 35
33 77 82
35 74 78
3 71 89
18 85 80
93 20 88
33 51 14
24 77 73
18 68 30
60 10 88
66 36 40
87 59 33
77 14 6
90 86 10
63 66 63
72 98 70
12 82 48
66 53 7
1 2 86
11 75 31
12 76 39
89 78 65
99 87 63
48 9 84
37 47 85
5 22 54
90 85 53
66 47 18
35 35 29
14 60 46
30 25 82
21 13 34
39 49 10
48 18 90
12 45 98
51 77 91
65 92 82
82 61 9
5 60 59
29 10 92
45 55 21
13 23 41
39 55 53
40 39 65
92 64 51
53 49 38
59 9 79
43 62 14
53 12 39
86 38 50
50 71 74
11 38 14
61 18 55
17 8 38
45 13 22
33 11 72
36 84 87
10 66 29
58 84 36
18 46 26
61 91 94
55 38 78
77 15 42
55 23 35
65 34 14
33 96 38
69 32 17
64 54 69
25 63 12
49 36 22
5 74 64
86 58 46
29 46 52
13 94 20
1 4 41
76 34 62
19 85 37
17 55 56
63 95 65
54 15 44
6 13 97
41 61 10
51 90 91
63 25 0
66 62 46
41 12 1
71 10 77
74 48 39
24 4 76
7 27 20
8 39 63
77 14 61
35 97 42
49 61 21
51 37 27
40 6 78
48 61 86
98 52 53
2 46 25
12 54 10
3 50 79
29 10 6
79 68 61
5 97 25
76 24 16
81 89 99
1 53 37
68 19 94
7 47 61
39 83 17
32 77 81
77 77 17
20 52 53
16 70 57
62 68 63
79 74 7
56 79 54
32 1 81
33 24 24
19 23 18
56 14 16
6 24 14
98 22 87
34 20 86
96 79 91
0 66 0
86 12 73
32 11 7
99 17 64
84 77 23
85 5 53
78 18 30
80 29 41
57 36 37
64 85 59
1 17 84
1 8 41
46 10 68
13 98 37
29 37 44
23 21 73
32 50 27
12 76 99
13 12 18
23 15 79
65 38 49
25 26 13
96 93 23
75 84 89
54 72 74
74 96 5
79 93 87
23 76 87
24 15 17
34 85 69
79 24 11
7 53 69
35 49 67
6 15 97
30 88 68
30 65 44
18 25 81
82 37 83
42 5 13
77 53 37
42 69 64
5 16 55
1 1 28
90 53 53
24 84 16
93 38 82
18 15 84
66 87 44
18 73 13
37 26 31
23 12 47
1 66 59
84 76 22
7 73 85
82 68 32
19 33 82
50 97 88
65 65 15
99 66 31
33 59 24
84 99 67
11 4 60
93 34 97
87 15 1
56 34 63
89 1 27
18 36 54
34 79 46
53 91 30
75 17 39
85 22 68
16 55 90
79 41 16
86 15 78
90 69 82
18 65 2
22 34 25
13 86 89
87 29 91
69 63 17
2 74 37
81 98 38
71 35 9
12 36 10
50 78 67
53 66 22
77 70 75
43 73 27
12 26 38
7 7 75
80 60 78
65 48 17
21 10 56
3 29 52
13 64 45
94 98 19
49 28 47
98 95 89
81 51 8
80 5 41
64 44 91
75 16 33
36 64 55
38 60 0
16 48 65
68 41 62
44 56 21
6 72 84
79 50 70
10 68 8
60 37 60
47 65 70
24 92 38
57 25 30
70 68 75
2 42 21
58 50 35
38 44 60
55 77 99
95 54 55
66 88 80
55 45 84
11 42 83
27 43 37
38 21 31
37 76 78
51 22 49
47 64 71
13 5 60
75 84 80
51 13 22
24 52 12
31 70 72
28 34 68
29 44 7
48 94 88
23 4 75
32 22 5
41 66 91
71 66 7
48 87 31
97 79 23
54 84 6
21 34 28
70 67 85
10 45 11
61 87 64
29 70 72
25 50 74
0 78 88
32 5 86
9 75 19
3 3 58
92 69 96
37 59 35
44 87 87
43 11 1
72 71 24
61 91 96
11 68 53
15 14 77
92 83 68
92 82 27
42 57 69
35 29 58
64 13 33
64 31 79
74 23 9
92 91 45
91 44 77
20 8 30
40 39 96
69 88 62
7 5 42
85 0 12
75 54 44
10 94 27
22 56 71
79 67 0
95 9 43
1 98 77
44 38 72
57 4 86
17 98 43
63 67 89
46 97 38
17 79 88
91 83 50
85 9 65
88 72 63
64 45 20
11 11 36
83 5 31
39 17 26
93 89 56
84 61 4
0 23 69
55 46 99
41 51 40
71 68 69
20 67 91
7 97 27
92 67 16
87 83 59
22 10 89
56 94 97
16 83 67
90 15 74
31 75 98
26 92 88
68 60 75
19 25 79
97 37 57
16 97 88
71 72 43
46 66 76
52 71 23
95 56 24
56 72 40
64 11 7
2 81 32
86 44 5
40 44 83
72 36 12
43 8 89
74 76 48
50 21 29
31 21 36
97 98 94
37 33 30
59 84 57
55 43 24
19 71 57
48 73 60
61 45 76
37 16 81
11 79 43
14 4 98
72 64 74
73 34 67
63 39 92
78 78 18
2 87 84
0 17 20
12 25 39
65 31 46
1 0 80
80 29 62
55 29 21
83 69 33
37 1 96
90 92 22
9 41 94
42 11 2
34 64 84
51 70 83
94 18 28
12 37 15
75 82 24
97 68 14
82 39 57
71 37 12
89 18 39
77 16 41
55 38 40
86 99 53
25 48 62
39 46 41
12 3 56
72 70 46
68 36 7
72 36 11
95 91 50
66 78 18
20 30 5
66 37 7
75 9 90
5 63 61
87 92 52
65 64 1
33 6 85
77 86 34
11 62 92
94 8 70
62 91 71
51 10 3
26 62 27
89 81 28
61 93 83
48 74 64
3 51 31
13 68 56
0 53 10
6 29 82
54 46 81
27 4 87
42 24 22
13 67 47
47 3 45
86 41 62
65 9 6
75 77 44
59 69 32
3 30 0
43 95 42
34 58 13
84 58 5
29 62 22
7 57 94
25 34 79
70 64 36
51 85 29
23 51 32
83 88 10
55 82 30
8 14 54
8 39 75
23 58 79
54 57 57
82 7 60
43 71 3
54 37 79
16 18 42
58 10 8
27 46 22
65 39 96
40 49 29
88 89 34
35 18 42
19 95 92
14 5 60
37 96 74
50 7 53
35 63 20
35 10 35
6 14 38
7 6 55
39 31 98
34 51 69
51 35 98
98 69 66
68 62 69
40 81 89
22 10 37
15 17 42
40 9 47
6 96 26
93 74 29
62 52 37
44 72 3
62 23 46
50 64 43
79 53 96
71 45 98
55 46 75
92 57 34
0 90 73
99 90 74
24 12 18
64 73 20
80 93 11
16 45 42
96 82 81
85 31 52
55 62 71
63 72 22
17 94 94
58 79 90
86 62 42
0 45 41
33 95 94
92 12 37
95 75 51
69 79 12
90 99 72
72 29 23
59 18 26
74 87 14
51 88 41
15 73 79
78 74 37
91 56 66
82 3 56
41 48 7
5 13 1
42 21 76
83 40 83
34 54 99
29 32 2
41 80 75
67 39 72
37 24 11
71 87 56
27 26 84
30 43 0
79 49 39
11 91 75
79 68 91
85 57 63
75 24 14
40 43 31
79 59 60
60 53 53
86 38 49
90 68 83
94 5 79
59 56 51
28 27 84
65 32 11
82 94 58
5 50 72
93 49 54
42 1 7
41 93 77
53 41 65
77 24 15
4 94 73
8 66 22
6 29 49
44 94 54
37 74 66
68 57 82
54 78 24
58 47 98
15 20 84
73 67 17
35 58 58
63 19 65
67 44 67
97 57 54
64 99 68
48 34 12
46 4 46
97 0 90
85 30 38
36 33 7
22 74 27
69 88 98
74 41 56
1 81 42
84 44 86
55 7 62
12 10 4
41 23 90
11 54 93
36 25 12
13 6 75
35 76 27
96 40 55
20 81 26
0 1 80
0 20 96
79 97 82
44 10 70
45 80 73
21 96 43
29 65 34
27 3 12
49 60 22
48 63 49
65 87 74
48 3 10
98 51 19
54 8 96
62 92 93
71 6 15
66 47 67
66 50 20
66 45 94
55 78 54
99 61 40
99 97 97
30 38 16
31 95 90
18 95 40
58 6 11
18 53 37
43 21 76
1 21 20
88 66 67
51 22 41
49 68 55
90 11 56
77 66 21
77 57 28
76 23 50
98 44 91
67 34 34
79 58 95
48 12 11
42 74 6
41 15 27
24 16 79
68 44 60
20 80 62
53 5 34
58 9 74
97 43 69
65 27 87
58 61 13
5 66 54
78 46 73
49 44 32
33 0 82
23 43 10
29 64 78
87 55 82
2 2 66
79 13 60
12 74 5
49 41 39
75 18 40
93 42 36
82 23 48
4 60 5
16 99 2
80 3 32
77 31 5
25 90 86
58 63 78
93 71 70
39 7 60
20 95 81
85 10 64
24 91 44
91 9 47
3 95 69
74 31 81
81 48 64
64 17 14
59 97 59
9 37 10
77 43 72
13 11 31
71 38 21
58 85 11
86 41 32
51 56 25
27 46 26
4 23 56
93 31 70
19 97 95
34 2 75
37 27 50
79 13 69
15 22 22
57 2 87
53 86 99
5 13 44
99 95 86
59 41 80
8 88 83
58 26 71
33 76 38
90 79 20
22 81 26
68 23 10
0 94 93
18 94 93
28 24 70
51 11 63
50 89 23
35 44 29
86 9 69
83 84 43
21 49 83
99 25 67
53 69 64
60 74 93
60 87 55
40 55 17
37 64 55
74 87 50
90 38 19
10 25 23
22 10 7
84 36 29
57 28 19
72 37 22
62 76 8
18 69 27
22 71 26
68 35 27
84 32 3
11 26 40
22 27 35
77 13 70
26 4 83
55 45 81
57 97 16
12 24 47
80 37 81
57 77 56
37 97 75
64 69 70
50 22 35
60 13 97
82 52 15
35 72 21
80 18 7
98 18 22
66 97 28
90 75 24
11 92 9
5 70 1
99 91 13
27 18 33
99 31 80
25 46 84
16 18 7
22 37 23
38 53 78
55 10 86
29 35 69
38 35 50
73 30 37
47 43 29
88 2 40
57 65 33
86 59 44
83 89 41
89 81 67
16 26 72
42 63 45
20 2 49
77 2 67
84 59 90
54 15 20
15 28 14
88 6 84
30 74 11
18 38 83
98 21 13
24 80 29
34 77 27
86 20 30
31 76 80
83 40 66
61 11 85
19 79 19
52 89 15
6 39 3
67 35 41
38 48 4
66 6 52
57 55 33
9 76 30
34 3 87
15 26 79
23 74 23
76 91 64
58 22 24
18 85 11
61 86 58
66 26 54
50 39 8
79 35 86
3 32 55
4 23 79
40 41 5
79 54 10
11 48 31
39 54 18
79 48 72
89 82 69
73 71 59
38 73 19
76 74 48
38 39 77
85 9 82
45 33 64
15 4 99
14 58 41
15 43 6
61 52 59
57 39 59
52 51 64
85 6 63
4 96 40
32 99 14
72 5 14
56 71 25
74 92 45
79 59 62
57 23 86
18 65 13
63 53 69
86 43 40
59 6 10
35 3 21
29 94 99
93 84 20
15 96 58
61 39 57
68 95 83
51 15 95
70 53 99
69 35 7
62 45 86
82 60 8
76 41 93
45 48 59
57 56 85
21 70 95
61 20 32
14 70 72
94 58 56
88 58 53
97 25 63
4 50 32
3 70 85
93 79 0
10 76 29
73 90 60
55 9 97
20 77 32
44 97 37
18 32 96
40 71 86
93 43 35
26 55 91
20 60 56
47 10 85
81 17 70
9 83 31
35 89 13
98 8 53
44 47 58
60 90 92
66 46 68
83 32 44
79 64 40
16 3 32
46 37 74
62 50 33
74 56 82
96 97 32
85 16 57
84 70 60
14 0 54
76 82 62
30 16 37
13 10 69
52 68 82
7 54 32
34 7 42
59 23 86
51 49 45
85 28 62
37 40 18
31 10 29
7 97 32
10 90 20
5 67 71
59 5 5
46 71 30
88 23 60
53 7 3
38 59 92
31 24 71
80 62 78
41 89 69
9 90 21
2 84 76
80 49 65
72 11 94
0 89 23
74 98 94
65 92 84
23 58 64
37 92 26
75 73 60
91 77 30
22 75 75
57 9 23
35 6 76
42 26 93
47 95 81
27 37 26
89 75 46
49 28 9
59 11 8
0 83 38
47 26 61
50 65 34
16 56 89
0 1 9
43 47 58
66 95 69
96 84 8
55 38 34
34 78 45
50 59 23
31 50 26
51 37 76
37 37 78
5 86 67
48 25 11
67 42 61
91 60 63
60 12 98
77 22 12
9 39 20
77 5 48
50 67 83
86 88 98
60 79 16
22 56 70
48 41 58
21 84 10
73 18 72
62 20 76
0 80 96
14 97 7
90 44 44
7 29 64
44 87 26
93 73 77
95 18 14
38 29 1
13 63 28
16 38 70
43 93 78
60 81 62
74 65 74
57 93 81
30 8 43
47 14 38
86 14 79
77 20 98
27 79 95
59 57 37
0 45 63
69 42 47
32 28 0
17 23 23
96 43 48
99 26 68
42 16 26
9 33 18
39 44 61
69 45 19
94 26 21
22 46 98
76 38 8
62 22 47
33 23 26
18 83 46
55 45 97
90 88 59
74 11 29
46 29 47
95 67 0
55 53 24
12 23 39
62 90 95
29 44 6
58 19 50
67 46 68
31 27 47
78 61 25
82 6 7
67 62 74
39 53 17
3 86 66
81 82 42
83 0 16
18 11 14
96 8 70
68 10 28
49 23 33
70 86 54
19 2 92
92 54 57
76 54 1
21 21 75
14 16 0
24 81 48
40 56 7
12 49 69
72 72 58
7 86 34
82 38 80
79 60 20
94 30 4
42 25 42
76 89 16
51 83 79
69 61 68
58 33 76
49 70 39
20 84 23
62 79 57
71 29 43
75 11 94
72 86 68
9 22 55
80 57 52
91 54 58
40 45 84
64 98 53
22 23 95
9 28 72
2 4 80
26 83 27
32 59 27
68 87 61
6 96 24
24 45 8
3 72 84
70 34 89
94 40 97
15 51 94
35 97 14
29 66 83
9 72 17
49 52 39
4 7 90
85 61 28
49 54 63
21 71 82
53 18 61
1 93 4
63 5 93
83 50 28
63 79 82
68 33 18
66 73 38
38 50 83
49 35 52
44 34 39
19 15 47
15 78 7
51 25 20
41 41 1
48 61 14
67 54 75
64 88 49
81 34 28
62 67 98
52 83 97
18 95 95
35 93 34
55 68 77
78 16 2
41 38 64
45 97 52
17 93 4
19 40 58
65 38 8
56 61 47
52 10 62
83 76 56
74 11 44
44 97 53
35 3 34
38 55 92
22 5 63
25 17 53
13 17 32
82 85 9
25 21 13
55 67 27
98 34 33
73 78 99
55 57 98
36 30 82
93 66 41
67 77 83
51 62 67
53 82 88
31 72 7
79 38 59
61 82 34
44 54 19
84 18 66
15 12 71
86 29 61
67 64 25
25 27 79
27 83 57
78 98 66
80 27 87
23 70 96
65 8 0
6 22 8
78 27 19
40 23 80
81 14 28
3 93 74
33 64 24
85 0 3
97 0 20
86 74 32
89 26 10
82 79 39
2 46 9
18 95 94
73 5 42
61 96 75
86 91 35
53 84 98
92 69 19
39 38 33
80 49 87
54 53 74
59 64 80
7 14 98
78 3 26
55 57 99
77 30 70
68 93 50
78 55 28
66 51 36
83 77 57
23 14 82
75 1 29
68 73 63
84 41 17
67 57 81
72 36 10
53 23 64
13 97 9
20 92 10
50 69 13
66 82 47
58 94 95
3 31 54
84 38 44
72 13 90
48 86 12
23 56 13
25 0 66
93 21 88
38 61 6
92 84 51
2 53 55
6 2 14
20 18 21
40 28 80
98 78 23
82 39 81
14 61 5
41 66 90
82 15 85
41 18 25
62 63 21
15 7 58
9 68 63
39 43 2
99 89 23
55 48 15
56 16 18
0 81 33
93 6 70
91 52 21
53 84 58
44 23 73
74 15 33
64 56 91
57 38 57
95 54 87
43 15 68
13 32 72
77 56 65
34 4 21
32 10 89
50 88 93
60 91 56
10 64 27
39 12 28
83 64 3
61 50 30
19 82 25
11 50 48
71 72 42
17 81 3
79 75 8
85 71 60
55 89 19
48 51 9
83 69 45
51 73 8
15 95 59
26 66 29
10 20 42
72 58 79
36 30 9
11 8 17
25 11 91
68 50 27
25 2 11
41 55 8
4 54 6
21 96 82
37 13 59
43 62 9
13 78 89
28 49 60
34 79 58
84 19 74
19 42 0
68 30 63
21 35 19
71 67 8
83 19 67
48 33 86
52 13 81
99 74 8
28 88 70
44 70 41
62 68 88
67 45 68
2 63 25
45 28 46
8 99 50
78 59 19
60 56 57
50 26 93
82 78 82
33 43 88
55 9 39
81 50 29
83 68 84
94 21 28
55 2 84
73 96 93
80 13 27
81 45 23
35 25 12
5 82 86
36 45 29
3 42 63
19 10 25
71 11 5
49 20 1
49 62 4
57 56 47
61 31 24
88 70 87
6 74 79
63 76 45
11 92 37
78 83 39
12 4 61
50 97 54
58 2 87
87 61 44
74 30 1
44 78 83
70 94 36
82 49 30
40 13 39
76 67 20
17 88 55
83 92 91
73 29 86
9 47 97
52 9 42
36 94 22
88 64 89
35 35 79
28 73 44
56 93 5
68 64 46
32 9 52
55 82 61
65 46 32
40 88 13
22 11 7
72 11 95
97 49 34
37 68 88
37 75 61
81 44 23
13 2 6
37 64 54
65 2 63
17 28 62
57 43 66
94 67 77
4 38 99
73 11 93
48 63 72
32 76 99
74 87 51
87 19 31
29 31 3
10 79 70
72 31 21
27 25 29
86 94 68
22 83 85
78 71 7
47 11 10
5 8 76
15 47 86
75 32 61
97 6 74
70 12 39
84 61 64
18 81 40
29 8 42
14 75 77
38 80 35
77 30 55
51 20 35
14 22 21
28 59 3
99 96 88
50 9 27
14 91 10
43 96 35
62 18 20
41 14 40
75 93 46
15 10 20
34 87 42
63 36 89
31 15 68
25 40 31
92 79 9
47 45 72
54 7 39
85 83 49
25 65 38
71 2 10
53 46 87
35 69 90
89 2 29
25 41 23
22 97 20
80 54 9
96 31 19
67 98 9
0 15 63
34 3 88
12 96 8
17 58 84
1 16 30
93 17 5
16 16 74
54 49 37
92 6 81
74 81 24
12 27 91
92 33 35
10 1 62
47 44 73
81 18 77
65 74 72
27 38 64
39 2 19
73 19 75
69 75 3
39 43 86
83 51 14
53 11 61
49 5 37
16 22 98
47 4 1
10 35 9
82 81 41
31 97 85
88 24 60
89 1 28
91 49 28
13 99 38
35 26 11
91 68 18
23 5 75
25 53 61
41 21 1
78 69 62
92 7 93
40 83 4
94 30 71
55 9 95
81 6 86
99 22 16
94 38 40
81 89 42
77 67 28
35 7 12
12 51 20
63 20 84
0 61 47
78 20 12
29 13 1
5 75 64
79 93 75
25 17 98
77 86 33
91 51 50
3 39 26
50 16 94
61 24 27
55 96 55
83 61 38
63 5 69
78 90 2
6 37 74
90 75 72
4 41 80
92 93 21
52 17 91
54 0 24
81 26 86
85 52 31
61 13 15
76 53 26
16 95 59
7 33 98
92 68 16
4 90 44
83 69 35
46 76 84
11 93 92
70 72 44
42 52 51
68 69 32
24 49 22
32 71 8
86 0 93
49 34 23
4 67 8
72 87 85
7 75 29
55 15 18
42 52 16
81 87 44
69 75 94
31 55 4
50 21 27
56 33 47
58 6 10
68 56 81
96 42 77
76 37 78
42 89 26
57 31 64
88 27 80
74 4 20
69 2 7
5 23 56
86 82 59
62 96 66
14 92 80
75 96 78
63 30 26
20 64 80
74 42 56
32 54 83
21 27 25
23 82 49
86 16 49
95 43 76
64 33 39
97 21 86
43 89 47
84 8 28
15 64 29
31 51 42
59 40 81
93 37 26
57 79 89
51 50 79
61 46 46
66 32 10
81 45 5
33 20 86
49 6 42
49 79 29
30 67 1
54 54 24
91 52 90
0 53 38
50 79 29
11 23 29
45 14 45
41 93 9
37 33 41
50 48 79
66 67 66
66 86 69
65 47 20
25 93 76
64 81 27
96 88 99
69 58 95
37 96 40
32 97 86
32 93 95
65 91 82
62 71 22
48 1 76
90 3 30
28 94 0
94 53 21
2 48 47
33 19 23
61 11 87
13 38 34
60 19 40
33 89 93
61 87 63
74 97 70
74 83 89
42 97 31
48 14 38
93 88 55
45 27 76
24 49 41
14 96 53
83 67 44
72 91 11
56 21 26
27 61 17
6 95 57
62 68 90
31 10 42
40 44 61
92 41 36
71 12 81
23 49 66
0 72 10
11 56 88
70 66 85
80 7 31
91 12 27
59 20 3
54 88 19
22 52 50
14 95 27
92 26 17
74 70 46
93 71 55
2 9 42
29 89 20
19 76 98
21 52 16
39 10 63
13 26 12
66 99 66
69 68 86
95 18 27
15 71 71
12 80 42
64 70 72
20 33 96
80 16 62
29 78 78
17 80 70
0 76 86
38 41 18
11 13 36
98 48 1
84 79 32
98 86 92
9 24 24
21 48 36
54 67 22
45 12 27
68 44 53
79 9 54
52 62 99
33 9 82
85 6 55
50 37 51
48 66 71
32 58 71
65 32 78
40 57 91
85 8 70
4 74 64
70 1 31
75 83 91
37 43 27
48 91 44
11 98 22
26 99 3
4 86 67
77 21 13
48 63 44
75 49 84
79 92 12
38 58 1
56 62 93
74 24 15
13 70 0
28 11 6
3 34 98
10 67 35
34 77 44
78 55 59
14 95 59
22 73 49
80 67 60
71 12 70
4 43 66
11 90 9
85 45 51
93 6 88
61 72 94
28 41 6
69 41 68
93 5 88
63 23 92
69 48 29
46 79 5
64 71 98
33 34 33
46 89 43
68 58 96
84 45 26
6 27 19
41 72 63
55 84 72
41 96 23
84 90 40
16 12 22
88 56 37
75 56 27
53 27 83
42 78 99
67 39 39
41 91 8
75 69 47
96 69 96
43 2 76
55 23 13
94 54 4
59 60 36
88 4 86
4 95 25
99 21 17
29 59 68
66 64 27
36 3 88
21 56 92
17 32 15
6 15 55
22 6 38
32 86 72
33 24 12
61 85 57
22 11 39
29 25 25
41 27 57
68 65 61
12 11 29
93 18 38
87 96 12
25 55 66
44 46 87
70 1 8
67 20 80
19 68 92
78 22 14
15 73 16
54 62 25
36 83 16
26 12 15
50 47 3
93 74 52
27 14 78
90 74 92
63 80 95
31 12 6
58 57 45
44 94 13
93 72 27
91 57 67
57 21 25
48 63 46
29 19 96
66 25 93
91 76 71
66 8 5
99 21 16
81 30 43
48 1 74
12 87 90
24 14 78
37 14 85
92 46 5
49 63 5
2 47 8
32 92 50
58 26 4
97 74 66
65 0 75
59 32 22
50 61 23
35 24 77
91 25 16
77 82 29
22 49 4
4 79 10
83 2 55
39 36 51
25 84 28
26 25 83
62 51 34
92 16 12
77 53 1
45 55 37
39 42 32
7 15 53
35 78 38
12 58 11
58 13 21
82 49 39
68 72 16
43 63 44
11 63 24
31 92 33
11 90 64
66 8 0
93 44 50
23 17 0
92 55 65
11 2 61
85 27 69
46 28 12
59 99 30
61 89 19
29 17 37
13 20 89
8 41 5
1 87 4
93 65 23
11 65 46
64 33 11
56 2 25
31 1 80
67 70 87
19 6 82
10 45 12
10 41 53
54 13 16
33 73 63
9 23 95
91 83 69
75 74 90
54 40 33
74 72 60
49 41 58
99 74 25
71 11 71
65 48 20
27 24 53
96 87 49
71 85 55
24 33 58
23 22 6
99 60 2
87 88 1
52 90 68
42 3 98
20 74 74
85 19 65
81 32 25
59 80 40
99 12 96
54 56 56
23 98 21
74 98 69
17 22 45
23 66 52
42 54 47
47 45 31
98 89 74
82 15 29
47 96 40
59 18 82
34 98 13
38 14 23
13 48 54
20 91 9
36 98 15
78 54 2
66 77 36
2 85 43
80 20 3
93 41 63
74 58 20
3 43 73
88 47 97
56 13 80
20 37 8
90 20 41
39 8 61
50 98 9
66 75 29
15 3 60
10 4 55
31 51 66
23 43 9
24 23 88
74 78 79
61 80 26
46 81 74
16 46 2
98 51 25
52 17 62
81 48 87
73 35 11
39 25 34
35 64 58
62 30 25
69 46 67
65 54 8
43 60 57
83 46 65
85 99 4
45 72 18
64 48 17
80 16 71
90 11 59
64 32 46
4 25 66
21 90 7
78 63 88
66 63 15
76 9 89
42 47 83
18 73 12
63 80 91
28 43 6
68 0 37
83 91 1
4 49 86
42 94 79
19 41 59
4 22 12
71 2 32
81 37 81
99 55 77
1 80 41
45 54 1
53 72 46
54 54 27
59 19 73
39 91 25
4 56 32
39 44 85
5 13 37
65 8 34
20 14 61
54 88 52
73 5 21
58 95 17
41 72 64
82 74 95
36 72 71
15 44 41
46 98 38
36 65 54
51 12 80
6 32 72
36 82 63
99 91 48
49 37 25
27 5 81
80 96 52
18 75 99
6 29 94
87 7 72
74 12 19
22 15 78
29 75 36
57 42 41
62 65 10
37 38 77
87 25 59
80 65 0
47 96 24
95 18 31
40 53 17
40 44 31
53 80 38
15 32 42
57 94 4
80 30 24
60 18 73
3 42 81
76 67 25
62 44 99
26 26 29
71 83 80
94 57 25
53 26 55
11 25 53
23 91 38
42 42 24
63 4 18
1 71 11
34 84 96
67 73 64
4 64 92
42 72 63
33 56 6
31 46 41
81 12 60
37 18 76
34 58 95
49 94 1
77 64 98
27 16 61
77 88 6
17 90 87
35 37 45
33 93 49
60 31 26
15 4 61
71 76 2
49 78 89
2 39 31
22 71 25
92 94 19
97 56 20
82 74 64
71 87 20
90 59 1
93 74 51
12 18 8
75 71 42
75 93 43
49 3 88
1 91 95
11 47 31
69 37 92
91 12 38
72 77 99
55 15 17
0 21 87
15 98 87
98 63 96
50 71 38
80 53 95
76 8 23
60 63 81
26 47 56
33 96 89
89 52 71
26 91 18
20 55 71
46 44 45
71 28 87
19 77 33
5 2 15
31 5 98
2 60 68
11 44 70
54 44 25
78 17 31
85 37 93
66 46 38
56 16 84
51 13 20
97 34 45
24 16 81
12 42 40
56 15 12
8 1 56
64 31 81
15 8 28
53 47 80
12 36 11
42 99 67
84 3 30
97 83 93
4 32 83
89 74 83
47 72 30
84 0 41
28 70 99
7 40 4
63 36 53
20 30 43
0 63 25
35 90 68
76 46 47
91 29 70
16 81 88
66 0 39
10 53 93
78 53 28
9 83 63
87 43 40
14 30 3
85 13 96
51 67 82
44 73 35
69 50 28
80 23 11
28 48 59
65 52 37
81 33 36
3 60 4
79 30 25
84 25 80
79 92 85
22 22 74
60 6 10
29 68 96
9 14 54
7 90 38
62 10 63
86 61 31
40 97 92
56 45 83
28 12 8
16 5 65
22 25 14
69 55 81
6 99 20
74 31 0
22 44 45
22 83 86
46 43 15
70 97 23
57 31 37
34 64 58
32 63 68
14 83 44
67 34 28
31 14 69
79 93 86
80 25 12
23 57 96
39 28 94
29 56 49
68 86 80
12 60 95
49 42 66
72 44 35
98 42 30
42 27 96
36 95 1
18 83 76
87 72 93
58 68 31
16 4 57
59 94 18
86 62 85
36 24 49
50 6 43
93 68 31
1 59 58
53 54 26
1 39 23
72 91 59
46 18 16
30 53 59
62 76 9
38 63 53
64 78 36
72 16 94
2 85 86
50 8 25
24 51 17
42 93 78
48 29 9
16 51 95
26 48 25
24 72 32
4 30 54
82 38 86
40 82 88
13 62 6
28 5 80
7 81 89
96 63 78
88 45 44
88 15 0
9 63 28
38 27 51
74 45 96
40 29 24
32 95 90
28 90 63
16 65 29
67 33 37
87 27 87
87 75 27
84 83 95
28 37 85
31 84 56
42 55 66
11 1 76
99 82 38
94 81 1
28 70 73
99 28 4
93 33 34
47 81 88
60 88 64
35 63 58
52 78 91
91 99 71
60 90 20
88 9 56
6 48 60
14 79 97
54 66 84
49 76 32
33 93 80
14 79 89
93 5 24
19 26 80
36 46 22
91 24 89
70 11 69
25 44 45
74 53 43
77 28 17
71 21 83
33 52 13
91 23 14
38 32 99
98 7 11
78 5 86
6 84 95
15 69 71
93 66 28
39 85 85
66 23 44
83 59 7
13 2 8
34 64 38
31 10 41
77 58 29
64 52 37
80 61 8
78 8 96
97 11 48
62 54 36
42 67 99
35 88 42
35 77 57
58 69 51
62 24 1
47 35 21
72 86 12
67 27 13
8 34 20
97 78 10
67 61 4
88 92 34
43 89 39
35 16 86
47 93 58
60 80 17
16 16 94
1 49 3
12 78 76
18 87 29
93 54 65
32 24 91
24 53 6
21 96 32
40 46 40
96 2 47
95 74 26
27 45 69
14 33 58
97 19 92
32 15 48
95 25 9
24 20 4
59 64 78
19 38 69
43 73 4
95 38 16
90 10 58
55 88 29
96 25 51
49 25 98
50 25 94
15 4 0
66 71 0
88 28 19
8 14 50
27 48 56
99 2 9
28 93 99
33 53 84
68 50 53
23 74 64
16 91 86
91 32 35
83 33 43
1 54 19
68 97 8
67 65 16
75 23 49
95 26 22
93 89 4
8 44 27
85 18 65
4 62 68
99 69 67
40 35 90
33 93 55
74 89 23
14 49 54
17 53 49
7 17 49
0 95 93
3 78 10
25 64 12
50 53 36
58 51 35
4 5 28
32 67 78
77 20 11
90 46 82
97 87 62
78 91 12
73 31 90
81 66 25
24 31 13
92 49 66
75 31 63
64 76 37
46 50 15
21 75 74
49 9 26
98 27 69
9 69 37
41 26 56
39 26 33
58 69 62
45 93 52
83 83 69
48 64 93
30 66 2
75 99 90
51 20 25
42 15 84
66 99 65
65 70 99
68 45 60
32 21 20
14 59 1
73 4 62
65 24 92
70 22 95
79 67 5
29 0 40
76 90 17
77 62 57
15 31 4
83 69 85
63 31 80
5 27 95
39 8 58
2 79 12
96 22 86
64 0 34
54 35 51
64 77 44
84 58 4
16 77 44
87 84 39
34 88 94
52 47 79
94 75 28
28 42 37
31 59 17
3 33 55
54 83 6
67 66 48
92 49 53
63 27 49
29 67 18
19 83 13
92 91 17
95 54 66
14 11 20
93 41 98
21 34 95
62 57 85
3 61 24
32 88 45
36 87 75
37 80 21
77 2 66
86 47 83
35 8 43
38 79 78
56 33 62
74 49 50
33 57 7
9 2 55
13 74 76
99 13 42
99 96 95
46 94 52
80 48 28
33 38 64
83 45 25
37 18 64
53 85 0
31 73 91
75 4 40
75 44 89
82 30 25
36 11 81
22 34 95
15 39 44
63 15 32
87 57 36
53 9 96
48 7 94
65 16 16
47 76 57
71 0 5
84 8 88
2 74 50
4 58 30
81 30 62
6 81 63
45 93 15
69 22 35
12 72 24
67 54 7
62 99 91
97 32 88
38 86 24
38 29 66
17 53 36
87 40 96
36 34 30
13 21 48
0 67 54
48 16 9
15 12 23
62 2 68
66 85 70
53 55 25
32 32 32
51 47 78
68 63 45
87 20 83
41 26 19
63 52 35
99 91 73
75 41 92
28 77 71
9 53 55
92 15 82
85 71 17
94 21 5
0 89 73
3 83 35
49 85 18
63 92 92
93 99 82
43 25 15
30 67 3
97 35 32
42 87 5
90 94 21
30 75 73
57 81 80
76 66 19
45 51 77
10 3 56
56 99 61
7 14 49
24 44 46
49 64 44
37 42 36
34 99 63
12 61 93
47 53 92
4 99 19
60 70 82
26 18 99
75 96 5
41 94 8
73 89 84
45 36 68
3 87 83
89 45 13
56 44 84
51 78 12
57 36 94
45 49 77
2 63 75
97 12 98
46 1 76
22 56 97
29 38 84
82 69 85
57 73 49
80 91 90
12 37 14
11 8 74
89 27 98
57 16 13
46 65 54
36 44 28
5 5 28
53 30 26
63 43 43
85 42 76
53 46 75
41 91 25
77 59 30
13 36 15
70 51 11
71 10 96
6 21 37
20 83 12
63 86 79
92 93 93
69 96 6
11 19 36
73 66 9
2 19 5
66 29 61
4 97 48
98 97 23
19 64 70
44 74 74
36 26 99
75 85 16
50 99 19
81 32 44
20 34 29
58 63 79
1 20 46
20 85 52
16 81 89
1 38 22
37 10 81
58 6 72
31 85 84
77 68 71
75 71 48
18 76 82
99 91 17
86 92 36
45 28 75
26 23 64
0 36 30
50 14 94
87 35 88
80 14 60
75 88 34
32 22 27
96 35 60
34 85 70
36 15 86
79 44 70
21 85 23
72 56 89
30 10 39
49 5 81
15 23 70
21 93 11
82 1 56
27 91 64
97 15 42
93 20 29
84 13 97
93 61 23
46 33 39
16 89 54
54 50 19
67 54 88
95 73 76
98 29 90
14 96 26
66 31 78
85 42 63
24 15 84
70 54 91
5 66 72
94 26 65
88 95 95
5 88 12
22 26 34
55 37 28
88 57 53
50 70 84
5 65 49
97 33 45
68 35 26
11 9 23
11 77 20
44 42 92
5 51 71
16 39 79
53 34 3
7 87 34
63 11 85
66 84 6
84 49 37
28 23 49
78 30 70
10 84 21
37 2 7
18 77 10
78 61 96
27 11 7
80 49 37
66 39 4
76 75 32
39 51 84
70 9 51
84 70 86
29 42 13
86 16 0
18 3 91
61 42 11
38 86 38
9 52 94
23 76 86
97 33 91
10 1 54
29 11 40
51 60 56
49 67 54
84 18 73
78 13 50
56 63 79
27 24 59
66 64 15
61 45 67
4 81 11
84 66 52
2 16 22
8 51 37
23 14 16
38 15 86
75 95 47
79 83 36
35 80 48
24 51 13
14 57 41
39 6 38
25 66 56
33 60 26
75 10 30
9 62 37
56 44 82
37 19 62
89 45 14
64 14 34
90 3 47
58 6 60
68 21 28
73 45 11
40 11 1
48 45 45
31 99 63
46 56 38
82 90 25
10 26 39
0 29 52
80 46 33
30 96 91
80 58 61
36 50 68
74 17 32
49 90 43
34 31 65
19 75 13
59 75 92
84 58 9
69 33 5
51 36 76
8 75 18
66 88 70
40 18 13
82 33 45
18 15 28
3 73 53
31 64 9
43 5 28
15 92 69
92 75 69
6 23 55
26 49 93
54 41 90
92 24 15
36 41 37
11 37 70
25 67 13
28 31 4
10 91 64
90 82 75
54 53 72
31 45 81
26 91 19
70 16 57
42 97 84
38 7 37
22 46 38
69 52 57
63 82 28
41 57 13
20 43 21
21 36 35
19 86 31
68 47 62
15 24 47
57 75 46
28 67 84
58 40 44
56 2 24
99 50 18
83 59 9
69 30 92
24 18 52
45 34 40
36 26 30
24 2 61
88 11 21
89 10 22
35 54 99
79 53 1
70 5 46
21 98 7
15 8 91
55 23 78
59 35 69
51 89 92
14 93 30
82 81 91
27 62 26
93 57 56
40 50 9
32 80 58
90 34 82
4 70 72
23 84 87
39 62 6
60 97 75
55 91 15
36 23 60
44 55 22
56 2 85
55 6 55
18 74 15
44 20 78
87 89 1
38 9 62
70 38 12
17 47 64
71 65 8
15 97 26
23 21 71
22 99 23
21 79 6
19 38 84
79 60 69
13 34 57
70 2 48
50 30 26
42 93 54
18 73 16
35 31 64
87 13 73
89 98 72
75 83 90
23 85 2
84 3 55
45 18 51
6 60 58
70 80 76
47 67 92
97 82 65
7 50 23
22 24 62
52 79 51
58 45 96
63 11 63
55 40 77
3 94 74
21 59 6
20 43 29
44 28 48
49 7 80
47 8 15
90 85 56
40 92 8
96 35 46
81 25 32
9 30 63
13 23 48
18 21 64
19 97 79
96 41 59
76 0 89
70 75 48
94 30 3
20 96 94
12 75 15
89 10 56
13 44 42
48 88 4
56 38 58
51 57 85
12 24 29
72 11 81
62 25 73
44 2 10
5 49 59
42 43 93
77 4 85
27 99 55
29 41 24
61 9 88
90 86 58
5 23 32
10 57 71
52 29 57
39 33 98
15 83 66
32 24 27
84 70 45
33 57 98
27 50 93
24 13 54
30 63 79
28 37 65
80 27 27
8 75 29
5 71 71
88 94 97
28 39 64
12 49 48
47 88 32
36 97 41
23 97 21
9 6 24
87 71 60
70 75 2
34 7 53
44 43 25
57 33 99
8 74 30
40 23 65
39 16 4
52 69 83
14 77 59
34 44 56
18 54 1
27 19 12
91 45 79
58 68 51
53 6 39
31 70 56
48 53 6
92 56 65
60 46 95
66 25 17
71 63 47
38 42 16
30 22 35
41 98 32
44 47 91
52 37 9
44 46 91
3 82 33
11 4 57
66 49 21
38 32 65
36 52 64
41 82 4
76 17 26
88 97 26
77 32 69
9 92 9
71 31 67
37 83 95
69 11 10
61 92 50
0 54 69
84 32 53
60 24 85
83 49 73
61 46 77
52 51 59
76 57 28
41 55 57
48 42 30
6 87 50
6 99 67
93 45 22
5 71 70
2 40 32
0 23 57
0 56 76
5 60 8
67 25 92
99 21 56
36 84 17
14 98 31
6 33 42
50 41 11
76 65 18
54 25 77
83 95 57
71 67 82
23 42 76
10 93 46
18 28 62
62 81 27
26 25 60
6 66 23
78 32 13
23 6 31
72 17 55
18 82 75
2 61 67
32 1 51
46 8 68
68 47 67
82 49 38
41 31 32
24 63 47
33 78 57
17 5 58
42 28 14
55 44 24
26 38 25
25 51 75
63 97 54
2 74 77
4 44 67
26 23 33
35 21 60
20 74 25
30 0 80
1 87 21
77 18 32
26 90 64
31 64 67
0 40 21
30 40 64
34 78 56
78 96 16
55 87 20
19 70 51
14 98 30
72 11 76
14 52 94
35 90 1
1 29 57
17 46 63
67 46 93
68 79 81
73 79 62
14 95 16
58 62 15
94 84 58
53 7 38
40 71 85
6 61 59
3 28 89
17 64 71
34 15 97
31 52 77
18 80 55
37 3 4
84 47 66
18 46 30
36 1 88
82 55 78
74 85 90
48 51 2
92 20 47
8 30 63
36 4 22
65 82 27
36 84 66
70 48 80
79 37 58
63 93 81
54 45 86
55 13 17
52 78 90
33 8 43
2 62 24
6 8 76
91 9 61
80 61 50
29 58 95
69 64 37
61 54 48
91 44 96
3 20 39
55 9 8
61 13 99
29 22 65
26 4 11
52 30 49
47 76 80
15 77 43
79 98 82
79 60 47
85 56 55
69 5 30
43 42 25
23 83 29
24 85 88
91 63 13
71 87 11
12 42 83
43 94 78
75 72 4
77 74 78
21 6 38
25 50 16
60 85 56
1 16 84
4 48 36
82 38 82
10 99 21
28 44 69
35 1 89
93 99 59
14 25 12
1 90 29
54 97 28
97 16 55
67 65 28
45 30 12
91 58 1
55 45 75
6 86 1
66 28 14
25 99 17
92 85 11
91 68 95
17 39 98
44 24 12
25 46 8
90 11 42
88 61 46
42 97 33
17 62 48
11 2 55
52 30 91
52 16 96
58 95 5
40 10 4
86 46 84
30 24 82
63 35 79
46 93 54
68 98 54
11 21 64
72 86 55
91 20 42
9 93 13
74 29 85
30 93 76
63 28 49
47 6 60
56 3 88
21 36 7
10 72 84
80 8 62
18 46 87
44 15 68
75 88 23
95 30 60
24 14 83
82 91 30
90 99 8
32 5 85
62 67 14
80 33 27
86 70 60
12 75 43
45 67 75
94 82 2
69 73 94
50 36 50
37 2 8
68 45 92
73 90 90
36 76 95
5 47 55
77 16 42
77 56 29
60 12 87
52 50 60
70 91 3
23 32 26
71 25 27
10 46 98
21 82 27
87 52 76
35 73 29
89 85 79
91 86 56
11 24 24
35 45 23
5 95 25
18 32 5
31 54 20
59 4 37
16 28 0
92 92 75
99 50 65
4 68 10
48 87 32
11 93 75
72 72 91
79 28 42
97 52 49
5 10 78
16 19 38
52 10 72
40 80 37
16 58 40
36 40 51
76 21 9
86 63 18
67 2 24
64 96 61
55 25 0
83 1 79
44 80 53
33 88 72
55 95 55
38 37 89
90 91 22
23 52 11
18 87 20
83 87 82
25 33 60
44 21 77
61 70 81
96 49 35
12 17 22
95 64 51
32 23 5
97 11 95
14 84 77
64 21 3
72 94 5
61 84 55
50 48 32
12 39 0
79 71 48
46 32 85
84 21 96
76 87 33
33 58 57
14 20 3
47 83 10
33 7 65
82 87 53
2 90 94
32 52 65
3 78 38
61 62 82
96 8 25
15 3 99
58 42 79
27 17 49
77 75 96
40 92 89
82 80 40
17 2 47
78 68 91
66 13 95
13 96 15
55 55 66
14 99 67
21 99 24
60 8 80
93 49 65
57 30 31
18 91 69
42 82 43
53 50 63
51 37 58
90 36 82
52 3 14
33 99 14
48 62 73
38 8 58
0 32 39
19 97 96
23 21 86
75 86 14
32 46 85
58 15 14
27 19 98
9 79 98
26 39 6
39 22 85
33 8 51
19 19 53
13 15 77
55 71 74
26 44 37
3 4 88
84 2 80
16 48 87
44 67 75
90 82 68
83 61 90
29 44 28
48 6 43
74 97 32
35 40 83
45 70 40
31 20 37
36 1 65
21 10 38
94 29 36
8 32 18
36 71 19
10 21 63
76 23 13
50 72 75
23 99 22
56 43 40
61 62 69
94 29 93
5 27 67
72 81 37
29 9 38
5 39 4
91 65 51
8 44 33
97 3 47
64 43 63
19 53 57
16 25 10
12 81 48
93 1 94
60 11 88
92 32 71
15 58 40
45 56 54
58 15 16
30 66 20
85 73 33
84 5 71
82 68 45
69 87 96
29 42 90
67 54 89
82 55 22
98 97 88
85 46 66
32 68 11
53 47 98
53 42 65
3 80 11
64 91 83
53 85 6
72 30 85
71 29 49
10 92 11
18 93 5
85 24 65
96 94 24
20 83 24
25 71 93
1 82 32
40 27 93
4 74 51
0 22 57
84 73 63
11 65 61
81 68 84
74 93 44
95 53 60
63 44 15
38 93 24
51 72 74
64 43 62
46 23 82
69 32 57
32 96 26
56 34 90
90 19 40
72 12 95
25 88 62
35 71 45
99 69 91
45 9 69
86 43 91
82 50 28
73 30 84
38 54 54
8 7 74
36 3 8
32 54 82
86 76 72
45 99 76
92 93 20
87 98 1
56 54 90
44 65 19
75 22 8
0 89 2
66 61 47
91 53 54
89 85 58
99 54 32
54 56 98
56 2 73
80 84 35
75 67 25
72 5 75
6 87 5
6 75 78
61 53 70
17 60 1
91 50 84
66 3 23
10 68 63
31 75 50
69 47 66
59 20 43
89 59 69
57 26 5
21 17 2
70 92 33
65 77 36
91 35 83
28 12 6
78 27 75
14 40 25
32 42 75
83 6 30
59 27 50
54 68 21
57 97 76
66 9 61
81 61 77
97 42 87
40 59 3
93 35 98
58 10 7
11 26 25
53 32 3
70 34 6
79 32 27
85 63 94
16 70 6
29 61 46
67 62 45
58 98 30
12 33 63
9 31 0
59 62 14
21 65 30
29 92 99
50 37 26
32 67 44
79 50 73
3 95 41
64 43 0
42 16 69
2 40 23
11 83 66
94 90 51
99 31 77
61 62 22
77 74 33
66 36 61
53 35 3
7 27 87
46 23 81
81 31 23
51 23 89
42 13 23
33 11 57
7 25 81
20 65 52
33 59 96
90 82 76
52 85 82
61 84 34
93 80 1
41 72 87
64 37 73
79 56 92
44 5 65
45 49 59
54 15 19
99 56 77
10 75 18
15 79 88
88 79 32
39 65 85
13 97 52
2 76 45
90 87 57
63 73 84
35 44 86
0 6 87
54 72 79
30 66 32
94 54 59
4 40 39
96 49 54
46 80 65
22 13 53
76 9 29
69 32 8
40 13 11
82 88 42
41 2 78
30 55 21
77 22 48
80 27 47
15 34 21
52 87 47
25 92 37
95 3 7
72 37 13
8 56 79
44 58 76
22 28 58
53 98 70
93 4 38
12 48 94
52 74 7
85 92 4
89 86 58
54 44 55
86 77 17
44 73 17
41 52 17
82 87 79
78 64 97
6 17 55
8 58 51
1 24 42
38 55 53
1 8 82
29 13 5
9 73 99
20 36 6
38 92 25
43 92 55
59 69 66
16 93 94
33 10 7
73 98 71
99 44 89
35 40 52
63 38 91
38 13 95
20 48 33
95 47 22
32 65 95
30 94 90
43 31 89
0 24 68
72 91 58
60 59 37
21 82 40
52 12 21
36 81 49
77 24 67
32 33 33
94 89 57
38 34 41
30 26 81
39 80 79
13 65 46
86 45 92
3 66 13
6 3 0
77 3 86
6 58 17
84 7 29
91 4 17
70 74 47
84 78 24
53 3 2
45 82 10
19 54 71
53 89 15
28 42 7
48 32 2
46 72 36
98 30 79
90 26 19
32 77 56
21 99 69
9 69 8
59 68 62
89 20 32
38 60 27
5 36 73
33 79 55
18 2 8
2 73 66
48 54 92
42 2 77
77 38 76
5 44 68
65 66 26
7 28 49
9 74 30
40 92 25
4 39 89
84 7 63
69 24 10
7 29 85
46 83 11
33 19 22
38 44 1
93 40 61
39 29 17
52 80 70
64 56 90
23 4 64
52 28 49
88 85 40
2 87 50
5 77 69
55 99 52
19 2 46
55 36 22
83 74 63
0 76 91
73 93 46
53 99 25
29 77 70
98 12 94
45 9 19
12 42 84
11 45 97
16 83 69
47 0 75
86 58 57
11 63 27
36 40 62
76 98 68
94 7 99
40 91 25
63 25 81
42 92 26
58 91 2
73 64 75
85 79 32
44 91 95
96 27 22
9 18 97
48 21 16
3 84 86
99 52 9
56 71 89
81 27 85
51 8 42
35 52 64
41 58 88
10 75 31
69 80 77
88 76 45
20 54 80
98 66 31
72 65 9
30 65 33
42 43 75
82 11 59
64 17 15
5 98 20
14 1 7
85 15 85
38 50 88
40 59 94
70 80 12
27 72 16
50 89 42
24 84 28
60 71 9
19 81 40
3 67 9
3 44 24
76 57 66
85 10 87
86 72 59
34 57 58
17 14 45
38 56 91
48 72 37
52 10 64
15 61 82
61 65 74
91 48 5
5 24 66
80 92 88
1 47 98
74 56 81
81 29 24
85 44 92
69 19 39
39 91 89
1 77 87
10 9 93
19 32 89
49 76 6
72 46 10
98 96 47
69 36 28
47 54 2
57 85 17
6 23 67
88 72 56
8 1 54
60 71 81
88 13 97
37 75 12
51 7 14
75 32 0
60 33 23
91 85 50
2 38 87
32 37 89
41 50 36
1 16 6
64 0 77
30 9 41
52 55 24
94 65 27
64 37 52
45 6 60
66 46 94
59 51 36
83 39 12
77 26 15
67 87 69
16 12 28
92 77 72
85 89 97
54 45 76
98 58 63
50 21 34
65 71 79
26 69 93
77 61 66
13 23 46
56 71 97
68 56 41
16 17 7
66 98 10
99 50 20
41 58 41
41 1 78
71 5 13
24 82 48
7 31 42
65 10 6
77 52 27
91 84 52
59 27 71
52 83 99
13 34 37
36 91 25
72 3 61
31 62 5
3 50 31
84 70 44
18 65 70
39 36 90
22 48 65
98 94 85
4 18 72
8 34 17
16 72 16
63 71 98
35 37 70
13 43 42
3 38 88
79 49 61
45 68 12
98 12 96
85 45 85
88 18 31
85 47 65
81 97 38
47 85 83
33 7 38
47 13 37
9 19 96
28 69 13
83 94 51
48 23 32
42 47 82
74 22 8
18 87 22
64 68 81
49 91 76
58 89 34
24 10 92
16 74 18
68 43 73
88 69 87
20 27 8
17 18 43
55 91 52
62 25 74
6 83 6
78 67 26
28 63 77
59 65 55
85 0 53
97 6 58
82 37 77
68 63 44
13 19 7
74 11 18
62 62 70
2 21 29
32 87 73
63 51 38
24 31 0
19 50 86
64 73 31
27 23 32
4 5 89
47 61 19
71 90 60
16 22 23
74 45 7
15 66 51
79 15 72
95 31 8
98 96 96
75 9 39
46 98 51
42 52 40
31 53 81
82 75 62
29 91 52
23 48 23
33 94 94
74 78 61
1 25 4
57 94 69
96 43 7
56 97 77
31 70 32
44 29 47
75 49 51
21 32 56
48 97 41
24 42 74
91 13 27
39 62 53
37 66 53
54 27 36
51 5 62
14 64 46
59 80 24
22 91 46
6 28 85
51 14 5
83 46 39
35 57 87
4 51 33
62 43 99
25 52 16
44 98 75
91 46 34
3 70 72
24 75 6
94 6 67
24 10 52
51 6 44
2 72 50
17 82 68
93 15 12
16 59 40
81 37 32
94 29 92
74 10 31
34 3 72
3 63 92
51 77 46
31 66 43
53 24 76
74 85 15
8 96 28
51 36 64
76 90 25
20 60 5
4 71 84
37 4 43
14 14 76
86 15 2
7 21 7
5 21 54
9 30 99
73 36 22
70 6 19
36 76 62
33 24 43
76 45 90
54 11 63
77 54 27
51 40 9
94 37 40
56 81 62
15 51 93
91 48 4
12 25 13
16 36 82
41 25 41
82 40 82
72 31 22
57 70 84
95 27 75
43 65 26
12 85 36
11 70 70
44 1 75
33 44 94
12 62 7
11 12 35
22 12 47
47 9 55
10 91 10
93 22 98
53 96 12
65 65 28
5 40 90
19 47 20
97 51 19
41 98 91
27 87 78
96 10 51
38 25 11
14 12 19
26 51 44
33 14 29
99 52 26
67 43 48
57 46 97
24 90 45
40 79 75
6 60 75
65 39 95
54 52 72
1 2 8
85 49 84
78 42 73
43 61 8
71 19 65
43 47 90
66 50 22
0 12 92
29 45 68
38 16 85
48 92 90
66 86 15
31 66 94
73 96 31
38 19 44
54 36 88
75 36 29
94 40 64
11 92 74
91 49 53
32 13 33
47 25 62
69 80 68
1 30 54
15 18 39
99 42 1
57 62 79
82 83 70
79 70 38
23 53 50
59 55 11
82 76 78
95 6 74
38 23 86
76 99 89
45 72 36
82 70 44
65 8 45
35 38 44
95 6 68
53 91 67
44 81 72
13 62 4
24 3 75
11 48 22
39 54 78
48 66 93
9 66 89
56 64 65
86 76 28
4 59 26
2 99 38
39 47 51
50 15 93
40 50 41
51 23 41
7 95 29
53 95 53
30 21 27
36 85 50
3 26 66
21 17 22
4 66 39
17 54 56
91 45 81
70 65 38
43 96 36
75 77 78
29 95 89
61 67 97
86 63 30
93 83 20
6 52 70
11 73 85
91 8 92
3 86 85
42 93 37
87 32 82
65 53 70
69 11 62
23 27 51
59 20 2
70 58 96
76 70 48
30 21 34
61 90 92
43 23 66
13 76 76
1 66 54
7 30 86
32 65 8
33 66 12
2 73 77
58 16 68
89 4 13
99 96 94
16 57 32
49 43 50
97 98 89
16 61 83
29 20 27
84 60 91
20 84 11
1 78 80
77 42 58
27 18 97
66 25 54
52 23 75
77 65 97
42 89 80
8 84 32
76 14 49
52 11 65
96 8 86
22 33 27
53 73 75
16 73 19
71 55 90
61 72 43
58 22 66
15 74 78
74 50 85
90 74 83
36 68 89
17 16 80
19 81 54
98 97 93
79 33 44
16 39 16
58 96 4
83 40 58
29 13 6
53 25 77
90 11 80
29 16 78
92 34 25
65 74 30
37 57 92
94 5 69
18 69 50
3 50 34
25 32 73
34 57 96
71 67 75
95 71 40
89 20 41
41 45 48
52 46 86
13 78 44
68 65 18
95 52 12
94 19 30
22 99 6
0 27 24
83 21 97
5 67 9
31 16 68
13 37 14
47 66 95
16 6 58
40 18 26
98 13 96
43 15 39
48 2 89
3 64 51
21 92 57
79 69 56
32 28 46
98 96 69
54 39 77
78 69 38
83 49 78
14 21 2
21 30 47
32 67 12
14 12 72
56 35 37
29 39 63
12 66 45
43 85 58
59 93 59
80 0 12
58 96 39
46 71 53
3 17 73
85 68 13
62 12 86
4 83 87
78 99 83
42 41 25
8 11 97
37 79 27
70 44 22
71 60 8
46 31 10
44 76 32
56 92 81
90 47 64
5 65 73
77 47 72
33 70 8
74 97 79
82 28 25
35 77 17
96 36 56
17 36 82
12 62 25
27 59 53
31 15 49
2 12 33
3 82 34
29 92 52
56 59 11
85 33 52
60 39 85
80 36 57
19 69 38
86 70 99
60 72 45
80 69 66
26 43 45
54 29 71
24 28 84
87 90 33
19 51 28
39 8 59
98 81 37
20 71 95
97 83 51
24 89 62
68 18 64
5 57 31
67 99 84
5 53 5
77 73 25
27 6 80
7 3 14
25 76 28
20 86 10
47 33 1
10 72 17
30 60 46
57 75 45
85 48 83
3 41 32
42 23 23
63 84 60
13 97 51
94 30 10
35 0 45
59 45 95
48 75 12
38 61 28
74 77 62
33 38 23
70 87 97
0 92 17
34 21 65
39 38 78
34 64 66
0 16 63
78 63 41
73 30 22
84 72 64
82 61 69
26 47 19
64 15 24
5 64 93
10 98 91
47 32 13
49 22 28
0 92 48
2 77 80
24 37 97
78 69 60
31 46 59
12 81 49
19 45 87
89 81 37
61 2 50
52 48 77
17 93 95
19 13 61
51 7 82
0 87 4
80 55 23
26 4 9
77 75 54
48 50 44
58 26 31
85 93 5
38 97 61
72 12 93
2 85 63
73 27 9
75 95 6
28 14 0
87 91 34
97 79 35
97 54 3
48 6 85
82 94 78
73 31 81
4 64 74
71 52 6
74 17 39
82 75 96
51 8 53
43 2 33
20 0 30
89 75 16
26 66 55
74 42 93
58 70 50
72 21 84
2 80 42
69 98 8
19 51 38
63 7 84
49 65 94
63 93 91
12 38 72
0 56 79
59 9 74
45 97 37
99 88 21
39 24 34
38 82 96
28 9 75
7 12 49
48 36 24
49 74 12
52 1 27
69 30 64
93 28 68
21 7 12
51 49 8
61 57 20
96 39 19
25 17 9
27 50 44
15 5 9
34 16 96
50 10 82
20 32 31
57 15 68
17 81 56
30 28 48
2 20 43
52 13 23
19 42 91
33 4 86
43 92 7
60 73 94
79 40 15
19 29 4
99 28 69
18 76 33
89 45 43
70 68 83
34 93 81
20 17 4
57 34 99
53 12 27
26 92 37
33 97 87
61 57 84
61 91 92
43 70 14
67 38 43
72 66 9
81 82 69
84 42 54
62 67 71
58 31 22
56 92 82
43 93 54
1 68 53
45 68 64
41 62 24
20 82 38
38 5 43
34 79 47
16 43 8
76 11 95
45 51 67
37 46 21
35 41 15
73 59 84
91 20 98
58 37 62
79 49 94
43 4 99
82 33 43
39 94 60
48 46 50
77 99 5
27 12 26
20 33 81
78 76 16
21 89 9
82 48 29
40 16 27
22 84 87
91 49 83
51 98 10
99 68 16
30 18 96
79 4 83
31 65 33
46 79 9
19 66 28
22 53 64
51 57 0
4 66 48
40 27 32
3 12 19
10 10 22
50 69 74
23 47 97
36 3 76
30 99 20
68 69 87
93 63 52
47 8 94
40 14 12
13 58 79
64 24 93
2 46 8
57 33 28
32 51 64
27 97 93
54 92 51
16 16 75
40 25 55
79 88 32
61 82 29
52 29 49
89 11 57
56 93 72
28 24 49
12 46 51
76 81 25
35 7 13
99 2 80
18 59 83
72 53 51
29 63 80
28 45 67
21 90 8
91 48 48
50 16 22
43 79 51
0 48 90
12 24 40
2 40 73
24 41 75
34 43 96
38 43 37
58 57 46
8 82 62
13 67 94
79 63 89
33 44 42
24 34 80
78 69 13
41 7 79
46 53 54
83 43 8
92 25 20
91 48 95
67 24 18
11 57 44
6 32 43
51 68 81
82 39 85
65 30 61
48 71 32
40 94 9
99 17 21
78 43 97
3 6 89
26 65 28
62 7 18
31 81 21
59 76 56
12 91 10
78 45 13
90 84 58
66 89 12
31 85 27
32 0 64
35 41 98
93 10 23
47 67 42
84 98 25
31 22 25
19 81 50
53 10 64
48 64 70
81 47 28
93 85 19
79 33 43
72 22 86
68 21 44
3 73 65
89 98 55
39 56 92
47 99 38
84 38 39
34 65 77
58 27 97
86 0 84
36 43 75
5 68 66
15 2 42
78 6 7
24 58 65
34 19 85
30 9 91
58 21 24
70 90 2
95 39 17
17 78 11
40 46 50
70 76 58
45 0 75
20 59 7
23 95 77
48 20 2
91 67 84
46 30 11
75 32 29
31 24 90
81 29 73
72 24 51
53 17 55
92 40 62
82 61 68
63 16 71
54 8 38
45 98 36
54 9 63
84 31 38
16 4 59
90 58 68
14 66 95
1 52 10
4 64 50
8 55 32
57 14 15
6 5 75
99 77 92
32 96 94
19 77 58
65 13 76
34 50 68
21 87 70
55 77 54
8 37 32
90 85 81
71 90 58
34 78 43
77 14 49
45 58 0
42 63 62
34 59 25
29 72 2
98 1 8
52 96 11
25 24 43
11 16 13
25 3 10
21 55 96
78 3 84
9 23 22
42 14 40
11 60 94
24 44 47
9 97 91
41 27 94
86 8 71
15 58 66
9 97 90
49 99 10
7 85 38
98 86 63
19 36 0
75 91 2
19 50 48
62 44 76
42 24 24
56 46 98
70 3 14
48 95 65
48 94 81
53 54 75
50 27 57
89 27 19
37 17 82
48 75 63
83 79 39
30 93 0
36 83 62
48 35 22
69 95 50
87 75 90
58 65 68
87 25 1
12 91 36
43 23 45
68 64 17
80 13 35
81 88 43
37 49 35
57 53 97
28 58 96
90 11 60
32 52 1
95 86 69
23 93 43
44 48 78
1 47 91
17 53 38
34 24 26
50 57 94
8 30 0
28 16 61
22 71 24
26 74 29
50 6 81
26 72 99
54 71 39
33 21 24
10 72 83
7 39 76
70 51 7
76 74 73
48 86 53
82 98 37
28 48 4
88 27 8
25 34 59
48 70 90
88 66 73
42 78 40
79 76 7
86 12 96
27 3 47
24 48 24
50 86 30
30 7 50
9 65 30
29 8 64
55 2 72
70 43 48
21 53 13
23 50 18
76 17 33
23 15 99
81 46 24
77 27 16
45 65 18
79 7 76
23 64 36
62 55 43
29 88 48
92 39 76
6 76 65
49 35 11
16 13 92
50 71 85
47 36 73
61 58 37
42 66 26
19 82 77
49 13 73
93 26 21
24 94 77
82 97 37
20 97 78
33 49 72
36 4 23
41 53 86
5 68 0
97 83 8
35 86 71
16 3 59
15 18 41
38 14 60
33 54 38
67 93 64
35 3 88
7 13 49
63 68 70
69 75 47
78 60 11
93 62 95
30 96 9
47 40 58
71 86 19
25 11 19
36 22 59
21 66 4
37 93 66
19 86 11
28 85 23
28 43 68
71 37 10
98 12 48
75 47 76
2 4 77
54 52 89
62 55 49
92 63 52
94 7 71
2 29 0
97 52 19
67 66 61
31 71 57
95 7 69
25 4 8
94 30 8
66 18 16
11 63 26
18 45 27
38 50 25
34 44 87
99 60 50
38 83 17
68 28 62
41 66 21
63 53 37
34 61 25
53 33 98
64 62 86
79 75 6
64 1 76
14 26 90
76 58 9
99 70 65
34 53 37
19 9 45
95 43 30
14 10 69
78 27 18
30 15 78
28 91 98
24 71 95
30 12 5
40 58 89
60 23 63
47 90 42
47 22 80
19 2 45
72 9 76
64 6 70
31 7 49
1 79 80
33 58 97
9 74 28
55 58 3
79 94 71
38 87 39
31 93 91
64 64 29
4 49 35
19 66 27
75 31 8
18 54 94
49 75 46
27 24 48
29 85 33
11 37 71
88 4 0
39 57 90
51 16 61
68 43 77
84 21 69
11 22 38
7 52 45
78 44 98
48 71 12
17 55 0
85 31 53
81 62 9
90 21 42
82 43 25
65 24 42
86 95 48
37 61 30
76 17 83
97 1 48
61 8 87
57 31 18
94 64 52
41 64 65
21 10 66
35 40 38
25 83 49
13 6 59
16 9 47
67 46 38
12 93 8
75 93 42
47 31 1
80 15 71
62 18 14
79 7 97
78 49 72
21 83 95
19 2 48
56 29 20
64 3 17
13 39 25
65 26 17
53 33 76
88 6 0
9 37 51
27 17 14
50 77 47
71 1 68
50 92 22
52 46 77
77 68 27
61 99 11
49 34 51
99 64 50
58 93 49
24 98 14
70 64 57
91 47 5
68 42 66
54 46 97
68 43 60
22 18 31
53 72 36
61 91 21
40 75 29
16 80 87
37 19 63
45 55 73
59 36 61
88 15 47
31 89 44
93 53 60
99 22 86
80 7 16
14 29 70
59 83 47
49 20 96
91 88 58
57 6 37
38 2 5
68 79 0
23 99 38
95 7 72
74 60 0
28 95 90
30 59 94
72 28 24
15 80 90
60 22 66
18 11 24
94 73 77
6 52 68
43 66 25
65 46 19
89 19 79
37 31 81
58 85 57
63 34 82
81 91 89
68 33 35
35 32 66
85 7 89
31 99 22
18 2 77
73 69 46
60 40 3
69 79 60
8 99 97
39 60 93
60 30 25
40 34 20
6 30 49
82 30 43
79 39 95
51 46 76
50 77 2
70 26 26
19 69 80
47 70 11
45 97 38
63 25 75
62 74 32
19 65 53
76 31 62
55 32 62
34 40 84
77 3 17
74 45 25
17 47 87
62 39 35
60 5 11
35 46 21
67 61 75
71 90 59
64 99 51
44 14 67
64 53 60
41 6 99
46 96 72
0 85 73
60 65 54
95 85 38
43 54 40
2 30 53
38 28 68
63 0 24
89 65 74
56 2 23
92 65 24
51 8 82
53 81 71
99 88 3
45 72 54
66 17 17
9 20 65
94 52 11
15 21 4
82 16 7
52 90 91
19 67 29
87 27 7
17 69 31
17 1 33
66 24 82
76 2 17
6 9 63
41 36 43
54 67 83
19 30 42
87 84 28
37 17 88
53 16 43
15 12 22
95 67 7
37 2 88
40 74 30
35 59 59
81 25 13
28 83 8
26 55 65
76 25 15
33 20 65
92 37 93
63 1 35
23 32 1
22 42 23
41 90 68
62 73 19
67 9 47
94 39 41
31 19 0
41 33 58
27 46 69
53 25 34
14 6 59
24 32 67
43 90 6
87 59 46
53 62 0
69 19 30
33 16 0
65 98 27
84 63 24
16 96 25
15 28 20
14 24 69
69 46 61
1 41 74
73 74 74
42 5 0
28 18 84
26 63 77
87 78 16
85 62 3
14 81 90
89 9 23
95 38 18
69 42 67
56 25 93
4 26 96
25 2 58
97 3 51
93 39 57
83 78 57
57 8 73
58 93 70
0 18 49
17 47 88
44 42 84
61 78 17
33 2 52
62 57 17
25 72 96
61 93 49
52 21 49
24 46 83
51 22 84
86 62 29
79 67 92
0 96 15
31 36 71
28 70 0
3 29 88
19 3 91
53 32 83
50 40 21
38 44 2
54 43 65
69 8 26
47 90 44
11 32 64
18 31 41
49 80 28
50 21 42
68 21 40
78 7 61
99 46 64
13 13 19
30 74 91
29 66 46
25 48 23
6 42 5
87 6 52
1 96 57
24 17 80
24 75 64
11 85 22
81 41 28
81 16 8
76 74 87
6 51 30
73 32 0
60 95 94
83 77 58
43 51 50
68 94 49
24 34 59
65 14 45
25 90 17
21 95 95
26 87 77
86 84 28
90 67 83
3 74 51
75 53 37
14 5 0
71 54 89
15 19 40
64 78 24
49 76 46
82 68 34
63 60 80
36 37 9
91 90 85
26 15 78
