76 78 75
55 25 96
44 48 78
63 17 15
37 35 77
36 81 79
78 5 47
29 63 67
72 19 2
46 32 4
77 18 11
57 85 35
46 53 1
9 62 29
18 63 61
66 77 31
62 80 60
48 48 81
65 15 95
48 85 51
47 51 67
30 27 49
22 58 71
5 49 28
74 97 53
74 53 40
14 76 61
23 23 73
96 12 97
16 83 2
80 64 40
16 60 81
78 61 56
62 49 93
91 89 81
62 33 51
11 47 41
18 96 94
98 48 19
32 29 68
6 59 77
24 44 10
5 60 77
13 16 99
47 4 58
51 98 33
67 22 72
83 46 40
41 30 89
8 57 15
86 4 1
66 87 45
0 42 66
78 23 33
89 43 81
48 99 37
62 1 25
90 49 27
73 29 23
89 20 73
18 71 10
89 63 73
96 94 9
7 63 29
18 27 42
52 27 83
24 93 45
93 68 42
18 13 25
67 78 44
97 38 97
26 43 57
16 25 12
68 11 60
68 59 67
79 92 39
66 47 68
3 74 47
66 93 45
45 12 87
37 42 16
48 2 46
42 24 78
22 97 69
93 79 46
2 51 10
77 81 26
67 36 95
67 65 16
41 9 22
12 7 75
8 92 81
7 22 66
23 14 85
47 71 36
30 43 52
95 8 68
60 73 42
0 20 14
57 41 95
2 4 71
99 56 80
69 12 56
40 22 66
40 7 36
79 9 53
33 8 60
20 62 66
73 50 60
40 54 52
96 98 60
81 93 77
69 49 52
73 54 21
92 93 21
57 70 85
89 55 66
91 31 92
68 63 14
43 91 7
46 69 29
26 62 78
80 72 93
85 22 65
73 10 98
20 68 33
43 54 68
71 4 63
21 49 74
80 49 38
46 30 12
68 50 47
81 58 76
38 27 58
46 41 65
13 5 52
37 38 84
15 98 7
86 9 61
21 14 0
29 15 8
38 52 17
27 47 96
94 93 20
54 15 36
93 71 29
61 86 67
53 26 91
83 50 50
10 21 49
23 0 9
81 13 50
26 10 18
92 17 38
1 86 75
9 60 89
20 72 22
33 53 67
48 97 39
88 35 64
0 91 20
50 0 11
82 86 26
22 5 55
16 88 89
28 89 97
37 31 64
66 61 87
78 88 5
31 19 22
55 68 67
20 41 94
69 50 82
70 25 27
92 80 2
33 36 89
29 88 69
84 61 31
56 42 96
89 38 18
8 10 98
75 81 62
94 89 7
5 58 82
4 25 2
40 5 67
3 37 40
41 25 78
73 58 9
83 49 50
94 90 8
34 14 15
62 87 77
43 83 64
67 98 77
95 66 15
5 61 58
62 24 91
29 56 48
69 79 59
20 16 99
42 46 50
16 62 71
72 68 97
3 24 58
67 11 61
84 8 27
90 97 59
82 60 92
80 45 24
7 85 62
63 14 70
30 87 69
52 26 47
80 48 95
7 22 68
54 49 64
96 39 97
35 23 48
16 59 26
75 21 9
18 7 24
51 0 93
68 1 66
49 51 10
57 84 60
43 48 92
86 27 1
20 38 52
74 14 74
6 10 97
30 4 95
95 73 42
69 64 28
26 76 29
85 13 74
80 85 34
51 62 9
6 38 8
59 43 37
92 40 73
78 1 39
66 76 0
78 61 89
62 71 20
97 6 12
7 16 42
39 85 14
78 60 29
2 61 24
57 28 4
23 46 82
29 80 59
58 53 42
59 81 60
6 3 22
93 15 84
11 9 93
86 21 69
6 64 29
72 47 34
24 1 35
44 50 14
15 85 37
23 11 66
44 94 40
11 25 31
25 50 4
99 62 29
61 55 36
93 52 64
19 91 69
61 15 10
35 48 32
67 36 79
82 23 30
63 88 63
23 34 26
60 76 52
84 14 71
58 20 36
80 92 76
87 82 69
71 57 90
8 53 93
34 74 79
78 25 33
43 68 16
69 34 97
58 83 37
50 40 10
86 57 44
62 5 23
28 96 46
20 71 88
41 57 13
2 89 20
81 6 86
43 90 94
77 93 39
33 27 47
84 43 99
78 32 45
76 48 16
44 50 98
62 99 90
17 76 26
14 69 72
62 92 68
15 95 24
41 63 86
17 63 39
94 18 28
22 43 24
36 64 27
62 94 25
31 7 37
63 46 0
83 57 55
4 20 47
93 30 72
87 50 21
0 93 17
33 4 89
76 48 77
16 56 68
87 50 37
62 21 87
27 95 76
2 31 79
31 48 94
10 63 14
4 38 39
70 51 42
96 7 73
91 4 80
72 98 32
32 16 46
24 87 61
13 71 61
90 75 58
92 95 20
59 0 65
11 80 50
33 41 13
14 67 46
33 79 20
61 13 14
90 17 90
42 43 95
10 69 83
75 78 99
47 62 47
56 67 86
23 32 58
12 44 85
80 92 96
7 39 7
82 20 95
31 95 14
68 71 81
53 25 78
34 46 84
59 55 34
34 55 39
24 94 37
93 70 90
17 25 55
96 36 71
60 21 4
16 88 88
18 75 26
90 2 79
97 52 54
90 27 20
93 81 14
75 1 17
82 27 25
63 68 62
77 16 40
54 36 74
63 56 14
65 89 12
75 48 72
64 52 7
84 6 53
79 23 42
86 4 99
65 58 91
6 86 51
46 46 44
7 37 86
84 26 48
84 68 56
87 9 55
38 74 22
84 21 31
34 79 51
49 12 2
60 30 27
37 60 2
21 84 38
59 82 37
40 48 36
57 65 59
95 9 67
39 22 85
25 50 65
58 46 21
63 20 46
7 67 22
86 77 23
2 72 78
65 80 29
59 53 43
34 27 79
38 95 66
84 35 28
70 15 58
91 0 31
40 80 37
15 63 49
87 35 87
50 66 80
22 26 43
19 78 69
75 77 76
23 4 90
16 91 80
64 84 32
40 28 16
67 63 1
32 78 89
78 38 54
51 13 33
14 12 17
54 52 60
4 27 67
15 39 80
49 25 76
80 76 75
87 49 20
12 27 89
59 23 87
27 64 82
34 30 97
92 85 11
80 85 83
90 85 69
23 64 54
75 85 37
3 93 23
30 0 2
86 49 47
38 75 60
57 10 42
46 52 68
10 93 65
59 96 40
70 10 27
30 98 76
70 68 33
65 67 40
30 23 68
18 66 9
94 37 82
42 69 17
24 72 35
92 23 65
41 86 13
49 18 3
59 58 95
66 29 86
5 93 75
95 31 12
38 90 89
18 63 14
7 68 23
58 1 71
98 34 39
11 81 48
17 86 21
50 96 42
18 64 48
63 26 65
33 28 1
3 30 52
49 5 14
16 89 29
30 77 38
73 54 22
22 79 61
69 89 94
54 83 92
72 14 80
68 26 11
68 6 85
35 97 87
46 83 10
55 10 76
97 69 96
88 81 68
9 20 64
11 70 84
61 73 13
66 26 59
47 31 27
33 19 52
4 24 46
79 16 41
6 27 35
83 34 42
44 92 94
40 91 58
8 35 20
11 21 37
20 13 4
68 20 39
72 18 3
70 64 0
83 82 42
57 66 58
50 48 56
13 95 20
62 38 75
67 12 75
75 18 31
50 23 36
49 68 71
30 69 71
70 29 49
21 4 54
12 48 58
51 61 29
83 96 20
26 77 94
74 22 16
92 31 86
86 33 81
21 75 83
4 93 59
19 82 11
25 93 43
25 87 63
36 42 17
35 3 6
87 31 60
41 91 8
52 61 3
24 92 46
6 1 69
53 10 51
25 9 19
70 87 57
23 78 60
95 73 22
90 3 79
34 10 7
83 92 17
37 62 24
11 20 65
86 56 44
26 23 66
78 14 35
88 93 95
40 31 96
68 62 76
70 95 68
2 40 22
7 17 54
75 47 72
76 9 80
19 2 49
30 88 9
21 74 49
9 35 37
49 70 71
6 70 3
25 76 58
62 53 34
25 91 93
92 76 26
69 91 2
52 90 33
81 68 99
2 44 24
38 63 53
49 26 57
81 29 42
21 60 5
98 7 41
62 92 82
13 26 26
92 93 94
34 48 68
74 17 48
79 21 12
43 63 46
53 80 51
82 83 75
44 74 73
95 61 93
30 78 46
30 97 34
36 17 87
42 18 51
36 46 1
75 38 77
60 69 3
54 6 89
64 43 7
19 21 19
92 20 80
26 4 60
23 26 97
41 23 69
25 88 94
34 0 37
77 84 35
46 74 93
99 53 20
1 29 80
42 2 54
37 23 3
80 60 38
47 32 36
86 97 6
37 65 15
59 1 91
11 21 66
66 28 87
64 39 94
62 85 34
68 63 28
24 41 31
70 13 60
39 47 27
6 74 35
14 34 38
76 71 6
86 37 49
3 11 6
63 44 12
85 41 87
39 35 42
95 36 24
2 36 69
25 16 55
82 86 77
14 44 6
4 74 50
33 13 9
18 27 43
85 64 1
14 78 76
67 8 49
15 96 16
85 69 43
64 66 93
69 58 93
62 95 93
53 99 25
33 17 77
44 44 30
47 31 87
69 12 4
63 81 59
68 35 36
36 47 0
49 69 91
54 98 71
96 67 97
86 55 24
17 27 10
25 69 94
73 3 43
68 65 47
77 61 45
51 41 44
51 39 64
17 39 28
55 91 84
87 32 83
19 74 12
30 57 95
14 51 54
37 57 59
63 94 67
47 97 71
13 41 25
99 26 12
54 53 28
91 21 95
14 59 1
43 68 19
2 52 38
3 69 71
89 16 12
73 4 30
30 41 22
93 92 82
52 84 98
58 93 81
68 50 27
36 4 35
71 16 69
78 9 61
11 21 67
5 74 51
74 93 82
67 63 75
93 29 73
43 49 80
28 44 45
49 34 0
75 49 15
76 75 37
53 61 2
59 57 35
47 70 30
71 87 13
76 69 49
90 8 38
29 61 24
9 39 20
73 17 3
87 71 93
86 77 63
94 27 21
34 28 7
77 8 38
3 25 46
37 16 87
4 12 6
70 87 95
56 95 16
44 65 63
12 80 47
52 7 43
92 61 73
74 9 97
46 77 83
37 73 23
61 87 76
74 2 48
62 91 19
5 63 60
24 44 7
18 1 34
8 67 23
6 1 38
4 85 94
51 34 93
41 67 15
71 64 0
51 74 60
25 37 52
56 9 40
19 75 83
52 98 71
68 43 66
16 2 83
24 45 11
32 71 9
72 88 81
78 93 40
61 57 70
84 68 85
18 59 81
15 5 2
66 16 15
6 18 74
97 14 40
20 56 73
68 78 58
46 53 55
72 55 89
76 71 24
47 40 60
12 10 81
88 92 93
82 68 99
39 34 63
99 46 87
75 62 67
16 62 40
97 14 24
50 70 36
20 59 4
12 63 29
23 3 86
47 93 58
80 31 43
5 50 86
32 7 54
16 10 2
99 55 50
60 96 94
29 20 68
76 16 71
49 39 23
98 96 90
91 34 35
18 73 11
70 34 17
90 34 62
23 95 39
59 8 60
11 46 58
25 65 82
62 2 10
67 1 39
66 38 69
17 64 20
28 48 95
46 54 90
69 14 57
33 48 54
81 17 41
34 51 93
43 71 5
52 33 45
47 96 73
58 34 76
2 4 79
91 18 39
76 39 6
24 18 25
24 36 39
51 72 34
77 74 38
89 88 81
88 4 0
70 53 0
48 69 73
70 47 52
10 86 91
96 4 13
70 5 14
34 67 22
2 37 26
0 32 35
50 38 40
60 68 71
15 49 3
25 84 44
6 25 25
43 66 64
25 28 55
38 60 33
27 5 79
51 92 93
22 11 67
8 21 66
4 36 86
82 31 24
87 91 26
11 93 10
64 71 44
38 60 32
39 12 99
62 45 99
17 69 88
22 70 26
72 88 59
92 9 60
52 39 41
35 39 15
58 66 77
77 30 63
17 48 8
90 88 80
6 82 79
80 19 50
10 74 41
81 50 38
59 45 80
30 81 58
71 34 50
97 55 35
35 32 37
79 22 32
36 74 22
61 43 97
64 54 98
95 6 72
97 73 9
78 56 23
36 75 78
7 22 48
15 11 89
48 70 37
29 75 98
17 29 18
70 11 5
87 32 94
66 44 19
13 94 70
28 40 47
52 40 62
89 41 54
84 98 3
38 6 61
69 73 95
79 79 21
79 51 38
47 54 91
56 79 2
3 36 0
0 57 80
80 78 9
51 34 45
6 83 80
13 54 55
12 38 60
54 57 16
58 38 86
45 95 50
81 32 22
34 0 15
90 80 94
29 48 66
5 59 76
59 42 10
77 88 47
17 90 64
79 44 95
7 93 12
11 61 6
42 78 42
27 66 92
67 78 82
26 79 97
84 36 27
94 72 42
93 87 80
71 87 55
37 60 92
82 83 43
81 68 1
22 78 26
97 12 93
48 64 50
19 99 32
79 27 41
40 87 33
53 94 50
48 33 99
32 10 26
41 37 53
27 99 94
6 50 27
55 17 41
66 43 99
57 16 12
69 93 51
26 0 27
9 3 14
36 59 83
37 48 10
98 21 87
64 20 21
96 55 9
97 32 44
92 87 59
37 33 86
38 30 98
20 99 88
95 90 41
56 91 28
47 93 49
49 71 16
30 1 20
29 37 59
49 73 16
8 22 31
91 75 70
89 88 89
64 21 46
33 53 70
10 74 40
80 32 42
87 83 30
30 50 93
27 47 26
73 94 36
7 42 3
94 78 99
31 22 24
51 17 88
54 68 67
69 5 84
88 30 18
40 3 5
6 20 0
55 55 89
96 30 18
18 46 31
89 33 57
57 1 72
91 20 81
94 29 12
13 6 75
73 51 60
79 45 84
86 6 16
67 36 8
75 71 45
41 73 75
44 25 24
10 24 3
92 57 12
28 94 36
91 92 45
1 78 53
57 37 85
73 85 58
81 71 51
33 65 76
51 74 9
57 20 86
29 93 75
34 86 96
4 93 76
46 20 2
89 21 90
46 85 83
77 68 48
57 15 68
21 33 30
94 91 84
80 17 40
84 41 85
16 11 21
18 47 9
80 9 6
62 74 13
96 52 40
16 38 81
68 2 38
31 73 29
4 29 84
97 16 72
52 99 11
56 98 85
45 16 59
39 84 97
29 21 25
8 33 65
73 26 63
9 58 56
75 33 60
77 6 50
53 45 86
50 54 6
72 67 73
19 45 30
45 17 14
18 22 18
92 70 17
45 53 21
15 81 7
82 55 80
11 47 57
17 27 73
1 96 41
64 30 27
14 97 22
51 47 3
5 5 76
52 1 80
21 91 54
9 76 17
15 49 56
32 4 89
25 29 54
47 3 72
23 30 30
15 17 31
73 74 48
90 16 13
50 76 1
5 67 7
23 39 90
8 60 27
69 29 86
99 0 27
85 21 67
55 17 98
49 97 21
25 83 51
34 97 95
4 1 51
79 53 28
58 96 6
59 3 38
10 68 36
74 55 27
56 78 63
63 12 66
31 21 23
37 88 64
79 13 35
51 44 77
38 88 81
2 72 84
51 32 63
44 82 53
63 83 48
88 36 86
89 61 7
37 27 69
39 82 79
54 39 34
70 23 36
12 10 93
40 67 43
81 60 4
15 13 32
46 67 12
84 8 87
17 36 69
5 43 67
21 65 53
21 14 40
76 53 2
31 98 61
75 15 24
37 21 38
23 94 12
27 42 6
2 54 37
19 99 34
62 39 74
31 78 47
38 64 55
21 74 29
45 15 39
96 61 94
49 44 5
11 16 15
45 67 93
16 46 74
5 37 74
63 4 69
32 52 69
21 15 1
75 82 28
64 3 24
8 90 48
88 59 31
6 29 35
34 76 82
35 74 78
6 69 89
17 83 81
92 20 88
34 50 14
23 76 72
18 69 31
61 10 86
65 38 38
87 58 31
77 14 6
91 86 10
63 67 62
72 98 70
12 82 48
65 52 7
99 1 89
11 76 31
11 75 38
87 77 63
99 87 62
51 7 83
35 48 88
4 22 55
92 85 52
66 46 18
34 35 29
13 61 48
30 26 84
21 13 34
38 49 9
49 17 89
9 47 1
51 77 92
67 93 82
82 59 9
5 60 59
30 9 94
45 54 22
12 23 41
40 55 51
40 39 65
92 64 51
53 48 38
58 11 79
42 63 15
50 14 39
87 38 50
48 71 72
13 35 12
62 18 56
18 7 37
45 13 22
31 10 71
37 84 86
6 65 28
58 84 36
17 46 27
63 94 93
56 35 76
78 14 41
57 22 36
64 34 15
33 0 38
70 32 16
63 57 69
26 62 12
50 36 22
6 74 63
85 55 45
29 43 51
12 94 21
99 2 39
75 35 63
22 85 36
16 54 56
63 95 67
55 16 43
7 11 97
43 62 8
52 91 92
61 24 99
66 62 46
39 12 0
70 8 76
74 48 38
25 3 77
7 29 22
5 38 64
76 10 63
35 97 42
48 60 23
52 38 26
39 6 79
48 60 87
98 52 53
1 45 25
13 55 12
3 52 79
30 11 7
77 68 63
4 95 24
77 22 17
79 91 95
1 53 38
69 19 94
7 48 62
41 85 14
33 76 81
77 77 17
20 50 52
15 71 57
62 68 63
78 71 6
56 81 55
32 1 80
32 23 23
17 22 17
57 13 16
6 24 15
98 22 87
35 20 85
98 80 92
99 67 1
86 12 73
33 12 8
97 17 63
85 75 23
85 6 52
78 19 30
80 29 41
57 33 35
64 83 58
3 15 83
99 6 41
45 10 69
14 99 39
29 37 44
22 23 74
34 51 27
12 74 0
13 12 18
21 15 77
63 38 50
25 28 11
95 92 25
75 82 89
54 72 74
75 96 6
79 92 87
22 76 85
23 15 15
32 85 68
80 22 12
6 52 69
34 49 68
7 13 97
30 88 68
28 64 46
18 25 80
84 38 84
44 6 15
75 53 39
43 68 64
6 18 55
0 1 27
90 53 52
26 83 15
93 37 82
16 17 84
67 87 45
19 72 11
38 27 29
23 14 47
99 68 60
85 74 22
4 73 84
82 69 30
20 33 81
49 96 88
66 66 15
99 66 31
33 61 25
87 0 70
11 3 59
93 33 96
86 16 2
58 34 64
89 97 29
19 36 56
35 80 51
52 90 31
76 16 38
87 23 67
16 55 90
77 42 17
86 15 78
88 70 82
17 66 3
22 34 25
15 87 90
89 31 89
70 64 17
1 75 38
81 99 39
74 34 9
8 38 8
50 78 67
51 69 22
76 71 75
43 73 27
11 26 38
8 3 74
78 60 76
65 47 17
21 11 55
5 30 52
13 65 45
95 97 18
51 27 47
97 96 92
83 50 9
82 6 41
64 46 92
75 17 33
37 65 54
38 61 1
15 48 66
66 41 62
44 55 22
3 72 83
78 52 70
7 71 8
59 37 58
49 63 70
25 93 38
57 25 30
70 67 74
3 41 21
57 51 36
36 43 63
53 78 98
97 53 57
65 87 81
54 44 85
12 42 82
28 43 37
37 22 31
37 76 78
51 21 51
49 62 71
13 4 59
75 84 80
54 13 20
23 54 13
31 70 72
29 33 66
29 42 6
48 94 85
24 3 76
33 22 5
43 66 91
69 68 8
47 86 30
97 78 23
53 84 5
21 34 28
71 67 84
11 45 11
62 88 64
29 70 72
24 51 74
0 78 88
31 6 86
11 76 18
2 2 58
92 69 95
37 56 35
43 85 84
41 11 0
75 70 23
63 94 95
12 69 53
16 13 79
90 84 67
93 82 28
43 55 69
36 30 59
64 14 34
62 29 84
75 21 10
91 92 44
92 45 80
19 8 27
41 38 96
69 88 61
6 4 43
85 1 14
71 54 43
9 95 25
21 57 72
80 69 0
96 5 45
1 0 78
44 36 71
57 99 85
18 99 42
63 67 89
47 97 38
18 78 89
93 83 49
85 10 65
90 71 62
64 44 20
14 13 34
82 5 31
40 17 24
93 89 57
85 62 3
99 21 67
53 43 0
41 51 40
71 70 68
20 67 91
6 95 26
92 70 16
84 78 56
25 9 90
59 95 95
17 80 67
90 15 73
30 75 98
25 90 88
68 60 75
19 25 78
98 38 56
16 95 87
72 71 44
47 65 75
52 72 22
96 56 24
56 73 40
63 11 6
3 80 30
87 45 6
39 45 81
75 35 12
44 6 90
72 75 47
49 23 29
31 22 37
97 98 94
36 33 30
58 82 59
54 42 25
18 71 57
49 73 60
60 44 78
40 17 82
12 78 42
14 4 98
72 61 73
72 35 66
64 38 93
78 78 18
1 90 83
1 19 21
11 25 39
66 32 44
2 2 80
80 29 61
55 30 19
83 70 31
38 3 95
91 93 22
9 40 92
40 11 1
33 62 85
50 68 83
94 17 27
14 34 13
77 81 24
98 67 15
79 37 55
74 36 12
90 19 38
78 15 40
55 37 41
86 98 53
27 48 63
39 47 40
13 2 57
72 70 46
65 39 8
75 35 11
94 91 47
65 79 18
18 28 5
64 40 9
77 10 89
5 62 60
87 92 51
68 64 0
32 7 85
77 86 34
7 64 93
94 8 70
61 92 73
50 11 2
24 62 25
90 82 28
61 93 83
49 75 63
4 51 29
16 69 54
1 53 9
7 28 81
53 45 82
24 2 86
43 24 21
13 68 47
47 3 45
86 41 62
64 9 5
72 75 43
58 68 31
4 27 3
44 95 41
34 58 13
82 58 4
30 61 23
6 56 94
27 35 81
69 64 38
52 83 29
25 52 29
84 87 11
54 83 34
9 16 54
6 38 75
25 57 80
52 56 57
81 7 62
43 69 3
55 34 77
16 18 47
57 10 7
25 44 21
64 39 98
43 48 30
89 88 34
36 20 41
19 95 92
14 4 59
39 97 75
51 6 52
34 62 20
36 10 36
8 14 39
7 7 58
40 30 97
33 51 70
50 34 0
99 69 67
67 61 67
40 80 88
23 10 35
15 17 47
41 10 46
5 94 25
92 71 28
62 52 35
44 70 3
62 23 46
49 63 45
83 52 98
72 44 98
54 45 76
93 58 35
99 92 76
98 92 77
24 12 18
63 71 19
81 93 12
16 45 42
98 81 82
86 31 51
57 61 71
62 70 21
17 94 94
58 79 90
85 60 44
99 45 42
35 96 94
91 9 37
93 73 52
69 79 12
88 99 72
72 31 22
59 18 26
72 88 13
50 86 43
16 74 80
78 75 37
90 54 65
82 1 56
40 49 7
6 13 0
44 23 76
85 41 84
35 55 0
28 33 1
41 79 77
66 41 72
38 22 12
72 87 58
28 27 83
29 44 0
79 51 39
12 92 74
79 69 90
86 55 63
76 22 15
40 42 31
79 59 61
61 52 52
87 38 49
88 69 83
93 6 81
59 56 51
29 28 83
66 30 12
82 95 57
4 49 72
97 51 55
43 1 6
40 92 79
52 39 63
78 22 16
6 93 76
8 66 22
6 29 50
44 94 51
38 74 66
68 57 82
54 77 24
56 44 99
14 19 87
73 67 17
36 55 58
65 19 64
67 44 67
98 60 55
65 98 68
50 33 10
46 4 46
96 0 92
84 31 38
35 34 6
22 75 28
68 89 97
76 42 55
1 80 40
84 41 86
58 8 61
11 9 4
41 23 92
11 54 93
37 23 13
13 5 75
36 75 28
97 41 55
20 77 24
1 3 80
97 18 96
80 98 81
43 10 71
45 79 73
22 97 43
30 64 35
26 2 11
48 59 24
48 63 49
63 89 74
49 0 10
98 50 18
54 9 98
64 95 92
70 7 14
66 47 67
66 49 20
66 45 94
55 80 55
0 61 39
99 97 97
30 37 15
32 95 89
20 95 39
57 8 12
16 54 37
45 23 76
1 21 20
88 64 67
50 21 42
52 67 55
88 12 55
77 66 22
77 57 28
75 23 51
98 43 90
66 34 32
79 59 97
48 9 11
42 72 6
42 15 25
22 16 77
66 44 60
19 80 61
53 4 35
58 7 76
99 41 67
65 26 87
58 60 13
5 66 54
75 46 74
49 44 32
33 0 81
24 43 9
28 64 79
86 54 82
2 2 66
77 10 62
12 74 5
51 39 41
76 17 39
94 41 36
85 25 49
4 62 4
17 0 4
81 3 31
76 30 6
26 90 86
58 64 77
92 70 70
37 6 63
20 95 81
85 11 64
25 92 45
91 9 47
0 95 71
72 29 83
81 47 65
64 17 14
57 94 60
5 39 8
76 42 71
14 10 30
71 38 21
61 84 10
84 39 31
52 54 25
27 46 27
3 23 57
94 30 72
18 96 95
33 1 75
38 29 48
77 15 70
15 20 22
57 97 86
53 85 98
6 10 46
98 96 89
56 39 79
10 90 82
57 26 69
35 75 40
91 80 19
22 77 24
68 24 10
0 94 93
18 94 93
30 24 69
53 11 63
51 87 22
37 45 29
84 11 71
83 83 42
19 48 85
98 23 65
53 69 66
60 74 93
60 87 55
40 55 17
38 65 54
74 87 50
90 38 19
8 26 25
20 9 7
84 34 28
57 29 17
72 37 22
62 74 11
18 68 27
21 71 25
68 35 26
83 31 2
10 26 40
23 28 33
75 15 71
25 4 83
54 44 82
55 96 15
8 23 47
82 38 82
59 76 53
39 98 76
65 68 70
50 22 35
61 14 97
81 51 15
36 74 24
77 21 9
99 20 23
63 0 27
91 77 26
9 93 9
6 69 4
98 91 12
26 17 34
1 30 82
25 45 83
16 17 7
24 35 24
38 52 79
55 9 84
30 34 67
38 35 50
72 30 38
46 43 30
87 1 39
58 66 37
85 56 43
85 86 39
87 82 66
16 27 72
41 62 46
21 1 51
78 3 70
84 59 91
55 14 20
15 28 14
88 6 85
30 74 11
17 39 81
98 25 13
24 79 28
35 76 28
82 22 29
32 75 80
83 39 67
62 11 83
17 77 19
53 87 16
7 40 2
66 37 39
39 49 6
67 6 51
58 55 32
9 77 30
33 4 87
15 26 80
22 75 24
76 92 64
58 22 25
18 83 11
60 84 60
64 25 53
50 39 8
78 35 85
5 33 55
2 21 77
40 40 5
80 53 10
10 50 32
39 54 18
76 48 73
87 83 68
72 72 58
39 75 22
74 73 47
39 38 76
89 11 83
42 33 66
15 4 99
13 58 41
14 45 5
62 48 59
58 38 58
53 49 66
86 7 62
1 95 40
32 1 17
71 6 13
55 70 26
76 92 43
79 59 63
58 24 87
19 64 13
62 56 69
87 43 40
58 8 11
37 2 21
28 93 98
92 82 20
16 94 59
61 37 56
71 93 84
53 16 96
70 53 99
66 38 8
63 46 87
82 58 8
75 42 95
47 49 59
56 55 86
20 73 96
58 19 35
14 70 72
94 55 57
88 57 54
97 28 64
5 50 30
0 70 84
93 79 0
10 77 29
73 89 61
55 10 99
21 75 31
45 97 37
17 33 97
39 73 85
94 42 35
26 56 92
20 60 55
50 8 84
81 17 71
9 81 32
35 88 13
98 8 53
46 48 58
62 93 91
66 46 68
83 32 44
79 65 41
17 2 33
45 38 74
62 50 31
75 54 83
98 97 33
86 17 59
86 69 61
14 1 54
76 82 63
33 15 37
13 10 69
51 66 82
9 53 32
33 6 43
60 24 87
51 50 46
85 29 62
35 40 17
33 9 27
5 96 31
8 91 19
9 67 71
59 5 4
46 70 29
88 25 59
55 9 5
37 60 90
31 26 71
78 62 76
40 88 68
7 91 20
5 82 79
80 48 66
72 10 96
2 91 21
78 1 96
67 93 84
23 58 63
39 93 24
74 74 59
89 76 29
20 72 74
58 6 20
36 5 81
42 26 93
47 94 81
26 38 24
88 74 47
47 26 9
58 11 7
98 82 40
47 27 59
50 63 36
16 56 89
99 0 9
45 48 58
66 95 69
97 85 6
55 38 34
35 79 50
49 58 25
33 51 26
53 38 75
38 36 77
5 86 65
50 24 9
65 42 61
92 61 63
61 13 98
78 20 13
8 39 21
77 5 48
49 65 83
85 86 95
63 76 12
21 57 71
49 40 59
21 82 10
73 17 72
60 17 78
99 78 96
15 98 6
88 46 44
5 31 65
46 85 25
93 73 78
95 19 16
38 28 2
8 62 29
17 37 70
42 92 80
61 80 61
74 62 73
58 95 80
28 7 44
45 14 40
86 14 79
76 21 97
27 77 95
60 54 35
1 46 63
72 43 46
33 27 1
17 21 23
95 46 47
98 24 66
43 16 24
9 34 19
37 43 64
69 47 18
93 27 22
22 45 96
77 37 7
62 22 47
32 22 25
20 84 47
53 42 98
91 90 59
73 11 28
47 31 47
94 68 1
56 51 24
11 23 39
64 93 94
29 42 5
56 18 51
67 46 68
31 27 47
76 61 26
83 6 6
67 62 74
39 53 17
3 86 64
81 82 42
80 2 14
19 9 17
96 8 70
69 11 28
49 23 34
71 86 56
17 3 92
91 53 57
73 54 1
20 23 76
14 16 0
26 81 49
41 58 9
12 49 67
71 73 57
7 86 34
84 39 81
79 60 22
95 32 5
42 24 43
76 90 17
51 81 80
68 60 66
57 33 75
49 69 38
20 80 21
61 76 59
71 29 44
75 10 96
74 86 68
9 23 56
81 59 52
90 53 58
39 46 82
65 97 54
22 25 96
10 27 72
1 5 79
26 79 25
32 61 28
68 87 60
5 94 23
25 45 7
0 72 83
68 32 90
95 40 98
15 49 95
35 99 17
31 65 83
9 72 16
49 51 39
5 7 90
84 59 28
49 55 64
21 71 84
53 16 63
2 90 6
63 5 93
84 51 28
62 78 82
69 33 17
66 72 40
42 49 86
48 38 53
45 31 36
17 13 47
16 81 6
54 26 20
42 41 2
48 61 14
66 54 73
63 87 50
81 33 26
63 69 0
52 82 96
18 95 95
33 93 33
53 67 79
79 17 2
41 38 64
45 96 50
18 94 4
20 39 57
63 41 10
56 58 49
54 10 62
82 74 54
75 9 42
44 96 51
35 3 35
40 53 95
23 5 62
27 17 54
14 17 31
81 84 8
26 19 14
56 68 28
97 33 33
74 79 98
56 57 97
38 31 81
93 67 42
67 77 83
54 62 67
52 83 87
29 72 8
77 38 58
60 83 34
44 53 20
86 19 65
12 15 72
86 30 61
69 65 27
23 26 81
25 80 55
78 99 66
76 28 87
23 69 96
65 8 1
7 24 7
79 25 20
40 23 80
81 15 28
5 92 77
31 63 29
85 99 4
98 99 21
85 74 31
89 26 10
82 79 39
0 48 9
18 95 94
73 1 42
61 96 74
87 90 35
53 83 97
92 72 19
40 40 34
79 50 88
54 53 72
59 65 79
8 12 98
79 3 27
56 57 98
80 31 70
68 93 52
78 55 28
66 51 34
82 75 55
22 14 83
73 0 30
70 74 64
85 41 18
67 57 81
75 35 10
53 23 65
14 98 8
21 92 11
50 70 16
66 81 47
61 95 93
5 32 54
85 40 43
71 13 91
51 88 13
19 58 11
24 99 66
92 21 88
36 59 7
94 84 50
2 53 54
7 2 14
21 19 21
40 28 80
98 77 23
84 40 82
14 61 5
43 66 90
81 16 84
42 18 23
62 64 23
15 6 57
10 68 65
38 44 2
1 91 21
57 51 18
57 15 18
1 80 31
93 6 70
91 52 21
54 86 58
43 22 74
74 16 33
65 57 91
58 37 56
91 55 84
42 15 69
12 32 71
78 56 62
36 3 21
32 12 90
51 89 94
63 91 55
5 63 28
41 10 26
84 65 2
61 50 30
19 78 23
11 53 48
72 71 43
17 80 4
78 72 7
87 70 61
55 90 21
48 51 9
85 68 45
52 75 9
16 93 60
25 66 29
10 19 41
73 58 79
35 29 8
10 8 18
25 12 92
67 51 26
24 1 10
42 57 10
6 55 4
21 96 82
35 15 59
42 61 7
14 77 90
28 50 59
34 77 59
84 19 74
18 40 99
66 27 61
24 37 20
69 69 9
85 20 66
48 32 87
52 13 81
97 74 8
28 88 70
45 68 39
62 68 88
67 45 68
0 63 28
46 30 46
8 99 52
78 59 21
60 54 58
51 24 93
82 77 83
31 43 90
56 9 42
82 51 29
84 68 83
94 20 27
55 97 83
73 96 93
80 14 27
79 46 23
36 23 13
4 85 85
38 46 29
3 42 63
19 12 25
71 11 6
48 19 2
51 62 5
56 56 49
61 31 24
87 69 88
7 73 79
61 78 47
13 92 38
79 83 40
12 3 60
50 96 55
58 97 86
86 58 43
73 31 3
45 78 83
72 94 36
83 50 30
41 12 41
76 67 21
17 88 54
84 92 90
71 29 86
6 49 0
53 9 43
37 93 22
87 64 90
36 34 78
29 73 45
57 96 5
68 64 46
31 8 53
53 82 60
66 48 32
38 91 12
20 10 7
72 10 97
97 50 35
40 68 88
38 74 58
79 45 23
15 4 6
38 65 53
63 2 64
20 27 64
55 42 66
96 65 77
4 37 1
73 10 95
50 61 72
31 76 99
74 87 51
83 21 30
28 32 2
9 78 71
72 33 20
27 23 31
84 92 70
22 83 85
76 71 7
47 8 10
6 4 75
13 45 86
75 32 61
97 6 74
71 13 38
84 60 64
19 83 39
27 7 43
15 76 78
40 82 35
77 31 54
51 20 35
14 20 21
27 58 3
98 97 91
49 9 26
12 92 10
44 96 35
63 19 20
42 13 42
77 93 44
15 10 20
35 86 41
62 37 88
32 14 67
24 40 31
94 81 7
48 43 69
55 7 42
85 84 48
27 65 39
70 0 11
52 45 88
38 69 90
89 98 31
25 40 22
19 96 19
81 53 9
97 30 19
67 99 7
98 15 62
33 4 88
13 97 7
16 58 83
2 16 31
93 18 5
15 16 74
54 48 37
91 5 79
76 80 24
11 27 90
92 33 34
10 1 62
48 42 70
80 16 80
63 73 68
28 38 62
36 1 18
74 20 73
69 75 3
38 44 84
82 50 14
55 11 61
49 4 35
17 21 99
47 1 1
6 37 7
82 81 41
32 97 84
88 26 59
89 97 30
91 50 28
14 0 40
36 24 12
91 71 18
24 4 76
25 52 60
41 22 4
76 69 64
92 7 93
40 84 4
95 29 73
55 10 97
80 7 87
0 21 15
95 39 41
83 86 40
75 71 28
36 9 11
14 49 20
62 22 86
1 60 47
79 18 13
29 13 0
6 75 63
79 93 75
24 17 96
77 86 33
89 53 47
2 37 25
52 17 95
64 26 28
56 96 55
82 60 39
63 5 69
78 90 1
4 36 74
90 74 72
4 41 80
93 94 21
52 18 89
55 1 24
77 27 86
86 51 32
60 13 14
76 53 26
17 93 60
6 33 97
92 71 16
3 89 44
83 70 33
47 76 84
10 91 95
71 71 45
41 51 52
68 67 34
24 49 20
30 71 9
86 0 92
50 34 23
3 68 7
72 87 82
7 76 29
56 14 18
42 52 16
83 84 42
70 74 94
33 53 2
49 23 27
54 34 47
57 8 11
68 56 81
97 43 77
75 38 78
41 88 29
57 30 63
88 27 80
74 7 20
69 0 9
4 23 57
83 77 56
62 96 68
15 91 81
76 95 76
63 30 26
19 65 80
76 43 55
32 54 84
24 27 23
25 82 50
84 16 49
96 44 76
64 33 39
97 21 86
40 88 49
83 8 28
10 63 30
34 50 43
56 38 80
94 35 25
57 79 89
52 50 80
60 44 45
67 30 11
82 45 5
34 20 85
50 6 43
51 81 31
30 67 1
55 52 24
87 49 90
0 53 39
52 81 31
9 23 30
45 14 45
42 91 9
39 36 41
49 47 80
65 69 65
65 85 68
65 46 20
24 92 76
64 81 28
98 89 0
70 59 94
37 96 40
33 97 85
34 94 95
67 92 82
61 69 21
47 2 75
90 99 32
27 93 99
95 52 22
1 47 48
32 18 24
62 11 85
13 38 34
61 19 39
36 89 95
62 88 63
74 97 70
74 81 89
40 96 33
46 14 40
93 88 56
45 28 74
23 52 41
14 96 54
85 66 44
73 91 13
56 21 27
26 61 17
5 94 58
62 68 90
29 9 43
38 43 64
93 40 36
72 15 81
23 49 65
98 72 10
8 57 86
71 66 84
79 6 31
91 14 27
59 20 3
54 89 21
21 54 49
14 94 24
92 26 16
74 70 46
94 72 56
0 7 42
31 90 20
19 76 98
20 51 17
37 9 66
14 27 13
67 98 65
70 68 85
95 17 26
15 71 71
13 79 41
64 68 71
21 33 96
80 17 63
32 78 79
18 77 70
0 76 86
36 41 17
14 15 34
2 51 0
83 78 31
98 85 93
7 25 26
21 48 36
52 70 22
46 12 28
69 46 53
79 10 53
52 61 0
34 10 82
85 7 54
49 38 52
50 64 71
29 59 70
63 30 83
42 55 94
83 10 72
5 74 63
71 0 32
75 81 91
39 44 27
47 89 46
11 99 24
25 97 1
4 86 65
78 19 14
47 62 46
76 49 83
80 92 13
38 59 2
55 61 94
75 22 16
13 68 0
29 12 7
3 33 98
10 67 35
35 78 49
76 56 60
15 93 60
21 73 48
78 67 62
72 15 68
4 43 66
9 91 9
85 45 51
92 5 87
61 72 94
28 39 5
69 41 68
92 4 87
63 23 92
68 49 28
46 79 3
64 71 98
32 34 33
45 87 45
69 59 95
82 46 26
6 29 21
41 70 62
53 83 73
40 95 22
86 87 38
16 12 22
88 58 38
75 56 27
52 26 82
42 77 1
67 41 37
42 89 8
75 69 47
96 68 97
42 3 75
52 22 15
94 54 4
60 57 34
89 3 86
3 93 24
0 20 16
29 59 68
68 65 29
35 4 88
20 58 94
19 29 15
7 17 55
23 7 39
31 86 70
35 23 14
60 83 59
23 11 37
29 25 25
43 26 57
69 63 60
14 11 29
93 18 38
87 96 12
23 53 65
45 45 87
70 99 10
67 21 79
19 68 92
79 20 15
15 73 16
54 66 23
38 85 13
28 11 15
52 48 3
92 74 53
28 16 79
93 76 94
64 78 96
32 13 7
57 57 47
45 93 15
92 70 27
90 55 66
57 21 26
47 62 48
28 21 95
66 25 93
91 75 71
65 8 4
0 20 15
81 30 43
47 2 73
14 88 91
22 14 76
37 14 85
94 45 5
51 63 6
0 49 8
32 91 51
57 27 5
97 74 67
63 0 75
60 31 22
49 60 25
34 23 76
91 25 15
76 81 29
24 51 3
4 79 9
83 0 55
39 36 51
25 80 26
27 26 82
62 51 32
90 17 11
74 53 1
46 55 38
39 41 32
8 17 53
34 77 40
11 57 10
56 13 20
82 51 39
68 73 16
42 62 45
6 62 25
30 94 34
12 91 65
66 8 1
94 44 49
22 15 0
91 53 64
11 2 61
86 30 67
47 29 12
58 0 29
61 88 18
32 16 37
13 19 92
9 42 4
1 87 3
94 63 22
11 66 46
65 31 12
56 0 25
31 1 79
68 70 86
17 3 83
11 45 12
9 41 52
55 12 16
29 73 65
8 22 94
89 84 68
74 76 89
54 40 33
73 73 59
50 40 59
0 73 25
72 14 69
65 47 20
28 24 52
97 88 49
72 85 57
23 33 58
24 24 3
0 61 1
87 88 1
54 86 68
41 2 98
18 71 73
87 20 64
82 32 24
56 80 41
97 12 96
52 55 56
20 97 20
74 98 69
17 24 46
22 65 53
41 55 47
47 44 31
97 91 77
82 16 29
48 96 40
59 19 79
34 0 16
38 13 23
13 49 55
21 91 10
36 0 18
75 54 2
67 77 39
3 86 42
81 21 1
93 41 63
77 58 22
3 43 73
87 47 97
56 12 79
20 38 10
91 21 40
37 7 64
50 98 9
66 74 29
15 2 59
11 3 56
31 51 68
24 43 8
25 23 89
76 78 77
61 80 27
46 80 74
17 45 99
98 50 26
52 15 64
80 49 88
76 34 11
40 24 35
35 63 59
62 30 25
69 46 67
64 53 8
42 57 59
84 48 66
85 98 5
44 69 19
64 47 17
80 16 72
88 12 58
65 33 44
4 25 66
22 90 8
78 62 87
67 64 15
78 10 88
43 48 87
19 72 10
66 77 89
28 41 5
68 1 37
81 93 97
4 51 86
41 93 81
20 40 58
4 22 12
72 1 33
83 38 82
99 54 79
1 79 39
45 52 0
51 70 46
55 52 27
60 18 72
41 92 23
5 55 33
38 45 83
7 13 38
64 8 34
21 14 60
53 88 53
73 8 21
56 94 16
41 70 63
84 74 93
37 73 70
15 44 41
47 98 38
37 66 53
51 12 80
5 32 71
35 82 62
97 89 50
50 38 24
27 6 81
81 98 54
18 75 99
7 30 96
85 9 74
72 10 19
20 15 76
31 76 38
57 43 40
62 65 11
38 37 76
87 27 58
81 67 0
46 99 25
95 17 30
40 53 17
40 43 31
51 79 40
13 32 40
58 97 4
81 30 23
61 17 72
3 42 81
75 70 25
60 45 97
26 24 31
71 81 82
95 57 25
53 28 56
12 24 54
24 92 38
41 41 24
60 1 17
99 71 11
33 85 97
69 74 65
3 63 91
42 70 62
35 55 7
32 47 40
79 9 62
38 19 74
34 59 96
49 94 0
76 64 97
26 17 61
79 87 5
18 88 90
36 37 44
33 92 50
60 31 26
15 3 60
71 76 2
49 77 90
99 39 31
21 71 24
93 95 19
98 56 19
86 74 63
69 86 20
91 60 2
92 74 52
12 20 8
76 70 44
77 93 41
49 3 88
3 94 93
10 49 32
68 37 94
90 9 38
73 78 98
56 14 17
0 21 87
15 96 86
0 67 93
50 70 37
84 52 97
76 8 23
60 64 80
25 47 55
34 96 88
90 52 71
25 90 18
19 56 72
45 45 45
69 28 87
20 75 32
6 2 15
30 5 98
1 62 67
13 44 71
53 43 26
78 18 31
86 37 92
66 46 38
56 16 84
54 13 18
97 34 45
22 16 79
11 42 39
57 14 12
9 0 57
62 29 86
16 7 26
52 46 81
8 38 9
43 98 69
84 3 30
95 82 93
2 30 81
88 73 81
47 71 29
85 0 41
29 71 0
8 41 3
64 35 54
22 30 40
98 63 28
36 91 69
77 47 46
92 28 72
17 80 89
66 2 38
10 53 93
78 53 28
8 82 64
88 43 40
14 30 1
82 14 99
50 65 82
44 72 34
68 51 27
81 21 12
28 49 58
65 52 35
81 32 35
3 62 3
80 30 24
83 26 78
79 91 85
21 24 75
59 8 11
27 67 96
10 16 54
8 90 38
62 10 66
85 60 32
39 95 93
55 44 84
29 13 9
17 5 66
22 25 14
69 55 81
6 99 20
73 32 2
24 43 44
22 83 86
45 44 15
70 97 26
57 31 37
34 63 59
31 61 68
16 84 41
67 34 27
32 13 68
79 92 86
81 23 13
21 55 93
39 28 94
30 57 49
68 87 81
8 62 96
47 42 64
71 46 33
98 42 30
42 26 98
37 95 0
20 85 77
86 72 93
57 67 30
16 3 56
57 93 17
88 61 85
34 24 49
51 6 44
95 67 33
98 60 56
54 52 26
2 38 23
72 90 60
45 18 15
31 54 59
62 74 12
39 64 52
65 78 39
73 14 95
1 88 85
49 8 24
22 51 16
41 92 80
46 27 9
16 49 96
26 48 26
24 72 33
6 31 54
84 39 87
40 81 87
13 62 6
28 6 80
4 78 91
97 64 78
86 47 44
87 16 1
4 62 29
39 29 49
73 45 97
40 29 24
33 95 89
28 88 63
11 64 30
67 34 35
86 26 87
85 76 25
82 82 94
28 37 85
32 83 57
42 55 67
11 0 75
97 81 40
94 81 1
28 70 73
2 26 4
93 33 33
47 79 89
61 89 64
35 62 59
52 78 92
89 99 71
60 89 19
86 10 55
6 49 61
14 78 98
54 67 85
51 74 34
33 94 83
15 78 90
94 4 25
19 26 79
36 46 22
91 22 89
71 14 67
26 44 44
70 53 42
78 26 18
69 21 83
34 51 13
91 23 13
39 31 98
98 7 11
77 6 85
7 84 94
15 69 71
92 66 30
40 87 87
63 22 45
83 57 7
15 4 8
34 65 38
29 9 42
77 58 29
64 52 35
80 59 8
77 9 97
97 10 48
62 54 34
43 68 0
36 87 41
35 75 58
59 70 51
60 23 0
48 35 21
71 86 13
69 26 14
8 35 21
98 78 10
68 60 4
89 91 34
43 89 38
35 16 86
46 94 57
63 77 13
15 18 93
3 50 1
13 79 77
16 89 28
92 52 64
32 23 90
26 55 9
21 96 32
40 47 39
97 2 47
94 72 26
28 47 69
14 33 59
94 21 93
31 15 47
96 24 9
24 19 3
59 65 77
18 37 69
43 71 4
95 36 16
88 11 57
55 84 35
95 25 53
49 26 0
51 23 94
15 4 0
66 71 0
87 29 20
8 12 53
26 48 55
98 1 9
27 92 98
33 53 85
68 50 53
25 72 65
17 89 89
91 32 34
83 33 43
0 52 19
68 98 6
68 66 16
74 23 50
94 27 23
94 87 5
7 45 28
87 19 64
3 63 70
0 69 68
38 34 91
34 93 54
73 88 23
14 50 55
16 52 50
7 18 48
0 95 93
3 78 9
26 63 12
49 53 35
57 52 36
4 6 28
33 66 77
78 18 12
88 48 84
97 87 61
79 91 13
71 32 93
81 67 27
24 32 14
93 48 65
75 31 63
65 76 40
47 50 14
19 72 73
48 9 25
97 25 67
9 69 37
43 25 56
40 25 34
57 66 60
45 93 49
83 83 69
46 66 92
30 66 2
75 99 89
52 19 27
41 15 83
67 98 64
65 70 99
66 45 60
31 20 21
15 60 1
75 3 61
65 24 92
69 23 96
79 68 6
29 99 38
76 91 18
78 62 55
15 31 2
84 69 84
61 29 85
5 27 96
37 7 61
2 79 11
96 22 86
63 1 31
56 35 56
62 79 46
82 58 3
18 76 43
87 85 40
37 88 96
51 46 80
93 72 27
29 42 37
29 58 16
5 34 55
53 83 5
68 62 49
96 51 54
62 28 46
29 67 17
19 81 13
93 94 18
94 52 65
14 11 20
94 41 99
22 34 95
62 55 84
1 61 27
31 88 44
36 85 76
37 82 21
78 3 69
86 44 83
34 7 44
37 80 79
58 33 63
76 50 53
35 56 8
10 1 56
14 75 77
98 13 39
99 96 95
46 94 49
81 49 28
32 41 66
81 46 25
36 20 63
53 84 99
31 72 90
78 2 40
75 44 90
83 30 24
37 10 81
23 34 95
13 42 42
62 15 32
87 59 37
53 10 98
48 7 94
65 16 16
48 74 56
71 0 5
84 7 87
3 75 49
5 57 31
81 30 61
6 81 63
46 92 16
69 22 35
12 72 25
66 53 7
62 99 91
96 33 87
38 86 24
37 28 68
15 54 36
87 39 96
35 34 30
9 20 48
0 67 54
49 14 12
15 12 23
61 2 68
65 84 69
54 53 25
31 32 32
50 46 79
68 63 45
86 20 83
41 23 20
63 52 33
98 93 76
74 42 94
30 79 73
10 52 54
93 14 83
84 69 18
94 19 5
99 91 76
4 82 33
51 83 17
65 95 91
92 1 82
42 25 16
30 67 3
96 34 32
43 86 6
91 95 21
31 78 74
57 81 80
76 66 20
44 50 79
11 2 57
55 0 60
7 12 52
25 44 45
48 63 46
36 43 38
34 99 63
8 63 94
48 54 91
4 99 19
61 70 82
25 18 97
76 96 6
42 92 8
73 89 81
43 36 66
2 90 82
89 42 14
55 43 85
51 78 12
57 36 94
44 48 79
6 61 77
95 12 98
45 2 75
20 54 94
29 38 84
83 69 84
59 74 49
80 90 90
14 34 12
11 7 74
88 26 97
58 15 13
45 67 52
38 45 28
5 6 28
55 31 24
66 44 42
86 42 76
52 45 76
43 92 23
77 59 30
15 33 13
70 51 11
71 9 98
5 20 37
20 81 12
63 87 77
91 93 93
68 94 4
10 21 36
71 68 10
1 18 5
65 27 59
4 96 51
98 96 24
18 64 71
44 75 74
35 26 99
73 86 15
51 0 21
81 32 44
20 34 29
58 64 78
4 20 44
22 84 53
17 80 90
2 37 22
38 9 81
58 7 71
33 83 84
75 67 71
75 71 48
18 74 82
99 91 17
87 91 36
45 29 73
27 23 66
0 36 30
52 15 95
87 34 87
78 11 62
75 88 34
31 21 26
98 34 59
32 85 69
36 15 86
78 44 71
21 81 21
72 56 90
32 11 37
49 4 79
13 20 69
22 93 12
82 99 56
27 89 64
96 15 39
93 19 28
81 14 0
92 60 21
47 30 36
16 89 53
54 50 21
66 53 89
95 73 77
99 30 90
14 95 23
64 29 83
85 42 63
23 15 85
70 54 92
9 66 72
94 24 66
87 93 94
4 88 13
23 27 32
53 37 27
88 56 54
49 68 84
6 64 48
97 33 45
68 35 25
11 10 24
11 77 19
44 42 92
4 50 71
15 40 79
53 33 4
7 87 34
64 11 83
67 84 9
86 49 36
31 24 51
81 31 70
9 86 23
39 2 6
17 76 9
80 60 97
28 12 8
80 51 37
64 37 5
75 76 31
43 50 87
72 9 52
85 70 85
31 42 13
85 17 1
16 4 91
60 42 11
37 87 39
9 52 94
22 76 84
97 33 91
11 0 55
31 12 38
52 63 54
52 66 54
84 18 73
77 15 50
56 64 78
25 24 57
67 65 15
60 45 67
4 81 10
86 68 50
2 14 20
9 49 38
22 14 14
38 15 86
78 94 44
78 84 36
36 81 53
23 53 14
13 57 41
39 4 39
27 65 56
33 62 27
74 10 29
8 61 38
55 43 83
36 21 61
89 42 15
64 15 35
86 3 46
59 7 60
67 19 26
73 45 11
38 11 0
47 46 45
32 99 62
47 56 39
82 91 25
9 26 39
2 30 52
80 48 32
31 96 90
80 58 62
35 50 69
74 18 32
48 88 45
35 31 64
20 74 11
59 75 92
84 56 9
66 36 6
53 37 75
10 76 17
65 87 69
40 19 16
82 33 45
17 13 27
4 74 52
30 65 10
43 5 29
13 93 69
92 74 69
5 23 56
29 48 94
56 40 89
92 24 14
35 42 39
12 36 69
23 67 17
27 32 3
11 92 65
92 83 76
54 55 71
34 45 83
25 90 19
70 16 57
41 98 84
38 5 38
20 45 38
70 52 56
63 82 29
40 58 14
21 43 23
21 36 37
17 88 30
66 47 62
13 23 46
56 74 46
30 66 84
58 39 45
56 0 24
99 49 17
83 57 9
71 29 91
26 18 53
46 31 37
37 27 28
25 2 63
86 11 19
87 10 20
36 55 0
76 53 1
68 5 47
16 0 6
16 6 90
53 24 78
61 36 70
52 90 93
14 93 29
85 82 92
25 62 24
93 54 57
39 50 8
31 81 59
91 32 84
5 69 72
23 84 87
37 60 7
60 97 74
55 90 16
36 22 60
44 54 23
56 97 84
54 4 55
19 73 13
46 22 78
87 89 1
36 8 65
73 37 12
16 47 65
69 67 9
15 96 23
22 23 72
19 98 22
21 78 7
18 39 82
82 57 72
13 34 58
68 2 48
48 32 28
42 93 51
19 72 14
36 31 63
87 13 73
87 98 72
75 81 90
20 82 3
84 1 55
41 19 50
6 60 58
69 78 75
45 69 91
99 81 65
8 50 23
23 23 59
52 80 50
56 42 97
63 11 66
56 37 75
5 93 77
21 58 6
20 44 29
45 30 48
49 6 78
46 7 15
91 87 56
41 90 8
96 35 46
79 24 32
7 32 64
9 22 48
18 21 64
19 97 79
97 41 57
76 0 88
70 77 49
95 32 4
19 95 94
12 75 16
87 11 55
13 44 42
49 87 2
57 37 57
52 57 84
10 24 30
73 14 81
61 25 74
48 1 10
5 50 60
42 44 94
76 5 84
26 99 56
29 42 26
62 9 86
91 88 58
6 22 33
10 58 70
50 27 58
40 32 97
16 80 66
31 23 26
86 69 45
33 58 99
30 49 94
23 12 54
29 63 80
29 37 63
81 27 26
8 76 29
6 70 71
87 92 96
29 39 62
12 52 48
46 87 31
36 97 41
20 96 20
8 6 27
89 70 61
70 75 2
33 6 54
43 42 25
58 33 99
8 75 30
41 22 65
39 15 3
51 67 83
14 77 60
32 45 54
18 53 1
27 19 11
89 46 82
59 69 51
54 6 42
31 72 57
49 54 7
91 54 64
58 43 96
66 25 18
69 64 48
36 42 15
30 23 36
39 97 34
43 49 91
54 34 13
43 48 91
4 81 31
12 3 58
66 48 21
39 33 64
36 51 64
41 83 4
76 14 25
88 97 26
77 31 68
7 93 9
72 30 68
38 85 95
71 12 12
61 91 49
1 55 70
85 32 52
61 25 86
82 50 74
60 45 79
53 51 59
76 57 28
42 54 58
47 42 31
7 86 51
6 0 68
93 45 22
6 70 70
99 40 32
2 21 57
0 55 78
2 60 9
67 25 92
1 19 56
38 86 14
14 98 31
6 33 42
50 41 11
76 65 19
52 26 77
83 96 56
69 68 80
24 42 76
9 90 47
21 27 64
62 81 28
24 25 58
6 66 23
79 31 13
26 3 29
70 16 55
20 84 76
1 63 66
31 3 51
45 8 69
68 47 67
82 51 38
41 32 31
24 63 45
33 76 58
17 4 57
42 28 15
54 43 25
25 39 23
24 52 75
64 96 55
3 72 77
4 44 67
26 22 33
35 20 60
19 74 25
30 0 79
3 89 19
77 19 32
26 88 64
30 62 67
1 39 21
31 40 62
34 76 57
78 96 16
55 88 22
19 70 51
14 98 30
71 9 75
14 50 95
34 90 0
0 28 56
16 46 64
67 46 93
68 79 81
74 78 63
15 95 17
58 61 15
95 82 58
54 7 41
39 73 84
6 61 59
3 25 87
16 64 72
32 16 97
30 53 78
18 81 54
39 3 3
85 49 67
18 47 30
35 2 88
81 55 79
74 83 90
48 52 0
91 19 45
6 32 64
38 3 22
65 82 28
36 88 64
68 50 82
77 37 57
63 93 81
53 44 87
56 12 17
52 78 91
32 7 44
0 62 27
7 4 75
91 10 60
80 62 49
29 57 94
68 64 39
60 56 50
91 43 97
1 19 39
57 8 6
62 14 99
28 23 67
25 3 10
51 29 49
46 77 79
17 76 42
80 99 81
81 60 49
84 56 56
69 5 30
42 41 25
23 79 27
24 85 88
93 63 12
70 87 12
13 42 82
42 93 80
75 72 6
78 74 77
22 7 39
23 50 15
59 83 58
3 14 83
5 48 34
84 39 83
10 0 23
29 46 69
34 2 89
93 99 59
15 26 13
0 89 28
55 95 28
99 16 52
69 66 30
46 31 12
92 59 2
54 44 76
5 82 2
68 27 15
25 98 17
93 85 11
91 68 94
17 39 98
46 24 10
26 46 7
91 12 41
87 58 45
40 96 35
16 62 48
12 1 56
52 30 91
54 17 97
59 98 5
42 10 7
86 43 84
30 25 84
63 36 77
44 91 53
68 97 55
11 21 64
73 86 57
92 21 41
7 94 13
72 29 85
28 94 75
62 29 46
48 5 59
56 98 87
21 37 9
10 71 85
79 7 62
16 44 87
43 15 69
74 87 23
95 29 58
23 14 84
81 92 31
89 98 6
31 6 85
62 68 14
80 32 25
88 69 61
11 75 42
46 66 74
94 82 2
70 72 94
49 37 51
39 2 7
68 45 92
72 90 89
34 80 96
6 46 56
78 15 41
77 56 29
61 12 85
53 50 60
69 91 4
23 32 26
71 25 27
7 48 1
21 78 25
86 52 77
35 73 28
91 88 79
92 88 56
9 25 26
35 45 23
4 93 24
16 30 5
31 54 20
60 2 38
15 29 0
93 91 74
99 51 68
3 69 9
47 86 31
12 94 74
72 71 92
79 28 42
97 53 50
6 6 77
16 19 43
54 10 73
40 79 36
15 58 40
35 36 52
77 19 10
86 63 18
66 5 22
66 95 61
55 25 0
80 3 80
43 81 54
32 88 70
56 95 55
36 36 90
91 92 22
22 54 12
17 87 20
84 88 81
24 33 60
46 23 77
62 70 81
96 50 36
10 16 22
95 64 51
33 23 5
95 11 95
15 85 77
65 20 1
72 93 6
60 82 57
50 48 34
9 40 0
80 71 50
46 31 86
84 21 95
76 87 33
34 55 57
14 21 3
49 84 9
31 3 63
84 85 53
4 93 92
32 52 67
5 79 37
61 63 81
97 8 26
15 3 99
55 40 78
27 18 46
77 76 97
39 92 90
82 80 40
18 1 49
78 69 90
65 14 94
14 96 16
56 55 66
15 99 68
18 98 23
59 10 80
94 48 64
57 30 30
19 91 68
45 79 41
54 48 65
51 37 58
91 34 84
53 3 15
33 1 17
50 60 73
36 7 61
99 33 38
18 96 96
23 20 84
73 87 13
34 47 86
59 14 14
26 19 96
10 79 97
27 38 4
38 23 84
32 7 52
18 20 53
14 14 79
55 71 74
27 44 37
4 4 88
81 4 81
14 46 87
45 66 74
88 83 67
83 61 91
28 42 31
49 6 44
74 98 32
37 39 84
46 68 38
31 21 38
36 1 65
22 10 36
91 29 35
8 33 19
37 73 22
10 21 63
77 21 14
48 72 73
20 98 21
56 44 39
64 64 66
96 29 96
5 27 67
73 81 35
31 10 36
6 40 3
91 65 51
7 45 34
98 3 47
64 43 64
20 54 56
17 26 11
12 81 48
93 1 96
61 11 86
93 31 73
14 58 40
45 57 53
59 14 16
30 65 19
84 73 32
83 4 72
84 67 45
68 88 95
30 42 89
66 53 90
79 57 22
97 98 91
86 48 67
34 69 10
51 44 99
52 40 63
3 80 10
66 92 83
52 85 5
70 30 85
70 29 50
8 93 11
19 94 5
86 23 66
95 93 26
20 79 22
25 70 93
2 81 30
40 27 93
5 75 50
2 20 57
88 73 62
9 64 60
82 68 83
76 93 42
94 53 59
62 44 13
40 94 22
49 72 72
64 43 63
46 23 83
68 30 56
32 96 26
57 34 89
91 20 39
72 11 97
25 86 62
34 70 44
99 69 91
44 9 70
85 42 92
83 51 28
71 30 84
39 54 52
9 3 73
38 3 7
32 54 83
86 76 71
44 0 75
93 94 20
86 97 4
56 54 90
44 65 19
76 20 9
0 89 1
66 61 47
91 53 53
90 87 58
0 53 32
55 56 97
56 2 73
79 85 35
74 70 25
72 6 74
6 86 4
7 74 78
60 56 70
17 60 2
91 52 82
65 6 21
11 68 65
31 74 50
69 47 66
60 20 38
88 57 68
56 27 6
20 15 2
69 92 32
66 77 39
92 33 85
29 13 7
78 27 75
14 40 25
31 42 76
82 6 30
61 30 51
52 71 21
57 93 75
66 10 60
79 61 75
97 39 86
41 60 3
93 34 97
57 10 6
12 27 27
53 32 3
67 37 7
79 31 25
86 64 95
15 71 4
28 62 47
67 62 45
57 99 29
10 35 64
9 31 1
59 61 14
24 66 33
28 91 98
51 38 25
30 66 46
76 50 74
0 94 41
62 44 98
41 16 70
3 39 23
12 81 65
93 90 48
1 30 79
61 63 24
76 75 32
68 35 61
53 34 4
7 26 87
46 23 82
82 31 22
51 24 89
43 11 25
33 9 59
10 23 82
21 64 53
33 60 97
92 83 77
52 83 83
61 84 35
93 80 1
40 74 86
62 39 73
81 56 93
43 6 68
47 50 59
55 14 19
99 55 79
12 76 17
16 78 89
88 81 33
37 64 86
13 97 53
2 75 46
91 89 57
65 74 86
33 44 88
0 5 87
57 73 81
31 65 33
93 54 58
3 38 39
97 48 53
48 79 66
22 12 54
75 9 28
66 35 9
40 13 10
84 85 40
40 3 77
30 55 21
77 22 48
81 28 48
15 32 21
52 85 45
26 93 37
97 6 8
75 36 13
9 54 78
45 58 76
22 28 60
53 99 71
93 4 36
10 50 94
53 76 8
86 93 5
90 88 58
53 45 56
84 76 19
43 70 18
41 52 17
81 87 78
77 64 96
7 19 55
10 59 57
98 23 40
39 55 51
1 8 82
30 14 6
9 73 0
20 37 8
40 93 23
43 92 52
57 72 65
16 93 94
34 11 8
73 98 71
99 46 88
34 36 53
64 37 92
36 13 96
19 48 30
94 46 22
35 66 95
31 94 89
42 31 89
99 22 66
72 90 59
61 56 35
22 84 39
55 12 19
37 82 54
77 25 66
31 33 33
94 89 58
40 37 41
30 27 83
38 81 80
13 66 46
85 44 93
2 68 10
5 5 98
76 4 85
7 58 19
83 7 29
92 5 17
70 76 48
85 76 24
53 6 99
47 83 9
18 55 72
54 87 16
28 40 6
45 32 4
46 71 35
0 29 81
89 27 20
32 75 57
22 98 70
6 72 8
58 65 60
85 22 31
37 62 25
3 35 73
33 77 56
18 2 8
3 73 65
49 55 91
41 3 76
76 39 76
5 44 68
65 66 26
7 28 50
9 75 30
42 93 23
7 37 89
85 8 62
69 25 10
6 29 85
48 84 10
32 18 23
37 45 1
93 40 61
39 29 17
51 81 68
65 57 90
24 4 63
51 27 49
88 86 41
2 88 50
5 78 67
56 99 51
20 1 48
57 35 24
87 74 62
99 76 91
75 93 44
54 0 25
31 79 72
96 12 94
46 9 19
13 42 83
8 47 0
17 80 69
46 1 74
83 58 59
6 62 28
36 40 62
78 98 66
94 6 99
42 92 23
64 27 80
44 93 24
55 92 2
73 61 74
84 78 31
44 91 95
95 28 23
8 18 98
49 20 17
2 87 85
0 52 8
56 71 89
77 28 85
52 8 43
35 51 64
43 56 91
10 76 31
68 78 76
87 75 46
18 54 84
98 66 31
70 67 10
31 64 34
40 43 74
80 8 61
64 17 15
5 98 20
16 3 7
83 15 84
38 50 87
39 60 92
70 80 12
26 72 16
49 87 44
24 80 26
61 71 9
20 83 39
2 68 8
2 43 24
77 57 63
85 9 86
88 71 60
35 54 58
16 13 46
40 54 94
48 71 36
54 10 64
14 61 81
61 64 76
93 47 5
5 24 66
80 91 88
2 47 98
75 54 82
82 29 23
84 43 93
69 19 39
38 91 90
1 77 87
10 8 94
20 33 91
52 76 7
72 46 10
0 95 46
69 36 27
47 52 1
56 84 18
6 23 67
88 71 53
9 0 55
61 71 81
88 13 97
36 76 12
50 7 15
74 33 2
61 32 23
93 85 49
5 36 87
34 36 90
39 49 37
3 18 7
62 0 77
28 8 42
53 53 24
93 65 29
65 36 53
46 5 59
66 46 94
58 52 37
82 40 14
78 24 16
66 86 68
14 12 29
92 76 72
84 87 94
53 44 77
96 58 62
50 21 34
67 70 80
26 68 93
75 63 66
9 22 46
56 71 97
69 59 42
16 16 7
66 99 8
99 49 19
43 60 43
40 2 77
70 6 12
26 82 49
7 31 42
64 10 5
77 52 27
93 84 51
58 27 69
52 82 98
13 34 38
38 92 23
74 2 60
31 63 4
4 50 29
86 69 44
17 65 71
37 35 91
22 48 64
97 95 88
6 18 72
8 35 18
16 72 16
63 71 98
35 35 71
13 43 42
6 36 88
78 51 62
46 67 11
96 12 96
85 42 85
84 20 30
86 49 66
81 98 39
45 86 83
32 7 38
45 13 39
8 19 97
27 68 14
84 95 50
48 23 33
43 48 86
75 20 9
17 87 22
61 67 82
49 91 76
56 90 34
24 11 93
17 75 20
68 43 73
87 68 88
20 27 6
17 18 48
53 91 51
61 25 75
5 82 4
76 71 26
27 63 78
58 64 55
85 99 53
97 5 59
80 35 79
68 63 44
13 21 7
72 9 18
65 64 67
4 25 26
31 87 71
63 51 36
24 31 1
19 51 86
64 72 31
27 22 32
5 5 89
47 61 19
71 89 61
16 20 23
73 44 9
14 65 51
79 15 73
96 31 11
98 96 96
76 8 37
46 97 49
42 52 40
31 53 82
86 75 61
28 90 49
23 48 21
35 95 94
75 77 62
99 27 7
60 93 69
95 44 6
56 93 76
31 70 32
45 31 47
77 50 54
19 33 56
49 97 41
25 42 74
91 15 27
40 63 52
38 67 52
53 25 36
51 5 62
14 65 46
61 80 24
23 92 47
5 28 85
52 14 6
83 46 39
36 59 84
5 51 31
60 44 97
23 52 15
43 99 74
91 47 35
4 69 72
24 76 3
94 6 67
24 8 52
52 6 45
3 73 49
18 79 68
91 16 11
15 59 40
83 36 29
96 29 95
73 10 30
31 3 76
2 62 91
50 77 45
29 65 45
51 25 76
72 86 14
7 94 27
52 37 63
75 90 26
20 59 5
1 71 83
38 6 43
15 13 78
85 16 3
8 23 6
4 21 55
9 30 0
73 36 22
72 8 20
37 75 59
35 24 41
76 45 91
56 11 63
77 54 27
51 40 9
95 38 41
54 81 61
15 49 94
93 47 4
13 26 14
15 37 80
41 24 42
84 41 83
72 33 21
57 70 84
93 28 76
43 62 25
15 84 36
11 69 71
43 2 74
30 42 96
12 62 7
14 14 33
22 14 47
47 9 56
8 92 10
92 22 96
52 95 12
67 66 30
8 38 90
20 47 21
97 50 18
40 96 92
28 85 78
97 11 50
39 23 12
14 12 19
24 52 42
35 13 29
99 51 27
68 40 49
55 43 98
25 91 46
40 78 77
6 60 75
64 39 97
54 54 71
0 1 8
85 46 84
77 41 72
42 60 6
73 21 65
42 49 90
66 49 22
98 12 92
30 47 68
38 16 85
50 91 92
65 85 14
34 67 94
73 97 31
37 20 46
55 34 89
76 37 29
94 40 64
12 93 73
95 51 54
31 11 32
47 26 60
71 80 67
3 31 54
15 18 44
99 41 0
57 63 78
82 83 70
80 72 38
22 55 49
59 52 9
80 77 76
95 6 74
37 24 85
76 99 88
45 71 35
84 69 44
67 4 48
36 38 43
95 6 68
55 87 67
44 80 72
13 62 4
25 2 76
11 47 22
39 53 79
46 68 92
10 65 90
55 66 63
84 77 26
4 61 26
1 99 39
41 48 52
52 16 94
40 50 41
50 22 42
6 93 28
52 93 51
29 20 26
38 86 50
3 26 66
22 18 22
2 67 39
16 53 56
89 47 83
69 65 40
44 96 36
77 77 76
30 95 88
62 69 99
85 61 30
92 81 20
5 51 70
11 72 86
91 8 92
2 89 84
42 95 37
87 32 82
64 56 70
69 12 61
24 25 49
59 20 2
71 59 95
76 70 48
30 22 35
63 93 91
41 24 68
14 77 77
1 66 54
6 30 86
31 66 9
35 67 11
3 71 77
58 16 67
88 2 13
99 96 94
16 58 32
48 42 51
96 99 92
15 61 82
28 19 26
84 60 92
20 82 11
2 76 82
77 43 58
26 18 95
64 24 53
50 24 75
76 65 96
43 90 81
8 82 33
75 16 49
54 11 65
97 8 85
22 33 27
53 73 75
17 74 21
71 55 91
60 73 41
60 23 63
16 75 79
75 50 84
89 73 81
39 68 89
18 14 80
19 82 53
98 97 93
79 33 44
15 38 16
59 99 4
80 38 56
30 14 7
51 26 77
90 11 77
28 17 76
92 34 25
65 73 30
39 55 95
94 5 69
18 69 50
4 50 32
27 31 72
34 58 97
71 66 74
96 72 41
90 21 40
43 46 49
51 45 87
12 79 43
69 66 18
93 52 13
94 18 29
17 1 5
2 27 26
83 21 96
4 68 8
32 15 67
15 34 12
45 68 94
16 5 57
41 18 24
96 13 96
44 14 41
48 2 89
4 63 50
22 94 57
80 69 57
32 28 46
98 95 70
55 36 75
79 71 38
83 47 77
14 22 2
21 27 43
34 68 11
11 15 73
56 32 35
30 39 61
12 67 45
44 83 60
61 93 59
80 1 12
58 96 39
45 69 49
5 17 73
86 68 13
63 12 84
3 86 86
79 0 82
41 40 25
9 9 97
37 79 29
68 46 19
72 57 8
47 32 10
43 74 30
57 94 80
89 50 63
9 65 73
74 47 73
31 70 9
75 96 77
83 28 24
35 77 17
97 37 55
16 37 80
7 61 26
27 59 53
30 15 48
1 12 32
4 81 32
28 91 49
58 60 12
86 33 51
59 39 85
78 36 56
18 70 40
86 69 99
59 73 43
79 69 65
27 43 44
54 29 71
24 29 84
88 89 33
19 51 28
37 7 62
96 80 39
19 74 96
98 84 49
24 87 62
70 17 66
6 56 32
68 1 83
7 54 3
76 73 26
27 7 80
8 3 14
26 77 29
20 84 10
44 33 3
10 72 16
29 61 47
56 74 45
85 45 83
0 41 32
43 23 22
63 82 59
13 97 52
95 30 13
34 0 44
57 42 96
48 75 15
37 63 26
75 76 63
33 36 24
69 88 96
0 92 17
31 22 67
40 37 77
33 63 66
98 16 62
78 64 42
73 32 21
88 72 63
82 60 71
26 48 21
63 14 24
4 63 92
11 97 91
50 32 11
48 24 28
98 90 50
3 75 82
25 38 96
76 69 62
31 46 59
12 81 49
17 43 87
88 82 39
64 2 48
51 47 78
17 93 95
20 13 60
51 6 80
0 87 3
77 57 23
25 3 8
76 75 54
44 47 43
58 26 31
86 94 6
40 98 61
72 11 95
1 82 62
73 27 9
76 95 7
28 14 99
88 90 34
97 79 35
96 57 2
48 6 85
82 94 78
71 29 83
8 64 74
73 50 7
75 16 38
84 75 94
52 7 52
43 2 33
20 99 33
86 76 16
28 65 55
73 43 95
59 71 50
70 21 84
2 79 40
69 99 6
20 49 36
67 6 85
47 67 93
65 96 90
13 37 71
0 55 81
59 7 76
46 97 37
1 90 19
40 23 35
39 84 96
27 9 77
7 10 52
49 37 23
49 74 15
54 1 26
67 27 62
95 29 68
21 7 11
51 51 8
60 56 20
96 37 19
26 16 8
25 51 42
16 5 9
32 17 96
50 11 82
20 32 31
57 15 67
17 82 55
30 28 48
2 20 42
55 13 21
18 41 91
32 5 86
44 90 7
60 73 94
77 41 16
17 27 4
98 26 67
19 74 32
87 47 43
68 69 81
34 94 84
20 14 3
58 34 99
54 13 27
27 93 37
34 97 86
61 55 83
63 94 91
42 67 15
65 40 47
70 68 10
81 82 69
84 41 54
63 66 71
59 30 22
57 94 81
43 93 51
1 68 53
44 67 64
42 62 23
21 84 37
39 7 43
35 80 52
15 45 7
76 10 97
45 51 67
37 46 21
34 40 16
74 60 84
90 20 96
57 37 60
80 48 94
42 3 99
82 33 43
38 93 61
46 45 51
77 97 5
26 12 27
21 33 80
78 76 16
22 89 10
83 49 29
41 16 25
22 84 87
91 51 81
51 98 10
99 68 16
29 20 95
78 5 82
32 64 34
48 80 9
19 67 29
22 53 64
52 55 0
5 65 47
41 26 33
2 10 21
10 11 23
48 69 72
23 46 95
36 4 82
30 0 19
69 69 86
93 63 52
47 8 94
40 14 11
12 61 82
64 24 93
0 48 8
58 32 29
32 51 66
27 98 93
52 92 50
15 16 75
42 24 55
81 87 31
62 83 29
51 28 49
87 12 56
56 90 73
31 25 51
9 46 52
78 80 25
36 9 12
0 4 80
17 59 82
70 56 49
28 63 81
29 47 67
22 90 9
93 51 45
48 18 23
43 81 51
0 49 91
11 24 40
4 41 74
25 41 75
32 42 98
37 44 39
57 57 48
7 81 63
15 66 95
79 62 88
31 43 44
26 35 82
81 68 14
40 7 80
45 53 54
85 44 6
91 26 21
92 49 94
67 24 19
12 58 42
6 32 43
50 66 81
84 40 86
64 28 59
48 70 31
41 92 9
0 19 22
79 43 96
4 6 89
25 65 28
63 8 19
33 80 20
61 75 53
10 92 10
78 45 13
91 86 58
66 89 13
30 85 27
33 0 63
35 39 97
94 11 22
48 66 44
85 99 26
30 21 24
17 82 49
55 10 64
50 62 70
82 48 28
92 83 19
79 33 43
74 23 86
65 20 45
4 73 64
90 99 54
41 54 95
48 99 38
83 37 41
34 65 77
56 25 97
86 0 84
35 40 74
4 69 65
14 1 41
78 4 8
24 58 64
35 19 84
31 8 93
58 21 25
69 90 3
95 37 17
16 77 10
42 47 51
70 78 59
44 1 74
20 58 7
22 94 77
47 19 3
89 68 84
47 31 11
77 32 33
31 23 89
81 30 72
71 24 50
52 17 55
92 40 62
82 60 70
64 15 69
55 8 41
46 98 36
56 9 63
83 32 38
16 3 58
89 56 67
16 65 96
2 52 9
5 63 49
10 54 32
58 13 15
7 2 73
98 77 92
34 97 94
19 79 60
66 12 76
33 50 69
23 89 71
55 79 55
8 35 32
92 88 81
71 89 59
35 79 48
76 16 49
46 57 0
43 64 62
34 61 26
29 72 2
97 0 8
51 95 11
25 25 42
10 17 14
24 2 9
19 53 93
77 4 83
7 24 24
43 13 42
7 62 95
25 44 46
10 96 91
41 27 94
84 10 73
15 55 67
10 96 90
49 99 10
8 83 38
98 86 62
21 36 1
75 92 1
19 51 49
61 43 78
43 24 23
54 43 99
69 4 13
45 96 65
48 93 81
53 54 73
48 25 58
88 28 20
40 18 83
49 76 62
83 79 39
29 92 99
35 83 61
49 35 22
69 95 52
89 76 91
58 66 67
87 26 2
14 91 37
47 20 46
69 65 17
79 12 36
83 85 41
38 50 36
58 52 96
28 57 95
88 12 59
33 52 1
96 85 69
24 94 44
43 47 80
1 48 92
15 54 38
33 23 25
49 57 94
8 30 1
27 17 61
21 71 23
27 75 30
50 5 79
24 73 98
54 71 39
32 20 23
10 71 84
5 38 76
72 49 8
76 77 73
47 86 52
82 99 38
26 50 4
89 24 6
24 34 59
48 70 90
88 66 73
43 78 41
78 73 6
83 13 99
29 3 48
24 48 22
51 84 30
31 6 52
5 64 29
26 10 63
55 2 72
73 44 47
20 52 13
21 50 17
76 18 33
22 13 99
79 47 24
78 25 17
45 65 18
81 8 75
26 65 38
62 55 44
30 89 47
92 39 76
7 76 64
51 34 9
16 14 94
49 69 85
46 37 73
62 55 35
42 63 25
21 84 78
50 12 72
92 27 22
23 93 77
82 98 38
20 97 78
33 49 74
38 3 23
42 55 85
4 66 99
98 84 6
33 86 70
16 2 58
15 18 46
36 16 60
34 54 38
67 91 63
34 4 88
7 11 52
64 67 70
69 77 48
77 60 9
94 62 94
27 95 11
48 39 59
69 85 19
25 11 19
36 21 59
23 66 2
38 94 66
19 84 11
28 85 25
29 45 68
74 36 10
98 11 48
76 47 76
6 2 74
55 53 89
61 57 51
92 63 52
94 7 71
3 26 3
97 51 18
68 64 60
31 73 58
95 7 69
24 3 7
95 30 11
66 18 16
6 62 27
17 45 28
40 46 26
32 44 89
98 61 50
40 85 14
67 26 60
42 68 22
63 53 35
34 63 26
52 32 98
65 61 88
78 72 5
62 1 76
13 26 89
77 56 12
0 70 66
35 53 37
21 12 45
97 41 29
14 10 69
79 25 19
29 16 76
27 90 97
24 70 95
31 13 6
42 56 92
60 24 62
46 88 44
47 22 81
20 1 47
71 7 75
64 6 70
32 6 51
2 77 82
33 59 98
9 75 28
55 58 3
80 92 72
37 88 40
32 93 90
66 65 31
5 49 33
19 67 28
74 30 10
18 54 92
48 75 45
30 25 50
29 85 33
12 36 70
87 3 0
41 55 93
51 14 63
66 45 77
86 22 68
10 22 38
7 52 44
79 44 97
48 72 15
17 54 0
86 31 52
81 60 9
91 22 41
80 44 25
65 23 41
87 96 48
36 63 28
78 18 85
98 1 48
62 8 85
56 31 19
94 64 52
42 65 65
21 10 66
34 41 40
27 83 50
13 5 58
15 10 47
67 46 38
10 94 8
77 93 40
44 31 3
80 15 72
62 18 14
78 8 98
75 49 73
17 82 95
20 1 50
56 30 18
61 0 16
13 39 25
65 26 18
51 32 78
87 5 0
10 38 52
26 17 14
49 77 46
69 1 67
49 93 21
51 45 78
75 72 27
61 99 10
48 37 52
98 64 50
57 93 49
24 98 14
72 61 57
93 46 5
68 42 66
52 43 98
66 43 60
22 18 31
52 71 35
61 90 20
40 75 30
17 79 88
36 21 62
46 53 73
58 36 59
88 15 47
30 89 43
92 53 59
99 22 86
78 8 19
14 31 70
58 83 49
49 20 95
92 90 58
58 4 38
40 2 4
68 79 0
24 99 38
95 7 72
76 62 1
29 95 89
30 58 93
72 30 23
16 79 91
61 22 63
18 13 24
94 73 78
5 51 68
43 63 24
65 45 19
91 19 81
39 32 80
57 83 59
63 31 84
81 90 89
67 33 33
36 32 65
85 6 88
31 0 21
19 4 78
73 69 46
58 41 5
70 80 60
10 97 98
38 61 91
60 30 25
39 34 22
6 30 50
82 30 43
77 40 95
50 45 77
51 77 1
70 26 26
18 68 80
47 71 14
46 97 38
62 25 76
62 74 32
20 64 54
76 31 62
57 32 63
36 39 85
77 3 17
74 44 26
15 45 87
60 37 35
59 7 12
35 46 21
67 61 75
71 89 60
64 97 53
43 14 68
65 53 61
40 5 99
46 96 72
1 85 76
59 64 54
95 85 38
41 56 42
4 31 53
37 27 70
63 2 25
89 65 74
56 0 23
93 63 23
51 7 80
52 82 69
99 88 2
44 70 50
66 17 17
9 20 65
92 52 12
15 22 4
80 14 6
53 91 92
19 68 30
88 24 5
17 70 32
18 0 34
65 23 83
76 2 17
6 8 64
38 36 42
54 68 84
21 30 39
89 83 29
37 17 88
54 17 42
15 12 22
96 70 3
36 3 88
40 74 31
36 56 59
82 23 14
27 83 8
24 53 64
77 23 16
30 21 67
91 37 91
62 2 32
23 32 2
23 42 25
40 89 67
62 72 18
67 8 48
95 40 42
30 19 99
41 32 58
28 48 69
53 26 32
14 5 58
24 31 68
44 89 7
86 56 45
53 61 1
70 16 29
33 17 5
62 1 26
85 63 23
16 95 22
17 30 19
12 21 68
67 46 61
3 42 75
71 75 75
41 4 0
30 15 84
25 63 78
85 77 18
86 63 2
15 80 91
87 9 21
95 36 18
69 42 67
57 24 93
4 26 97
26 4 59
99 2 52
92 40 58
82 76 55
57 6 75
61 92 70
0 19 48
15 45 88
45 42 85
64 75 13
32 4 52
62 55 15
25 71 96
61 92 48
52 20 51
24 45 82
52 23 85
85 60 29
79 68 91
0 94 15
31 34 69
29 71 1
3 26 86
17 4 91
56 33 83
51 39 20
37 45 2
53 41 63
70 9 26
46 88 46
9 34 65
20 31 38
51 82 30
49 20 43
68 21 40
78 7 63
0 47 64
13 13 19
30 73 90
28 65 47
25 48 21
7 43 4
86 6 52
0 97 56
22 17 78
26 73 65
10 87 24
80 41 28
79 14 7
74 75 88
7 51 28
72 33 2
63 96 92
82 75 56
42 50 51
68 94 51
23 34 59
66 16 50
24 89 17
20 94 95
27 85 77
88 83 29
88 68 83
4 75 50
73 53 39
14 5 0
71 54 90
15 19 45
63 78 24
48 76 45
82 69 32
62 58 83
36 37 8
93 91 83
27 17 79
