78 82 73
57 26 91
47 50 79
68 16 13
38 36 72
35 79 82
78 4 43
24 62 66
70 23 2
52 33 3
76 17 6
56 88 33
46 57 2
14 57 27
22 68 60
72 76 30
62 82 60
49 47 82
64 14 96
51 88 53
50 49 70
28 24 46
19 63 72
0 46 32
72 95 59
76 53 40
12 74 57
27 21 71
0 11 96
11 81 99
81 61 35
14 62 79
79 64 55
57 50 92
92 90 75
64 32 48
10 50 41
18 96 92
96 49 20
34 27 68
7 60 79
21 41 12
5 60 78
6 17 97
49 4 57
47 99 31
66 20 68
86 45 38
43 26 91
11 55 15
93 9 3
66 88 42
99 41 66
79 21 38
88 50 78
47 98 41
63 0 25
88 48 29
68 27 21
90 16 75
24 70 10
84 59 75
98 92 7
10 63 30
20 27 49
53 27 93
25 92 46
94 69 42
20 10 24
70 80 42
94 34 94
25 44 52
19 18 13
66 7 66
71 57 70
76 90 32
66 53 71
3 77 48
66 93 39
42 11 86
37 43 17
51 0 45
41 18 74
19 97 65
92 77 45
3 54 14
76 82 24
76 41 96
66 65 13
39 7 25
13 3 78
8 91 78
6 17 66
26 11 80
48 77 36
29 45 49
93 16 66
62 73 45
96 26 15
61 44 93
96 3 70
97 56 80
72 6 56
38 24 68
46 7 37
82 8 54
39 7 59
17 62 64
74 49 54
37 57 51
93 99 61
74 93 72
68 54 52
69 54 21
87 92 20
58 69 86
88 55 64
89 32 0
70 63 16
41 92 7
46 67 27
25 64 74
78 73 92
80 23 63
70 13 95
20 70 34
40 51 65
75 6 64
19 55 68
78 44 42
47 20 9
67 51 45
84 52 71
39 29 63
45 44 68
14 5 52
36 36 82
20 96 9
82 8 64
24 14 6
27 15 9
35 48 16
21 41 92
91 93 20
49 20 36
95 69 34
65 83 69
53 23 91
88 49 54
16 21 50
25 0 11
84 10 46
27 11 17
94 17 43
0 84 73
8 57 91
25 70 25
27 53 65
49 3 39
88 37 62
99 86 25
44 1 11
83 91 28
25 12 56
17 89 86
27 91 96
36 31 66
67 60 83
77 87 2
33 19 14
58 69 66
20 38 91
70 48 84
69 23 29
92 83 4
32 32 87
30 88 68
77 60 34
53 46 98
88 40 18
2 11 90
77 76 60
96 91 7
6 54 92
2 28 97
40 5 70
97 38 41
42 22 81
73 60 9
86 46 51
88 90 11
39 9 15
64 85 84
46 82 60
69 0 79
97 63 10
2 61 55
60 20 95
30 54 48
69 80 62
20 15 94
38 43 45
16 60 73
73 66 96
7 23 58
63 2 65
85 13 31
87 1 59
82 60 89
81 42 23
7 84 63
60 13 68
29 83 74
45 32 48
80 48 96
6 18 70
55 50 65
95 37 94
36 24 46
18 63 23
74 16 3
19 1 26
51 7 93
68 2 67
56 51 7
58 82 54
42 46 94
91 24 1
22 42 51
77 13 78
1 7 86
31 2 92
98 69 37
58 56 21
22 74 25
77 17 78
82 83 35
47 61 5
11 38 9
64 42 35
94 44 66
78 2 36
68 76 95
80 62 89
60 77 22
1 10 14
5 15 40
32 86 15
77 65 33
98 57 19
55 30 1
26 45 84
29 79 61
62 52 40
60 79 54
5 1 21
97 14 89
12 14 92
84 18 73
15 70 32
70 45 36
24 98 29
40 48 13
5 81 33
26 12 64
42 90 40
19 24 33
28 46 4
1 62 26
59 57 36
98 58 67
18 94 70
60 15 2
39 50 30
63 39 81
83 21 34
66 83 67
27 33 26
58 76 58
86 20 69
57 18 38
71 86 70
88 85 74
74 56 87
6 51 2
33 71 78
80 26 36
44 75 14
67 36 2
59 84 38
48 40 11
91 58 41
66 7 27
25 96 47
20 71 88
41 59 15
95 83 21
87 6 87
48 87 94
78 95 32
31 29 49
85 44 97
77 36 45
75 49 10
42 46 1
62 0 88
17 73 27
9 69 70
59 89 69
17 94 28
47 63 89
19 65 41
95 14 27
18 42 22
37 61 33
59 93 25
37 3 28
64 44 3
81 55 52
1 20 50
95 36 68
90 53 24
3 90 15
39 4 91
78 49 78
12 62 69
86 53 36
62 19 89
25 96 76
2 30 74
25 52 90
15 65 10
6 38 41
71 49 38
98 9 72
95 3 80
75 99 32
37 17 44
22 92 59
16 72 56
91 77 59
87 94 19
58 98 65
6 84 50
32 43 9
11 63 48
29 79 18
63 12 13
88 11 88
38 41 91
14 68 80
74 72 98
50 60 49
53 65 89
27 32 56
15 46 87
82 93 1
11 36 6
82 25 96
37 89 17
69 73 79
56 18 81
29 46 80
56 57 36
34 59 35
23 96 36
91 69 93
16 30 51
95 36 72
59 22 6
18 87 83
19 72 27
86 5 82
95 52 57
89 26 16
98 83 16
76 1 18
84 25 24
61 70 59
77 14 40
53 40 73
64 60 15
70 93 9
77 50 71
65 55 6
83 2 51
80 24 37
88 5 99
66 58 94
5 87 44
43 44 45
5 38 85
81 22 45
81 69 59
88 8 60
35 72 20
84 19 35
34 78 43
51 15 0
64 29 28
32 61 98
22 87 39
60 83 38
41 47 36
59 69 55
98 12 66
45 22 88
27 50 66
54 49 20
65 19 48
3 67 15
91 77 24
2 77 82
70 82 29
63 53 43
33 30 77
33 94 68
89 36 30
69 12 58
97 5 35
36 80 37
21 63 52
87 37 83
53 66 75
24 33 47
17 75 72
73 75 72
22 3 96
14 91 81
66 84 33
44 36 17
63 61 2
38 76 84
74 36 51
40 13 29
13 11 15
55 50 59
0 29 68
13 39 80
53 20 75
82 73 76
90 52 23
12 26 90
59 17 81
28 64 80
33 30 94
89 87 12
79 81 86
91 87 73
24 67 51
72 78 43
1 96 18
31 99 1
84 54 50
35 77 63
61 10 36
48 50 70
8 92 65
59 92 43
69 12 29
25 2 75
67 70 30
64 71 38
28 25 67
23 68 12
94 42 81
41 77 13
24 74 43
94 19 63
36 83 15
47 18 99
56 62 93
68 27 84
3 93 68
97 36 8
39 93 87
16 65 19
3 68 16
56 0 63
0 35 38
16 79 48
13 87 23
54 91 38
21 66 47
59 28 68
31 35 95
99 30 50
49 7 14
18 87 24
27 76 33
69 52 25
15 84 57
71 82 92
57 84 92
70 11 81
70 24 9
68 6 85
36 93 86
43 83 11
53 4 71
96 74 0
85 79 71
10 18 60
16 71 83
59 73 12
67 25 60
45 30 25
34 22 55
6 21 44
80 16 45
8 27 34
84 39 43
47 91 94
35 89 56
7 35 19
9 18 38
17 19 8
68 24 39
70 22 3
71 65 98
86 79 45
59 70 54
51 46 53
14 92 24
62 41 76
68 12 74
76 19 28
51 27 38
49 68 76
27 67 65
71 31 48
23 6 56
10 46 56
51 64 36
81 4 20
29 80 91
71 18 15
89 27 85
86 35 80
23 69 87
6 92 57
16 84 15
22 90 44
22 91 63
35 45 20
29 98 11
82 36 62
39 92 7
52 63 6
25 91 47
10 2 70
57 9 49
26 9 18
67 87 53
18 81 55
93 73 21
93 2 77
36 11 3
81 94 15
37 58 25
14 18 60
87 60 49
23 20 58
81 10 33
88 0 99
39 36 97
68 64 72
69 97 65
98 42 21
1 16 55
74 46 67
81 10 85
18 5 47
30 96 9
18 75 49
12 32 39
52 68 68
5 76 2
22 75 58
62 60 36
19 82 94
88 71 22
68 91 0
51 93 30
72 68 94
4 45 25
31 65 47
53 26 52
81 34 40
20 65 5
98 2 42
61 94 84
17 26 31
93 96 99
33 45 64
71 13 49
76 24 5
43 62 42
51 82 46
86 78 75
44 74 75
92 66 95
25 75 49
29 99 32
37 16 91
44 17 56
33 42 3
77 38 69
59 68 7
56 8 89
65 45 6
21 24 21
89 24 77
22 1 54
24 23 93
44 24 71
27 84 96
33 94 39
79 86 39
48 73 94
95 57 21
0 31 76
40 6 61
33 26 1
78 65 38
42 35 47
89 1 6
35 67 13
55 98 88
14 21 64
68 26 87
61 34 95
62 85 33
57 55 21
28 46 35
71 13 61
37 50 26
2 77 35
7 42 35
83 72 5
87 30 50
0 9 4
66 43 9
82 42 90
42 36 41
94 37 23
4 35 71
28 18 55
83 82 75
14 38 8
7 69 49
36 14 8
20 27 50
83 66 97
11 80 76
67 11 48
15 98 13
85 71 41
74 63 94
70 65 92
56 94 98
49 97 22
32 17 78
46 46 31
40 34 94
75 12 2
66 81 56
69 35 41
35 43 98
49 71 90
52 96 72
96 68 99
86 55 21
15 20 6
26 70 95
75 98 41
71 62 50
76 61 51
53 43 42
51 39 68
16 42 24
60 85 93
87 28 84
18 76 12
29 61 97
18 53 57
36 63 59
68 88 66
46 97 67
15 42 27
2 25 9
50 61 28
95 23 97
13 56 2
45 69 22
5 50 39
99 70 72
89 13 15
75 3 30
31 43 25
87 96 87
49 91 99
55 88 83
69 42 26
43 7 37
69 10 68
82 8 59
14 20 69
8 69 50
74 97 81
66 69 71
93 32 68
42 51 78
29 44 44
47 33 1
72 54 14
75 73 36
52 61 2
54 64 40
45 68 31
76 91 11
74 70 56
88 10 46
20 64 21
12 39 19
72 17 0
89 70 86
91 76 69
96 30 20
34 35 7
76 10 34
1 26 48
37 18 88
6 17 0
78 83 95
59 97 19
39 63 63
15 82 43
45 10 42
94 59 69
71 11 92
43 76 81
34 71 22
62 89 75
76 6 53
60 94 20
4 67 61
24 45 7
14 2 35
3 65 18
1 3 39
5 86 88
53 34 92
41 72 13
73 64 1
50 75 65
24 36 54
60 12 38
22 77 82
50 96 72
68 42 66
18 5 83
21 47 18
34 71 5
74 94 83
80 94 35
62 55 73
87 64 87
17 57 82
16 3 8
69 14 9
2 23 76
97 16 45
23 55 73
66 78 52
47 54 52
78 50 88
76 72 23
45 47 59
9 7 81
88 99 97
80 68 96
40 33 62
98 43 86
79 61 67
16 66 40
94 10 21
50 68 43
15 63 5
17 61 26
28 8 83
52 89 58
80 36 41
6 47 83
39 9 57
15 13 4
99 61 52
57 96 91
32 16 67
78 14 67
45 39 23
97 91 89
86 36 36
19 71 12
67 33 16
90 31 62
25 95 39
59 7 61
15 40 60
21 61 85
63 5 8
72 97 39
64 38 69
14 69 25
22 42 91
45 53 90
67 10 62
31 50 53
85 25 43
37 52 93
39 73 1
49 33 43
45 98 75
60 35 77
4 1 84
88 17 41
71 41 5
20 19 26
20 40 40
53 72 32
78 75 37
84 84 85
92 4 95
71 53 1
51 71 72
74 45 51
13 86 93
98 6 17
67 7 14
31 68 22
8 42 29
1 27 32
46 38 34
60 68 76
18 44 5
31 85 43
8 26 28
39 63 68
31 32 56
42 58 31
26 6 75
51 97 94
31 13 67
10 19 65
97 39 80
83 30 25
93 88 26
13 92 8
67 68 42
37 58 32
42 13 99
62 44 0
15 61 86
22 64 28
69 92 55
91 6 62
53 39 38
34 42 17
56 60 75
74 30 68
13 45 10
88 84 82
2 78 75
85 23 52
7 70 40
79 45 42
61 43 81
26 78 56
74 32 50
92 52 38
36 29 36
80 20 37
32 71 21
60 40 98
61 54 95
97 8 71
95 69 6
77 53 22
34 77 76
14 23 48
14 10 91
46 77 48
31 76 96
12 30 17
70 7 2
83 38 89
59 38 20
14 93 74
26 39 49
50 40 60
89 40 51
84 99 5
46 4 55
69 74 93
83 81 24
80 53 41
44 49 93
57 76 10
2 33 99
98 57 80
80 78 16
48 34 43
2 79 76
12 53 55
16 41 62
54 59 16
58 39 89
44 98 51
83 33 16
35 94 13
89 78 95
28 46 63
2 58 78
55 46 10
78 87 51
16 81 64
77 44 95
2 91 10
10 58 1
39 79 45
31 72 92
65 77 87
21 78 97
88 41 28
96 64 37
94 82 86
69 86 49
37 62 1
81 84 48
79 64 98
28 79 32
0 17 90
51 67 50
15 4 26
79 26 41
36 87 33
50 94 50
48 34 95
28 8 28
39 42 53
24 98 95
0 49 27
51 15 43
65 41 97
52 19 7
70 88 52
30 2 26
13 3 14
34 53 84
34 45 13
3 24 84
63 21 23
95 61 99
97 35 47
87 82 57
37 35 88
38 30 4
24 4 86
96 89 40
55 94 29
47 91 50
46 68 10
28 0 24
22 41 58
50 74 12
13 16 26
97 83 76
86 90 89
65 22 51
31 55 67
9 71 39
80 37 40
80 85 27
27 52 88
27 47 26
69 90 38
3 44 12
93 78 99
34 28 22
51 11 93
58 74 64
71 3 87
90 32 15
45 1 99
8 21 7
54 60 89
90 30 17
17 46 35
92 34 59
55 0 64
88 24 78
87 33 10
14 2 78
74 50 54
77 44 83
86 11 14
71 34 4
74 69 48
39 69 78
42 24 26
7 23 2
91 57 13
27 92 35
89 93 43
2 79 52
52 36 85
73 88 56
82 71 48
30 66 76
56 70 7
53 27 87
29 91 75
35 83 97
99 98 73
41 20 99
84 19 97
46 85 83
77 70 50
56 21 66
21 35 34
93 97 83
84 19 43
84 43 86
11 11 22
16 44 11
78 13 8
60 79 12
92 56 43
16 39 84
73 97 37
31 72 26
96 28 86
99 17 72
46 1 8
56 1 84
44 18 61
38 80 98
31 15 31
11 30 65
77 30 62
5 54 50
71 38 62
75 12 50
54 49 86
50 55 7
73 71 75
18 53 30
42 14 10
19 22 19
95 65 15
42 53 20
12 79 10
78 52 80
14 44 58
20 26 73
0 98 41
67 31 32
9 94 22
49 46 2
4 14 75
53 0 80
30 89 51
5 76 19
20 50 56
36 2 91
33 32 52
51 0 67
23 29 30
22 15 31
79 77 49
91 12 15
48 73 6
97 66 15
21 43 93
16 57 22
66 34 90
98 3 32
85 18 70
44 15 3
46 93 26
23 81 49
35 2 99
11 5 48
80 53 27
59 89 6
57 2 33
8 65 30
71 55 29
56 77 61
64 10 63
34 27 21
36 92 61
87 10 33
49 43 73
37 89 85
6 68 85
56 33 57
46 79 54
60 81 46
89 40 83
89 59 10
40 31 66
38 84 79
47 35 34
68 24 34
14 14 92
44 70 46
80 60 7
12 11 35
42 66 18
84 11 86
15 34 68
4 39 62
18 67 53
21 19 46
81 45 1
35 93 57
72 18 25
44 23 40
26 96 18
22 43 4
4 54 38
16 3 28
60 43 75
28 82 53
36 63 51
20 76 30
46 16 44
93 63 96
45 41 6
9 18 14
45 60 95
20 46 71
10 41 74
60 99 72
30 51 69
20 20 3
76 85 28
69 2 29
5 91 52
90 61 29
3 33 34
33 75 81
36 75 73
8 67 90
17 84 81
95 20 87
33 51 16
30 77 69
17 67 31
59 11 89
69 41 42
84 62 35
72 14 5
83 88 13
65 68 61
67 3 72
17 82 48
67 55 7
0 99 88
14 75 30
10 74 39
91 81 63
2 89 66
41 11 77
31 45 78
6 23 52
90 84 54
68 49 22
35 36 26
14 63 50
33 25 79
19 15 38
47 47 8
41 22 90
11 46 99
52 78 95
62 92 85
83 57 16
4 55 60
25 10 94
44 56 21
15 21 45
40 60 50
45 40 63
90 62 52
53 50 44
55 10 77
48 63 10
57 14 44
88 34 52
50 72 67
10 37 12
63 18 60
12 10 39
46 16 23
33 10 74
37 86 85
14 72 30
58 87 34
19 48 24
60 94 94
54 35 79
79 12 43
49 23 37
61 34 12
30 94 42
69 31 15
62 58 69
22 58 11
53 35 26
7 75 64
83 55 48
30 45 46
10 91 25
4 5 43
78 36 63
17 80 34
17 57 54
69 90 65
56 11 44
8 16 87
38 60 10
53 89 92
60 25 1
65 62 46
46 12 3
66 7 77
76 48 35
25 99 74
10 29 26
6 40 63
73 12 60
34 97 46
48 64 21
47 34 29
39 10 73
46 58 81
0 48 54
3 46 26
11 55 10
98 49 82
31 9 2
74 65 64
6 98 27
75 24 23
79 89 99
4 51 39
74 20 92
6 46 63
39 86 18
31 77 81
75 82 17
21 47 46
11 68 55
59 71 64
79 71 8
53 76 55
31 0 77
35 29 21
18 22 16
50 12 13
2 24 15
4 26 85
37 26 89
97 81 88
2 66 98
84 12 76
32 12 10
0 18 64
86 75 26
85 5 52
78 20 26
80 34 39
60 37 40
64 93 56
0 15 83
4 8 38
48 11 66
10 95 44
27 33 47
22 22 73
33 44 31
11 76 0
7 14 18
20 15 80
65 35 48
23 31 13
94 93 20
73 78 82
57 76 78
71 95 8
82 92 86
23 73 87
24 17 13
31 85 68
78 25 10
5 58 71
32 49 64
4 16 92
32 89 65
27 69 44
16 26 84
82 41 79
42 7 11
77 53 39
42 69 67
0 17 57
2 1 25
83 52 58
21 81 21
92 41 82
17 13 85
71 87 42
26 71 11
41 30 31
21 7 51
2 72 60
83 72 23
8 71 83
86 68 30
19 31 85
55 94 84
61 66 12
1 65 31
32 55 23
86 0 69
12 4 63
96 32 4
88 17 0
55 29 68
89 2 36
16 33 53
37 77 43
54 95 31
77 23 42
89 22 71
15 55 88
80 46 15
86 17 75
91 69 83
19 69 1
25 34 23
12 89 84
90 28 91
70 61 14
6 73 37
82 94 36
72 36 9
15 32 8
52 78 64
52 66 24
76 72 78
49 69 24
10 28 35
8 12 70
82 59 80
63 49 20
19 14 56
0 32 53
9 60 46
95 98 13
44 35 50
1 97 92
83 54 5
80 4 36
64 46 89
73 17 28
31 66 50
35 65 98
17 52 65
66 41 63
40 57 20
6 74 81
75 51 68
10 68 7
59 37 57
44 64 71
26 93 42
55 24 31
68 65 80
5 43 17
61 50 33
38 45 61
59 79 98
88 57 54
68 80 81
53 43 89
11 40 83
26 37 35
37 24 27
36 80 78
46 16 50
44 62 72
10 6 64
77 83 80
52 11 23
22 50 16
28 68 67
27 30 70
27 47 6
48 96 89
20 4 75
31 20 7
40 69 93
72 68 7
46 90 29
98 82 24
55 86 10
18 32 31
73 69 89
12 46 8
59 86 67
26 68 66
24 51 76
3 81 88
32 6 87
8 76 17
5 4 56
91 70 97
31 56 31
49 87 91
50 11 1
71 69 25
61 91 98
8 67 46
9 18 76
95 85 68
94 82 32
37 61 76
32 33 59
65 13 30
62 29 79
74 16 4
97 94 43
88 43 72
19 7 28
40 40 93
73 90 61
7 8 40
83 98 13
76 51 48
8 91 28
26 59 71
78 65 97
97 7 44
6 98 79
45 38 71
61 3 85
14 96 39
64 69 87
45 1 47
19 79 90
92 80 46
83 11 64
89 70 65
62 45 24
10 10 35
85 5 29
40 16 23
93 85 59
83 61 5
97 20 74
52 45 1
40 52 36
69 69 69
22 65 95
9 97 27
91 66 14
91 85 60
22 9 86
54 97 95
15 85 69
92 19 82
33 78 96
28 92 81
68 60 71
18 23 75
1 37 59
15 95 87
69 71 45
47 65 77
51 73 23
94 53 24
58 68 38
67 13 8
5 81 23
87 42 8
41 38 82
73 31 14
45 12 89
78 78 48
52 19 26
28 26 38
95 90 95
39 34 26
60 81 54
56 41 24
17 70 59
48 68 60
65 46 78
34 15 83
6 78 44
21 9 98
75 61 73
70 34 67
61 35 93
72 85 18
99 90 82
0 16 20
11 24 42
66 35 44
5 2 73
79 30 62
52 21 22
86 72 34
38 5 96
85 93 22
10 40 95
46 9 1
32 63 81
49 73 79
96 11 26
13 35 14
79 83 22
92 69 8
83 40 49
70 38 16
87 19 39
79 13 41
54 36 37
86 93 55
24 50 60
38 45 43
14 4 60
69 70 49
72 37 5
73 30 10
97 92 52
72 76 20
20 29 10
69 35 11
75 6 95
98 62 58
86 94 50
64 63 3
36 6 85
77 89 41
9 63 89
93 6 67
57 85 66
53 15 0
22 59 33
91 83 30
59 95 85
45 72 59
0 53 30
22 63 59
98 53 8
4 28 81
56 46 80
29 7 83
40 25 20
10 64 49
49 2 44
87 39 64
68 9 3
76 82 44
60 71 32
2 35 0
42 93 43
35 60 14
85 57 2
27 61 19
5 57 1
23 34 76
75 63 37
50 86 30
25 54 32
83 89 7
54 80 27
11 11 51
9 47 76
21 57 82
53 61 60
82 6 57
42 71 99
54 37 81
18 20 41
57 12 4
27 45 21
69 42 99
39 50 27
95 89 34
33 17 40
22 94 92
11 6 64
33 96 72
47 2 52
33 62 20
37 11 33
7 13 35
6 8 57
39 32 95
32 49 69
48 33 1
98 66 69
71 61 68
41 81 91
20 10 37
16 18 46
40 9 49
8 96 26
92 70 32
62 52 36
42 73 96
64 25 44
49 65 47
77 56 98
70 47 96
55 44 70
99 62 33
4 90 73
96 80 73
21 14 18
62 77 21
80 95 11
18 43 50
91 88 89
77 35 50
54 60 65
62 73 23
19 91 95
57 78 92
82 64 45
1 43 41
35 98 99
90 12 41
98 72 51
65 74 16
92 96 73
71 31 18
58 18 21
77 89 13
53 84 40
14 72 79
80 75 36
90 58 66
75 0 55
41 51 1
4 11 4
42 19 77
88 51 81
36 54 99
30 37 95
46 84 73
69 39 75
32 27 9
71 82 53
30 25 89
31 47 97
80 53 45
14 90 74
85 67 89
82 58 64
78 23 15
37 44 30
84 57 62
62 56 56
88 31 50
91 64 84
90 3 76
56 55 48
27 28 83
60 37 15
84 94 57
99 51 71
97 46 60
41 0 8
38 86 75
52 35 64
77 24 21
1 98 74
7 67 23
10 29 54
47 95 54
38 77 66
69 55 81
58 74 25
55 43 1
17 25 86
72 63 10
36 60 55
63 15 66
67 44 68
93 54 55
67 2 69
51 33 11
49 3 47
96 97 95
91 24 40
34 32 5
21 75 28
68 89 0
71 38 52
0 83 46
81 42 84
56 9 62
12 7 6
39 20 91
16 55 91
33 29 11
14 1 78
37 77 33
96 39 55
18 79 25
4 2 71
0 18 95
77 92 90
44 8 69
44 79 67
16 99 42
29 62 40
29 3 12
46 60 23
52 65 47
67 87 75
47 7 12
97 50 17
57 6 94
61 95 93
70 4 17
66 53 70
65 49 23
62 50 92
52 75 57
97 59 38
1 93 99
34 34 17
35 90 94
17 91 35
55 8 13
16 52 40
43 16 72
8 18 21
85 63 66
54 23 44
55 67 57
92 17 54
80 70 17
77 56 25
76 28 51
1 43 91
67 38 29
84 56 93
44 19 8
41 70 8
44 14 29
22 18 80
65 46 58
24 81 61
54 5 34
56 16 72
94 40 67
64 28 90
56 64 10
9 66 55
74 47 72
49 38 35
34 99 81
20 40 10
27 66 73
89 57 81
0 99 66
81 9 60
15 76 3
47 37 37
75 22 44
93 44 31
87 23 50
8 60 9
12 1 96
85 5 25
78 31 1
22 95 86
56 63 74
91 69 70
44 3 56
21 98 85
84 13 63
26 91 46
95 9 48
2 97 70
75 30 79
75 43 64
69 16 12
60 98 58
6 40 9
73 46 77
16 13 28
75 40 26
60 83 3
89 42 33
51 55 25
27 46 27
7 22 57
96 36 68
18 96 93
33 1 76
40 24 54
79 12 66
17 26 22
58 99 86
51 93 99
8 16 41
0 93 81
54 41 79
8 83 83
60 31 69
32 79 42
88 83 17
25 85 26
66 26 6
1 90 92
21 93 93
28 27 68
53 16 65
51 94 27
29 36 29
88 12 68
85 85 45
20 49 83
99 21 64
53 77 62
61 77 99
54 88 61
37 52 21
33 67 51
75 85 44
83 39 24
12 25 21
21 12 9
87 36 31
62 22 21
76 39 27
64 76 4
17 73 23
22 68 29
71 37 23
84 30 99
10 25 44
19 27 34
78 11 68
23 2 82
54 45 82
58 98 18
15 24 47
79 40 75
57 76 59
32 97 75
64 68 72
47 22 31
58 17 94
80 48 16
33 72 23
81 12 5
96 18 24
68 94 31
88 76 20
9 92 4
8 68 5
0 92 15
27 18 35
1 29 83
32 46 86
18 18 6
20 39 22
37 56 81
54 8 89
28 33 69
33 43 48
77 27 40
46 40 25
87 2 45
58 64 32
89 57 42
86 91 41
89 80 70
19 28 70
41 63 39
23 1 46
75 2 70
88 56 86
55 15 22
18 27 11
92 9 82
29 76 12
20 39 87
0 23 10
22 79 32
35 80 33
80 21 31
29 75 79
85 38 66
59 10 84
17 82 22
52 91 11
0 40 11
68 37 45
36 46 6
65 7 53
55 58 31
9 76 28
34 2 88
14 30 79
26 72 25
79 94 61
53 19 17
17 87 14
58 86 53
66 26 54
50 43 4
76 36 83
99 37 53
8 18 82
39 41 9
77 53 13
13 49 32
36 51 22
81 52 73
87 87 72
69 70 57
41 74 22
81 73 50
36 38 76
88 9 82
45 31 62
23 10 0
15 61 38
13 41 5
61 53 55
63 35 57
53 52 61
86 3 62
5 93 43
33 96 14
71 9 14
60 69 24
71 95 44
80 56 59
55 28 85
17 66 18
62 54 71
84 41 36
57 7 11
33 1 19
30 95 97
89 85 19
17 98 59
63 40 49
72 96 80
44 15 94
71 53 99
73 36 5
67 48 81
83 55 8
70 44 94
42 47 58
54 57 86
21 69 96
58 19 35
11 67 73
97 59 58
89 59 54
93 26 66
3 50 34
1 71 88
91 74 98
10 77 26
74 89 67
57 11 97
25 76 33
43 98 47
20 30 98
42 72 86
93 46 29
23 55 86
20 62 58
48 10 83
85 15 72
8 83 30
34 89 12
99 0 57
45 46 52
59 93 90
69 47 68
84 37 45
77 68 36
11 1 38
47 39 75
61 54 35
74 57 83
95 1 35
83 21 60
85 66 60
16 97 53
78 85 66
33 15 35
11 9 70
51 64 83
10 53 27
34 9 42
61 21 84
52 48 46
85 25 63
36 38 20
31 7 29
8 95 32
10 86 22
3 66 67
61 3 6
49 67 30
95 22 59
51 9 1
41 56 98
31 26 74
80 67 78
41 84 65
8 88 23
99 78 76
78 54 61
71 10 97
2 92 25
69 93 97
67 92 82
22 60 63
33 95 25
76 77 58
90 76 29
22 79 76
64 9 24
33 3 72
44 31 92
48 94 78
23 36 27
90 74 48
54 27 11
60 12 4
1 83 39
48 23 59
50 63 33
24 58 93
98 2 9
44 46 63
67 96 69
96 87 11
48 34 34
37 76 42
52 57 24
30 48 28
52 33 76
40 34 71
6 88 66
46 23 15
65 43 62
90 56 64
62 15 99
74 21 11
10 37 20
82 5 48
47 64 83
89 93 95
62 78 13
26 59 69
51 41 57
18 86 10
75 14 72
64 20 78
99 79 94
20 98 6
95 41 43
10 29 68
41 83 29
90 72 75
92 17 13
42 26 2
12 60 31
16 37 69
38 90 73
61 82 61
79 68 76
53 90 79
32 5 48
41 15 45
83 16 78
77 18 98
29 77 93
58 56 35
99 47 61
65 51 45
36 29 0
21 25 24
97 42 47
98 28 70
44 18 28
13 33 22
39 45 62
69 44 24
93 25 21
21 48 3
76 39 7
59 24 47
37 25 25
16 88 45
52 42 0
87 85 63
78 10 28
45 31 46
96 66 5
54 51 21
8 20 47
64 93 96
26 45 4
61 12 53
63 44 72
32 25 44
79 61 24
82 5 7
66 65 71
38 49 17
98 85 66
80 83 41
81 1 14
17 12 18
99 10 69
71 10 29
48 30 33
68 86 52
19 0 90
90 51 59
76 49 3
24 22 76
7 17 98
25 77 49
40 54 8
16 45 71
72 73 56
4 82 37
81 42 75
75 59 21
95 30 5
47 26 43
79 86 17
51 82 81
70 59 68
58 33 77
50 76 44
21 86 25
63 79 58
69 29 42
77 14 94
74 83 67
10 22 55
80 58 56
88 51 59
35 48 91
66 97 55
24 21 96
5 26 73
2 7 83
32 78 30
31 62 29
69 87 63
3 97 20
25 43 12
99 74 82
72 36 91
96 34 97
18 51 97
37 95 16
29 68 82
11 69 18
53 52 38
9 8 87
83 59 29
49 57 62
21 73 78
52 17 57
96 92 4
65 5 87
87 51 28
63 78 82
65 33 15
67 71 37
43 56 81
48 36 53
40 33 36
20 14 49
13 78 8
47 22 24
48 45 99
48 62 15
68 51 82
66 87 44
84 36 30
65 67 95
51 90 98
11 90 97
38 96 29
55 69 79
75 13 97
47 40 61
49 99 53
19 93 4
14 33 57
64 38 10
58 58 48
54 10 62
79 77 56
76 8 42
42 98 54
36 1 37
34 56 94
29 6 58
24 18 53
19 17 32
79 84 5
22 23 13
51 64 21
99 33 33
79 83 1
54 56 95
36 27 78
94 69 44
65 75 83
50 61 64
49 81 88
28 73 3
79 39 59
60 77 31
39 51 19
86 16 64
12 11 73
86 26 62
70 62 24
25 27 77
29 88 61
78 99 66
80 31 91
22 70 98
62 10 4
7 27 9
78 28 23
40 24 79
78 13 29
6 91 74
36 68 21
90 3 3
95 98 22
84 72 26
90 27 12
81 75 39
4 46 8
11 90 94
71 6 46
58 95 75
89 89 35
53 92 98
94 69 20
37 40 32
80 56 88
57 58 73
55 66 79
6 13 91
76 9 25
56 57 2
73 28 73
69 88 53
72 53 34
70 57 39
83 79 56
25 12 73
77 3 32
63 76 62
83 39 19
65 53 77
75 37 11
55 22 69
12 99 11
23 93 16
48 66 12
65 81 52
54 94 98
99 36 52
82 36 46
74 18 91
47 87 15
23 64 11
28 3 67
95 21 93
37 57 3
95 84 55
0 54 56
6 2 12
19 21 24
41 29 83
99 78 23
81 43 76
7 56 98
40 69 92
83 15 88
44 17 23
62 66 19
17 7 63
9 66 61
39 46 1
99 85 27
52 46 12
57 14 15
3 81 28
97 3 64
92 56 20
62 86 62
39 20 69
71 16 28
66 57 94
61 39 54
94 53 91
38 10 69
15 30 75
78 55 65
33 4 21
33 12 92
51 89 95
60 90 54
11 61 33
39 13 27
82 68 0
61 50 30
24 83 25
12 51 49
68 71 43
16 86 97
76 73 10
86 67 60
58 87 25
54 52 6
85 69 47
50 71 3
15 0 58
27 62 27
6 17 48
70 55 76
36 27 4
17 11 11
22 15 88
69 44 26
23 0 13
43 51 9
2 53 1
24 97 85
41 17 58
44 60 10
12 75 91
28 46 59
33 83 55
84 21 76
14 42 97
66 32 65
18 34 22
70 72 7
86 16 68
49 35 89
49 10 80
0 77 6
27 88 67
48 71 39
63 70 86
65 42 72
2 63 25
45 30 42
10 2 47
80 61 18
55 52 58
49 27 95
78 79 81
34 44 85
54 10 40
84 55 29
86 65 84
96 20 32
55 98 82
72 92 92
80 12 26
80 45 21
29 32 8
8 80 84
33 36 31
6 45 69
22 7 23
72 8 5
48 19 4
44 60 1
55 58 45
64 33 21
82 73 86
7 75 76
63 77 44
9 90 34
80 80 37
7 6 66
56 95 57
66 2 91
89 59 40
75 30 1
42 78 82
68 92 36
81 53 30
35 12 36
76 71 19
13 89 57
83 95 90
73 33 89
8 48 98
49 11 39
39 89 21
89 67 90
39 34 75
26 71 46
60 88 1
67 55 49
35 12 51
51 85 62
61 45 30
37 89 13
19 13 11
71 15 91
97 49 37
34 69 86
43 76 61
76 39 24
9 6 3
31 67 47
64 0 59
18 29 60
59 40 65
96 68 73
2 41 99
72 10 87
49 61 74
38 77 99
74 88 47
83 23 30
33 29 6
10 79 68
68 29 24
25 25 29
87 90 73
23 83 86
74 70 8
47 11 5
6 13 71
16 47 88
75 35 66
0 8 75
71 13 34
84 61 65
15 77 39
25 0 39
16 78 74
37 83 35
78 30 57
47 21 33
16 26 21
26 57 0
97 93 88
52 1 31
15 87 6
42 97 40
61 18 24
42 12 44
72 96 45
9 9 22
33 85 37
59 38 83
30 13 71
24 44 32
91 78 8
48 47 77
55 8 44
82 83 51
24 69 39
69 3 7
49 50 87
31 67 85
89 3 38
25 40 21
19 94 21
78 56 9
96 33 23
66 0 5
2 14 62
36 2 89
15 98 11
15 58 86
3 11 25
98 22 4
16 18 77
55 49 40
91 4 80
73 81 23
10 25 91
91 35 34
9 0 64
48 46 78
80 18 79
67 78 66
29 36 63
38 98 17
73 18 76
72 76 99
40 41 87
81 48 13
59 13 61
52 11 34
15 28 3
47 96 0
8 37 5
88 81 45
29 95 80
95 23 59
89 2 37
91 49 32
12 91 38
31 31 8
91 70 16
20 5 75
26 52 61
44 22 4
73 67 64
95 4 92
38 84 5
97 32 67
50 11 88
83 9 83
95 24 19
94 38 38
79 92 43
75 65 29
31 8 16
12 52 16
60 22 91
2 70 42
83 17 10
31 7 98
5 78 64
70 87 69
23 11 91
78 89 38
92 50 50
8 40 26
42 17 94
62 28 23
56 98 53
85 62 42
59 1 73
79 94 2
9 40 74
93 81 78
3 42 83
88 93 22
50 14 96
56 98 24
79 29 88
85 46 29
57 9 15
70 50 30
17 94 60
6 34 95
91 68 11
7 89 44
89 70 34
45 77 85
15 94 93
68 71 46
45 50 50
64 61 29
22 51 20
31 71 5
90 95 91
50 33 26
9 68 11
73 92 87
5 75 27
51 14 16
42 49 19
78 89 47
69 76 91
31 61 4
46 25 29
56 31 44
55 8 12
70 53 80
92 40 71
77 38 70
46 90 22
57 29 69
87 26 76
70 7 19
73 5 9
11 24 55
88 78 58
62 93 63
11 92 83
72 98 76
67 31 20
23 61 84
71 39 52
28 51 84
23 29 22
23 80 48
78 19 50
97 48 75
64 35 41
1 25 82
40 92 44
85 15 31
15 59 27
27 56 43
56 41 79
91 35 27
54 80 88
53 49 81
59 48 45
71 31 10
81 46 8
34 26 87
52 4 41
44 77 28
25 65 98
54 53 21
90 57 92
2 51 40
49 79 29
12 19 26
44 11 49
44 93 11
32 31 42
49 51 74
63 70 67
66 86 69
63 47 24
25 91 74
68 84 23
98 88 96
69 61 93
38 95 42
30 95 82
34 95 99
61 90 84
63 71 22
49 0 76
95 5 36
27 91 99
91 53 21
2 50 48
38 18 24
59 13 87
15 41 33
55 20 39
37 87 95
59 86 66
75 92 69
71 76 84
40 94 27
46 14 45
99 83 55
43 26 76
30 50 42
15 94 57
80 66 42
70 93 11
52 21 17
26 60 17
8 96 54
61 65 89
36 6 45
41 46 63
95 39 34
71 13 83
21 47 65
96 71 6
7 53 86
71 60 88
81 4 31
88 11 27
57 22 5
57 86 25
23 50 48
16 99 26
92 29 18
71 70 49
93 76 53
6 7 42
30 87 21
16 76 96
21 60 15
42 11 59
11 24 16
61 96 66
68 66 90
98 17 29
11 69 72
9 75 43
64 68 78
21 35 0
80 13 58
30 79 76
19 76 74
5 73 84
34 43 20
12 15 36
93 48 99
81 80 33
0 83 96
11 25 23
21 50 34
54 65 22
45 16 34
66 47 53
80 9 54
52 63 99
33 12 82
89 6 61
48 40 53
49 67 70
36 61 71
70 32 77
40 57 89
83 10 66
6 75 64
70 1 25
73 79 88
36 44 25
46 89 45
9 98 29
25 0 7
4 85 64
76 10 15
47 58 42
75 48 79
84 93 14
30 55 1
59 61 92
74 24 18
8 72 2
31 11 0
3 38 2
7 63 30
37 76 40
81 53 61
11 98 60
21 73 50
81 66 60
69 13 62
1 40 63
13 91 0
84 45 52
94 3 86
63 74 0
29 43 3
70 38 70
91 1 84
61 22 96
70 42 28
45 79 3
64 72 95
36 27 35
46 85 45
68 61 94
82 46 23
9 28 23
41 70 64
57 83 70
42 94 26
89 92 41
14 12 21
86 56 35
72 56 29
56 25 81
41 79 93
65 41 39
41 90 7
72 69 50
93 71 98
41 3 69
56 17 13
93 53 5
60 62 41
90 0 87
0 0 21
1 21 19
27 57 67
57 57 22
39 5 89
21 57 94
19 32 10
3 16 59
27 3 38
34 81 72
33 25 12
63 84 53
18 12 41
29 27 23
39 26 60
68 62 64
13 6 26
90 20 41
86 97 9
25 55 63
46 52 87
74 4 10
68 18 82
19 68 93
74 15 14
16 76 15
52 64 24
30 84 14
25 11 15
53 48 7
89 72 51
31 7 84
90 75 87
66 84 93
29 11 10
57 61 42
45 98 13
95 72 23
89 62 67
54 17 17
50 60 50
27 19 97
62 27 96
93 83 76
64 10 8
95 22 19
81 35 41
51 99 68
9 87 89
22 13 78
38 10 86
91 46 10
44 61 2
6 49 7
31 87 53
59 27 98
96 75 70
65 95 76
60 29 25
47 61 24
33 24 77
92 23 16
76 81 32
27 46 8
3 80 11
77 98 54
35 33 48
32 81 32
25 22 82
64 57 33
90 17 4
77 48 3
43 56 37
40 39 32
6 14 51
34 76 37
16 51 9
62 11 26
81 48 47
64 74 14
41 61 40
9 61 25
31 90 36
11 90 61
64 9 4
91 45 46
22 19 1
95 56 67
10 1 63
85 32 65
47 18 8
65 96 26
61 90 16
32 16 35
12 21 90
4 41 11
4 91 98
89 66 22
9 63 46
57 39 14
57 3 26
28 0 72
65 70 89
19 10 81
14 45 14
7 37 49
47 15 11
33 71 68
4 20 99
95 80 69
68 75 85
52 42 31
75 76 58
52 41 57
98 69 26
72 14 73
63 48 24
27 20 55
98 84 48
69 84 53
27 33 60
21 25 7
95 62 5
94 88 98
52 90 69
46 3 97
22 69 74
86 18 65
84 33 25
57 76 40
98 10 95
53 62 56
19 97 16
74 97 66
23 21 49
21 67 50
38 51 44
48 46 32
95 79 73
79 16 34
50 96 35
56 17 77
35 94 14
34 15 27
18 50 55
25 92 15
36 99 15
80 54 3
68 77 36
4 90 42
83 20 3
98 39 64
68 60 22
3 43 78
89 49 97
58 13 83
18 37 7
96 17 40
41 14 58
50 93 6
68 72 27
13 6 68
9 1 51
29 49 68
20 40 9
28 23 90
78 78 76
61 86 25
43 85 71
15 48 5
98 56 29
52 15 59
83 51 89
75 31 13
41 22 35
36 67 55
66 31 23
75 38 69
63 57 10
46 59 51
82 46 67
88 1 8
43 74 19
62 51 19
78 19 74
87 17 59
66 35 41
1 27 68
24 90 7
80 57 85
66 63 13
77 12 92
42 48 81
26 70 9
59 81 89
24 40 1
67 3 36
87 94 97
1 50 85
45 90 82
14 34 58
3 20 13
71 2 26
80 40 75
99 52 79
96 80 43
46 54 98
48 68 47
57 51 25
61 18 72
39 89 25
9 57 30
35 45 87
4 11 36
66 11 33
21 18 57
55 89 46
73 99 25
65 94 14
43 72 67
84 72 99
36 75 68
17 42 49
45 1 39
29 67 48
48 9 79
5 32 73
35 85 63
1 99 44
44 34 27
26 1 77
80 94 51
18 78 0
7 29 96
86 8 71
73 12 22
15 14 77
29 72 40
57 42 40
61 65 10
32 37 75
88 22 59
79 62 98
44 96 26
94 17 33
36 51 15
37 45 30
58 88 41
16 30 44
61 90 4
87 27 26
62 17 72
0 44 82
78 69 21
58 45 4
24 25 31
71 83 79
92 55 26
51 25 54
16 25 54
24 89 42
40 47 19
65 6 19
99 68 8
33 83 98
67 71 62
4 61 91
44 72 66
32 50 5
32 50 39
83 8 60
39 14 75
33 56 99
49 95 3
83 57 2
30 17 60
78 86 2
20 86 85
35 34 42
33 90 47
60 36 27
13 7 69
74 75 4
48 77 85
2 41 33
22 68 28
88 1 20
95 57 18
83 82 68
69 88 20
93 56 1
89 72 50
11 16 4
75 71 44
73 94 41
48 3 93
6 97 94
10 49 34
74 41 93
88 11 46
77 74 3
50 14 14
7 24 84
14 99 85
92 65 1
50 75 41
82 55 95
82 9 24
63 56 79
21 50 53
39 94 91
91 52 70
24 92 20
18 58 72
43 40 48
66 26 92
21 77 34
3 2 16
31 5 95
4 62 72
12 43 67
51 48 27
78 17 30
86 39 93
69 51 35
57 15 84
51 11 20
96 38 45
21 17 82
10 40 41
59 13 9
3 97 53
63 34 83
20 6 30
57 49 75
15 32 9
41 97 68
82 4 37
98 86 93
6 29 82
85 78 83
45 70 30
84 92 40
28 73 96
2 38 11
64 39 54
16 27 47
0 63 25
40 91 70
77 42 44
92 31 67
17 77 87
66 97 40
14 49 0
75 52 28
9 83 62
90 42 39
15 24 7
82 11 95
50 63 83
40 73 37
70 44 27
81 22 7
29 47 55
69 57 41
77 35 36
3 56 5
82 28 27
87 28 75
78 88 85
22 26 73
61 8 8
25 67 94
8 17 57
5 90 32
67 3 57
84 62 29
41 96 92
54 43 85
26 8 14
17 3 62
22 29 16
70 51 77
3 99 17
77 26 97
21 41 48
16 81 91
48 50 12
72 92 19
60 28 35
31 65 58
32 64 67
11 82 44
65 32 25
31 10 71
80 92 84
86 28 6
22 60 2
38 25 94
38 51 49
69 87 87
12 60 97
47 40 65
72 43 34
97 42 30
49 26 91
38 94 1
17 81 76
87 74 93
59 70 30
17 6 52
67 91 15
87 58 81
35 29 46
50 3 42
90 68 27
2 58 62
54 51 26
1 37 17
70 93 61
44 19 11
30 52 56
60 77 10
32 66 46
67 79 39
74 22 87
2 89 86
48 99 26
20 51 18
37 87 80
54 29 8
21 52 99
25 49 26
26 72 32
7 29 54
84 41 88
41 85 92
13 58 7
28 7 76
9 79 88
97 62 79
93 47 43
90 17 0
7 59 29
45 27 53
78 41 96
44 31 21
37 93 94
31 96 58
17 61 28
68 34 40
82 26 83
86 77 22
85 82 93
27 36 85
27 87 55
41 54 64
11 99 75
1 80 38
90 84 1
25 69 68
4 28 3
92 35 31
46 85 87
60 89 65
36 66 55
53 79 95
91 99 65
59 89 21
88 10 60
7 47 61
14 78 96
52 66 85
50 76 27
32 92 82
12 77 90
91 5 27
19 25 78
39 46 26
88 26 90
70 9 66
23 44 46
72 51 43
78 35 19
70 20 81
32 53 13
89 20 17
39 32 4
2 11 13
83 5 94
5 82 95
11 66 71
90 64 36
40 88 85
64 23 47
86 56 9
10 5 6
34 60 40
25 8 42
74 61 32
65 56 40
80 59 12
74 9 99
99 7 46
62 61 36
41 67 0
31 89 40
36 78 55
56 72 53
57 24 3
49 35 19
72 83 13
66 29 17
6 37 20
93 80 17
70 62 5
94 96 36
45 90 37
39 8 88
47 90 61
62 80 15
15 17 93
99 50 1
7 78 80
18 87 23
94 53 67
32 26 92
24 52 4
25 92 31
40 43 43
1 3 44
97 74 18
21 42 64
16 37 62
95 17 93
34 18 48
0 26 13
23 21 5
53 66 78
20 35 67
41 74 98
88 42 13
89 14 58
51 83 27
94 25 55
48 27 0
49 26 96
21 3 3
67 73 4
86 29 19
8 16 50
24 52 55
98 5 10
28 92 1
30 54 83
70 56 51
19 71 69
20 90 83
93 32 34
84 38 44
1 54 18
68 0 5
68 65 13
75 28 49
94 25 23
93 84 1
11 45 28
87 14 62
8 65 68
96 65 70
38 32 92
42 91 49
76 89 23
17 51 57
20 58 56
11 16 51
1 91 92
0 78 13
26 66 19
50 51 29
61 51 33
5 5 28
33 71 75
76 18 12
87 45 85
98 89 61
83 92 14
73 33 92
81 67 24
15 35 11
92 45 72
74 33 67
64 77 38
44 50 12
26 70 73
47 0 27
0 33 71
5 65 39
38 30 56
42 24 33
53 71 60
45 95 49
84 91 73
51 59 97
26 61 99
70 4 93
48 17 27
39 12 86
65 98 62
69 70 95
62 46 62
35 24 17
16 60 99
79 0 61
61 26 95
70 18 91
78 69 9
31 0 39
79 88 21
81 61 53
16 28 6
88 66 85
62 34 82
3 25 99
44 4 54
1 86 14
95 22 83
64 96 35
51 37 49
64 78 43
86 57 98
19 71 40
89 86 43
37 82 92
54 50 75
95 79 30
31 40 36
30 56 11
99 38 53
49 82 8
66 64 48
97 50 55
61 28 49
22 68 19
11 77 17
91 96 19
2 59 71
9 14 21
95 36 97
19 34 92
62 53 85
9 64 21
32 88 47
36 89 78
37 80 19
77 4 71
81 47 87
40 4 41
36 78 82
52 31 63
76 53 55
35 56 8
6 99 52
11 76 72
2 16 42
0 94 94
45 97 50
78 47 26
30 36 68
81 44 23
35 15 66
51 92 0
33 74 90
69 4 39
72 43 90
84 28 24
39 10 77
25 34 96
12 38 50
63 19 27
86 55 33
55 8 94
51 5 0
68 13 11
48 73 59
70 98 6
84 10 86
2 75 45
1 58 30
80 31 62
5 80 63
44 95 17
66 21 32
13 72 23
70 56 8
62 0 89
94 28 80
38 83 22
41 30 63
13 57 38
84 40 96
35 33 28
13 18 48
96 65 55
49 15 9
13 9 23
59 1 68
72 85 73
54 52 25
34 34 32
53 50 74
67 54 48
89 21 84
40 22 17
63 61 33
97 85 73
69 45 92
29 79 74
5 56 52
88 10 76
85 76 18
92 23 6
4 86 75
2 86 33
49 88 21
65 91 91
89 97 81
45 25 19
33 64 3
98 34 32
45 88 8
86 95 21
26 71 68
61 84 79
77 69 17
42 55 77
11 2 53
55 2 60
9 16 47
22 44 47
53 64 43
35 46 35
30 98 65
14 61 94
49 51 93
2 98 15
60 69 82
29 12 91
76 97 6
43 98 5
73 96 84
45 34 69
1 90 81
86 46 15
54 42 89
49 82 18
52 39 97
43 50 77
99 67 81
96 12 98
45 1 68
24 56 4
29 39 79
83 67 85
52 76 50
84 88 92
14 38 12
10 4 75
90 24 92
53 14 5
46 64 55
35 43 27
4 7 24
52 29 26
64 40 43
83 42 75
50 45 68
39 87 28
72 63 33
15 37 16
66 54 14
69 12 99
8 22 37
13 81 14
65 85 84
90 96 96
67 92 6
9 16 34
75 66 13
4 17 5
66 26 60
2 1 50
96 92 24
18 64 70
40 72 77
39 24 99
80 88 15
50 97 18
82 30 42
20 38 34
52 64 79
99 25 48
17 83 53
17 77 93
5 35 18
41 8 77
58 4 75
26 86 84
78 67 72
71 74 54
21 76 81
96 89 17
87 93 35
48 28 73
33 22 57
4 34 30
43 14 93
87 36 85
80 14 64
77 93 41
34 22 27
95 30 55
36 84 65
39 7 90
82 43 70
23 89 24
75 54 87
28 12 38
46 7 74
15 22 72
23 95 17
75 97 54
27 90 63
99 19 39
95 15 24
81 11 96
89 57 26
42 32 39
10 92 54
58 47 12
70 54 87
90 70 77
0 28 85
16 93 26
69 31 73
87 40 57
26 12 80
72 54 92
7 65 72
87 22 66
87 0 98
8 85 13
19 26 33
57 36 32
84 50 52
53 72 83
5 66 51
96 37 45
69 37 22
7 11 30
13 84 18
45 44 90
0 53 70
16 42 76
56 34 5
6 84 36
66 10 83
69 87 5
85 52 35
32 24 51
78 30 68
12 80 24
38 0 7
22 78 7
81 59 96
23 12 11
81 53 40
64 40 7
79 73 29
43 58 83
68 8 53
87 68 87
32 39 12
86 17 99
18 3 92
58 42 13
41 86 35
8 49 3
23 73 86
0 30 95
13 0 50
25 13 40
51 58 60
55 59 51
84 23 76
79 16 50
55 61 73
31 25 63
66 65 12
62 50 72
3 88 11
89 62 54
2 21 25
8 42 40
27 15 12
38 17 87
72 96 50
80 86 40
39 81 48
24 49 17
12 57 35
34 7 38
26 68 52
32 58 27
79 9 29
10 62 39
54 42 84
36 17 64
88 46 17
63 11 34
90 8 47
57 8 56
66 22 26
69 41 10
38 11 4
45 46 47
32 0 55
46 54 43
82 95 23
10 25 39
97 32 48
78 47 31
36 97 94
86 56 62
36 46 65
75 16 27
49 87 44
32 34 63
23 73 13
58 77 95
85 53 11
75 32 4
45 33 81
7 73 17
66 89 70
38 18 17
83 34 44
18 13 28
5 72 54
32 59 10
42 5 31
14 92 67
97 83 74
11 24 52
23 52 90
51 41 91
90 21 18
38 42 37
14 42 71
26 66 13
28 31 5
9 90 62
91 83 76
58 50 70
31 50 73
20 88 20
64 17 57
42 92 81
34 12 38
24 44 37
68 54 55
60 88 30
40 60 16
16 42 19
17 39 33
22 86 33
67 48 62
8 28 50
51 75 46
30 71 82
59 40 40
60 1 24
95 45 14
84 54 11
73 28 91
26 15 50
40 35 41
40 31 28
28 2 61
90 15 18
85 12 18
41 53 99
80 46 99
67 3 47
25 93 7
14 6 90
57 21 84
56 34 71
52 90 94
13 93 34
81 77 93
24 58 33
93 57 58
40 48 9
29 79 58
92 31 79
2 70 75
18 82 89
35 64 7
58 98 75
55 97 12
36 27 58
42 57 23
52 6 83
51 6 55
18 75 13
48 17 78
86 92 98
41 15 61
66 35 13
14 49 63
68 63 7
17 96 26
25 20 72
16 8 18
27 83 10
14 39 88
77 60 69
13 39 56
71 0 47
47 31 27
44 86 53
19 73 13
35 32 62
92 13 73
92 93 75
73 77 83
19 84 2
79 3 53
44 18 53
5 55 59
72 76 77
45 66 95
95 81 66
2 47 20
27 24 64
49 83 46
55 38 93
60 11 58
54 43 76
2 1 76
21 59 7
21 52 28
43 29 47
52 4 76
42 9 17
85 88 54
38 92 9
95 40 46
79 21 35
15 29 63
15 21 48
16 20 65
20 96 78
95 39 64
74 3 93
69 73 52
96 30 1
17 1 97
14 76 11
87 11 53
15 48 41
49 85 3
57 36 56
50 62 86
17 19 28
72 11 84
56 24 74
41 4 16
2 48 59
37 41 95
78 3 83
29 96 53
27 37 20
63 12 91
88 86 60
2 24 30
10 59 70
54 30 59
40 33 3
14 85 68
37 29 26
86 70 44
32 58 0
24 53 90
24 12 52
29 62 74
26 35 66
86 27 29
8 75 25
1 72 76
84 97 94
27 39 61
13 50 49
49 90 34
36 96 43
19 94 17
9 5 24
92 64 64
72 72 5
40 8 57
44 43 29
59 34 95
8 74 28
39 20 64
33 12 1
50 69 82
14 76 57
32 43 54
23 49 4
29 19 9
93 43 78
57 66 49
56 1 40
32 71 56
47 53 8
96 58 67
56 47 95
65 29 20
71 60 47
38 43 14
30 24 37
40 96 28
43 47 88
52 37 9
42 46 93
4 85 27
13 4 54
65 48 24
40 32 63
37 55 69
40 82 6
80 13 23
92 0 28
74 34 69
3 0 4
67 30 69
32 84 96
73 13 10
59 90 45
1 55 62
83 31 54
63 23 83
85 50 75
62 39 77
51 51 59
72 56 31
46 56 55
45 39 28
6 84 44
6 99 67
88 41 21
1 72 75
3 42 36
99 23 58
0 57 74
9 62 12
57 30 92
99 20 56
30 82 15
13 97 31
9 34 43
51 42 8
74 66 17
52 23 82
85 96 56
73 68 81
27 42 73
11 92 41
19 29 60
69 86 26
26 24 61
3 65 23
78 30 16
18 7 31
73 13 54
17 80 75
2 61 64
36 98 50
49 8 65
72 43 69
80 48 45
39 33 32
26 63 45
29 80 55
20 7 56
43 24 12
56 46 29
22 37 26
23 51 79
65 96 57
2 75 79
3 42 68
21 20 30
39 20 55
20 71 26
30 3 81
1 85 23
77 21 31
26 93 63
30 63 66
99 41 19
36 36 65
33 80 53
77 93 14
50 84 16
17 71 52
14 97 27
66 9 76
11 51 91
34 91 98
3 24 56
19 40 65
69 54 91
66 78 86
73 77 64
15 97 14
56 66 13
95 80 55
54 8 43
40 72 83
3 60 58
99 30 87
14 67 70
33 13 96
34 51 78
18 82 51
35 2 3
84 50 67
16 48 32
37 99 90
75 56 77
76 81 93
51 49 3
94 18 50
14 29 63
37 4 21
71 90 23
33 92 60
67 47 84
80 37 58
62 95 83
54 48 87
49 11 14
51 82 90
35 11 44
4 59 22
7 13 71
92 13 66
76 63 50
25 58 96
74 63 38
61 52 48
89 42 99
2 19 39
52 10 10
60 14 98
35 26 60
24 7 12
51 32 51
46 75 80
17 71 38
77 95 89
78 61 47
84 52 55
74 3 33
43 48 21
32 79 33
19 83 90
96 62 19
74 91 11
14 44 85
38 97 80
83 75 5
78 77 81
26 3 38
24 53 17
60 81 52
0 14 83
2 45 38
80 41 78
8 98 25
31 42 70
34 98 91
93 4 60
15 20 12
99 92 27
54 95 25
95 15 55
67 66 22
41 25 10
95 53 0
55 43 70
10 88 2
59 29 13
26 0 17
93 85 13
90 69 95
18 39 97
47 28 15
28 49 13
86 10 42
90 62 45
40 99 32
19 64 49
14 1 51
50 28 93
43 14 1
57 95 4
36 5 98
80 45 84
33 24 79
63 36 75
48 92 54
71 98 51
13 20 58
73 81 53
95 14 42
11 87 11
77 27 82
29 95 74
61 29 49
49 7 59
60 3 88
26 31 6
14 75 81
76 9 62
20 49 89
44 14 68
73 89 12
1 31 62
29 11 75
82 93 33
91 0 11
32 3 82
59 65 17
83 36 26
87 66 60
13 75 35
45 65 77
93 86 1
68 73 90
48 38 57
39 99 9
70 53 90
78 92 87
34 70 96
9 44 58
79 13 43
72 55 33
56 13 88
51 49 60
62 88 1
25 30 24
70 23 29
6 45 98
24 83 30
90 51 75
39 74 23
85 89 79
92 87 57
12 28 31
39 43 24
3 95 19
18 32 8
30 56 23
60 98 37
17 24 95
89 92 76
95 50 67
0 66 15
47 86 36
12 97 73
73 69 92
78 28 43
96 53 49
6 14 77
16 25 37
52 12 67
43 79 37
19 60 35
37 36 57
75 22 8
85 59 13
69 2 22
68 97 59
54 27 2
81 99 77
41 83 54
28 87 75
59 96 59
37 38 93
85 92 22
23 48 9
17 90 16
79 88 82
22 37 63
48 19 76
58 67 81
95 52 31
16 16 19
96 69 48
32 22 6
93 10 96
11 84 82
65 16 4
71 94 4
65 88 51
50 48 36
16 36 97
78 72 44
41 31 85
88 22 94
79 93 38
36 59 61
16 22 1
48 85 9
36 8 70
84 90 53
3 95 95
31 50 66
1 78 40
66 55 80
96 9 24
12 99 98
56 44 83
25 18 50
83 77 96
44 92 85
81 77 45
17 4 47
82 70 88
65 13 94
12 1 20
57 53 65
15 99 70
15 4 20
57 8 79
93 47 69
56 31 26
16 96 73
46 80 45
50 50 63
55 45 57
91 35 81
51 0 13
34 96 14
54 59 74
42 4 54
2 34 37
15 93 97
22 23 90
79 88 12
29 48 81
54 13 6
23 15 91
8 74 1
25 41 9
43 20 84
36 8 52
18 20 49
10 21 74
58 75 72
25 39 34
7 3 87
84 4 73
18 45 87
45 69 75
88 87 71
88 58 88
32 40 30
47 5 44
78 99 28
38 44 82
49 71 38
28 25 39
35 2 63
17 11 40
1 29 40
11 32 23
35 71 16
12 20 57
74 21 14
50 73 68
17 8 17
53 43 39
61 62 67
94 30 93
3 29 68
73 78 38
25 7 38
98 41 11
88 65 51
8 45 32
95 2 47
62 45 66
15 55 57
22 22 7
17 79 48
98 99 97
59 15 90
93 31 72
11 62 37
44 57 47
60 12 21
34 67 19
88 72 39
85 1 73
76 69 47
66 80 94
28 42 91
70 54 88
80 52 22
0 95 87
87 46 66
34 68 9
50 44 97
50 43 65
2 87 13
60 90 85
54 87 10
66 35 85
68 30 52
0 96 10
20 93 5
81 27 64
95 92 22
26 87 23
26 73 94
4 83 24
39 24 93
8 70 49
99 22 58
85 80 63
11 71 63
82 67 83
71 96 43
96 51 62
65 46 11
33 95 28
53 76 77
63 44 64
51 22 86
69 35 55
27 97 27
54 37 90
93 12 38
71 16 94
24 90 58
37 71 48
98 76 89
47 10 67
86 42 91
86 51 28
76 33 82
35 58 50
10 13 69
35 1 7
29 54 81
87 73 71
51 99 70
88 93 19
89 93 2
54 60 91
41 66 12
79 18 3
0 90 97
66 60 46
85 53 58
87 85 60
99 55 36
54 55 1
56 1 69
81 83 36
73 72 20
72 7 76
8 83 8
7 76 75
60 54 74
20 61 1
91 52 82
67 5 18
11 63 64
35 72 49
75 39 68
63 21 37
87 55 70
57 31 3
21 16 2
74 91 34
67 77 36
94 34 84
24 13 10
79 26 72
17 39 28
32 39 73
88 8 30
54 27 57
56 65 20
59 98 79
62 1 64
85 60 79
92 39 83
40 56 2
94 38 2
57 7 4
11 25 29
53 33 5
75 36 4
78 32 26
88 64 95
20 69 8
24 60 49
66 62 45
59 95 27
12 32 65
10 32 0
56 66 11
20 66 26
29 90 2
45 34 28
32 73 42
77 59 73
7 98 43
60 45 2
38 23 70
1 41 21
8 80 70
93 91 49
98 33 74
61 65 20
81 68 32
63 36 54
56 35 5
13 27 88
47 27 82
88 29 23
46 28 88
47 11 26
30 13 58
5 30 76
18 66 53
30 59 98
88 84 79
56 85 83
63 88 33
93 79 3
43 72 88
62 36 73
77 53 92
47 0 64
42 48 58
53 13 20
97 52 76
8 75 15
13 75 89
88 75 32
37 64 86
14 95 56
9 82 47
88 87 59
65 74 85
36 45 82
3 6 90
58 71 78
29 62 36
96 53 59
4 42 44
98 44 53
50 78 68
17 18 55
79 7 29
70 33 5
35 11 8
77 87 40
37 2 79
27 55 23
78 23 49
83 30 46
19 35 25
54 87 44
23 89 36
93 5 4
73 40 13
8 54 79
45 59 79
23 27 61
53 99 74
93 7 37
15 45 93
51 72 2
83 91 3
87 86 60
60 46 54
81 81 14
42 78 14
37 48 13
81 81 80
83 59 99
3 20 56
7 57 51
0 26 40
35 59 49
2 13 81
27 13 5
8 77 99
21 36 4
38 90 25
44 87 56
59 74 67
15 90 95
34 9 10
72 95 69
92 41 91
35 37 56
65 37 94
37 12 0
15 52 29
96 44 24
28 65 97
29 91 94
46 30 89
96 22 73
68 95 56
59 58 34
18 87 44
55 8 22
40 83 49
75 24 69
34 25 34
96 86 59
33 32 42
31 29 80
39 80 80
10 62 48
87 48 91
8 63 15
1 4 1
76 0 84
11 58 15
81 10 31
97 6 25
68 78 46
83 75 26
55 1 7
44 85 5
17 57 72
53 89 11
30 39 7
48 31 7
49 77 32
99 31 77
88 26 16
30 73 49
20 98 68
7 65 9
56 71 58
88 19 34
39 62 30
6 33 75
31 79 51
20 99 11
2 73 66
45 53 92
44 5 74
78 39 68
5 40 68
65 70 25
9 26 52
7 71 34
41 91 26
2 40 85
84 3 64
71 24 7
11 27 85
41 87 10
31 17 20
41 47 98
0 39 57
38 34 13
53 81 68
63 54 92
31 5 60
53 28 46
90 89 44
1 88 53
5 77 70
58 1 54
21 6 45
55 33 21
84 80 66
3 73 93
72 92 48
51 97 20
30 79 72
98 17 91
46 9 21
11 40 86
7 44 97
16 79 71
47 99 69
83 59 54
9 62 29
40 43 64
75 98 72
99 5 2
38 87 28
66 25 81
40 88 29
59 93 6
77 65 74
82 80 33
47 90 95
99 26 21
9 14 99
47 19 15
6 85 85
95 52 6
59 67 93
81 29 85
45 12 42
36 55 69
41 60 88
8 72 35
70 82 77
88 76 48
20 57 74
97 65 29
73 66 12
29 61 37
41 46 78
82 15 61
69 16 13
3 97 16
10 3 6
80 14 81
38 55 90
40 58 0
66 79 11
29 71 21
50 87 40
29 81 33
57 73 6
17 78 40
3 68 8
4 44 25
76 58 63
90 13 84
87 68 59
35 52 59
17 15 50
33 60 90
53 76 35
54 16 67
13 66 81
61 61 73
88 48 8
7 25 63
83 88 90
99 48 96
74 58 80
92 24 28
85 45 92
70 21 40
41 91 85
9 74 85
12 12 93
18 33 89
51 81 4
68 43 9
93 97 46
70 32 28
49 56 3
60 88 16
5 18 67
87 76 60
4 99 55
59 76 81
91 12 98
29 69 12
56 7 15
76 32 0
57 34 23
92 85 52
98 39 83
34 33 87
42 52 39
98 19 1
66 2 76
23 7 43
53 54 25
94 66 36
62 38 49
47 6 63
69 53 96
60 51 37
90 42 11
85 26 14
68 86 71
19 14 25
96 82 78
86 94 93
53 44 73
99 58 63
45 20 33
64 69 81
28 70 94
79 62 66
16 23 46
55 71 99
67 61 42
18 17 6
65 1 8
1 45 21
39 56 38
44 3 77
70 9 13
26 79 50
4 32 42
66 14 3
82 53 25
91 83 53
61 32 69
51 82 1
5 42 37
31 88 29
72 1 56
33 61 8
99 47 33
86 71 42
15 68 69
37 35 94
21 46 63
97 90 83
5 21 71
11 34 24
18 75 15
63 72 95
35 35 74
13 44 42
2 38 86
80 49 59
43 67 16
97 10 95
80 39 88
85 17 34
85 49 65
82 93 36
45 86 83
36 5 31
46 14 43
9 21 92
31 71 9
84 88 49
47 30 32
41 45 80
74 15 3
13 91 18
68 68 82
50 88 74
60 93 36
18 11 91
15 76 18
70 45 73
84 69 85
17 22 8
18 22 43
64 91 52
62 26 73
3 84 8
80 65 22
26 65 72
60 65 59
81 98 51
0 4 61
78 33 72
66 64 45
12 17 3
72 16 26
60 61 71
3 18 29
29 85 76
63 51 37
23 28 1
15 53 86
65 65 28
25 24 34
8 4 88
42 64 19
67 94 58
22 22 23
74 44 9
12 73 53
75 19 75
93 31 9
95 94 97
74 6 37
46 99 47
42 52 37
28 50 77
80 81 63
25 97 51
21 49 26
35 97 99
70 76 63
2 27 4
53 99 68
98 45 3
59 98 82
35 70 37
42 32 45
75 50 58
24 29 48
48 94 35
20 39 72
89 14 25
36 61 45
33 68 48
45 28 36
54 5 64
11 61 50
55 82 25
21 90 49
9 25 86
51 15 7
85 44 36
33 51 89
1 52 36
59 46 0
20 53 15
46 96 71
90 48 36
0 69 75
25 70 2
93 4 64
26 10 52
51 4 48
6 68 48
18 77 66
96 14 7
13 59 41
82 38 30
94 30 91
77 8 31
35 8 78
1 59 87
52 79 44
28 70 41
53 21 73
79 86 13
10 96 28
47 33 58
78 91 31
20 60 4
3 73 85
40 4 44
11 15 75
88 19 5
6 23 5
6 21 49
10 29 98
77 36 27
66 10 21
40 76 61
35 22 43
76 43 91
57 15 66
71 53 32
53 42 9
94 35 40
50 83 62
18 52 88
91 50 4
8 23 17
12 33 84
45 25 42
87 51 80
69 31 26
54 69 81
99 28 74
40 67 31
7 80 27
8 68 66
43 2 67
32 45 92
9 58 6
10 14 34
17 12 52
43 6 54
3 94 6
97 24 98
55 94 17
57 59 23
2 43 88
12 46 18
90 48 17
42 99 91
27 88 80
95 16 52
35 28 14
8 14 19
21 53 40
35 20 34
2 58 35
72 39 43
54 41 98
27 83 48
41 78 76
9 60 76
63 33 90
58 49 70
0 3 7
85 48 87
78 40 73
51 58 4
70 17 60
42 47 87
65 51 27
1 17 89
27 43 66
40 15 84
48 96 93
65 83 13
32 64 96
77 98 27
42 22 44
47 37 85
78 40 28
99 38 65
12 95 73
92 47 52
37 16 35
49 22 63
73 80 71
96 34 58
15 23 38
97 46 0
54 62 78
87 88 75
85 71 39
24 51 48
63 54 10
80 74 78
97 5 75
40 22 85
73 4 89
45 75 37
84 70 43
62 6 48
37 37 43
95 5 66
58 95 68
42 82 68
9 60 98
21 2 70
8 43 20
38 57 81
47 63 94
6 70 86
56 64 64
85 78 28
3 58 24
3 1 36
38 44 52
43 15 92
47 52 44
54 24 44
3 94 27
54 92 52
32 13 32
37 86 48
99 27 68
20 19 24
99 69 40
16 55 54
91 45 81
72 67 40
42 99 43
78 79 74
29 98 90
62 66 94
81 61 29
93 84 20
1 54 69
13 72 86
87 7 92
0 89 83
43 95 33
86 33 80
67 54 66
71 10 62
19 25 54
53 20 0
70 61 94
72 73 54
31 22 34
63 93 93
46 22 66
12 79 72
97 64 55
5 26 87
33 64 10
38 68 13
3 73 80
59 18 66
90 8 11
0 94 92
21 55 30
43 43 49
93 97 88
14 66 82
31 12 32
88 58 91
18 83 15
0 80 83
70 51 55
26 13 90
67 24 57
52 20 72
83 61 98
43 88 76
10 86 35
75 17 50
54 17 68
99 11 88
24 31 25
53 81 80
11 72 18
73 55 91
61 74 39
60 20 67
13 76 76
72 48 80
92 72 81
34 67 87
21 18 85
11 86 53
97 91 93
78 37 44
15 41 14
58 93 4
83 43 51
25 15 8
51 24 78
94 9 74
29 14 79
86 31 29
66 66 31
33 61 93
93 0 70
16 70 51
99 51 38
28 28 72
33 55 0
70 69 73
2 64 38
88 21 46
43 39 44
49 45 87
12 75 44
72 67 20
99 52 11
93 18 32
23 98 10
3 30 26
86 26 99
2 63 14
30 14 71
13 40 13
46 60 97
21 7 62
43 17 24
96 12 95
43 16 38
45 99 86
3 61 53
18 96 54
80 69 51
33 28 43
98 90 71
55 39 77
78 70 38
81 52 81
16 23 0
24 35 48
33 70 11
13 14 71
58 35 40
31 35 61
8 64 43
41 86 58
57 89 60
78 97 16
58 92 42
49 72 53
2 21 72
86 65 11
66 12 84
7 84 86
76 96 90
44 46 20
12 13 97
39 80 26
78 47 21
76 56 9
45 25 6
46 73 27
52 89 79
93 47 62
0 62 72
73 45 69
35 69 7
72 0 77
85 26 23
35 75 13
99 33 61
15 32 83
13 62 23
26 59 50
32 17 50
1 10 30
5 84 32
26 99 48
51 58 10
84 32 53
61 39 87
80 35 57
21 68 38
85 70 94
61 69 49
78 71 60
22 41 43
55 26 72
21 28 83
94 90 33
17 55 26
44 4 55
3 79 35
19 71 95
98 81 51
21 91 62
68 19 64
1 57 32
69 99 85
4 51 1
78 69 26
27 6 86
8 3 13
22 75 25
20 87 16
46 34 6
11 69 14
31 62 51
54 71 44
86 50 84
6 44 34
40 24 21
65 84 56
8 96 48
92 33 15
41 4 47
56 38 90
48 78 10
40 64 31
70 75 64
36 38 24
67 80 95
0 88 18
36 21 61
37 37 78
35 62 63
2 15 62
74 66 45
72 32 17
88 72 66
81 56 71
29 42 17
66 17 29
4 61 93
10 2 91
46 30 10
45 26 30
3 99 46
1 79 86
26 39 95
77 69 58
32 42 65
12 85 48
21 48 89
94 81 39
59 4 49
54 51 73
19 90 97
18 15 62
50 3 81
0 86 1
76 54 22
26 6 8
79 72 54
50 46 41
57 23 32
81 93 4
38 95 60
71 11 87
2 82 62
78 29 2
72 93 7
28 12 0
92 93 35
95 80 37
2 58 4
50 4 87
77 92 73
71 31 83
1 60 73
76 56 7
75 17 42
82 75 98
50 3 54
46 99 29
16 5 29
91 75 17
30 69 52
68 50 93
57 74 50
72 19 79
99 77 41
70 2 5
19 50 37
66 8 85
53 59 97
66 95 89
11 41 76
98 54 80
61 10 77
44 0 38
98 87 19
41 21 35
35 81 96
31 4 75
8 9 49
44 33 25
48 73 11
54 99 30
69 31 68
91 26 70
18 8 14
57 46 6
60 51 18
92 40 18
27 16 6
23 51 41
12 4 11
36 16 95
55 8 85
17 30 29
56 18 66
13 81 52
30 28 44
2 22 45
55 11 24
20 46 92
34 2 86
44 91 8
58 75 97
80 45 14
21 30 7
2 34 70
20 75 34
93 47 40
70 70 81
36 91 80
19 15 7
59 35 95
56 13 26
26 91 36
33 0 83
61 53 82
61 95 90
42 72 13
66 41 46
74 68 10
86 87 74
82 38 52
61 66 75
56 27 25
53 92 82
48 88 55
98 68 53
47 65 58
39 63 24
27 82 40
43 4 44
36 84 47
17 42 3
78 16 97
47 51 68
41 46 24
33 46 17
71 61 84
91 20 0
58 36 61
80 48 91
47 4 99
83 32 40
39 90 64
50 51 50
79 99 8
24 12 31
21 31 82
78 79 15
23 86 12
80 48 29
42 14 25
15 85 90
91 51 81
45 94 6
2 71 14
28 18 97
77 10 78
34 65 35
44 79 11
20 64 28
21 53 70
49 56 98
4 65 53
39 29 36
3 13 18
6 12 29
52 65 71
17 47 97
36 4 76
28 99 23
66 68 91
92 71 55
49 8 89
38 9 13
13 58 78
61 25 97
4 46 7
61 28 27
30 48 65
26 95 96
57 89 48
16 11 80
43 27 53
80 93 32
52 76 25
53 31 48
87 13 55
54 90 74
29 26 51
10 49 48
81 81 23
31 8 17
1 3 77
15 58 84
71 53 59
28 61 77
26 43 65
24 91 9
87 49 47
52 11 18
41 75 51
1 50 94
11 21 41
1 36 70
22 40 75
30 40 99
38 44 35
57 61 43
11 81 61
14 67 94
81 61 86
29 47 41
26 31 80
80 66 11
43 6 79
48 51 56
87 42 11
88 26 19
94 45 95
65 27 20
7 54 42
3 33 43
51 67 78
84 42 87
64 29 62
46 69 35
42 94 12
97 14 20
73 43 98
5 3 90
29 62 26
60 7 16
29 81 20
59 75 59
12 91 8
77 37 14
85 81 54
65 94 10
30 83 30
29 99 62
38 42 4
92 13 21
45 67 42
80 2 28
30 13 27
21 78 49
57 13 66
47 63 70
80 47 27
94 87 18
76 37 41
69 20 85
69 22 46
3 73 65
93 96 50
36 56 91
47 98 42
82 36 35
37 68 73
57 31 94
83 98 91
38 43 80
6 70 69
10 98 38
81 2 10
24 60 66
36 21 86
30 6 93
56 18 17
62 87 0
89 43 15
19 77 6
39 45 48
69 74 57
44 0 67
17 59 9
14 98 82
45 21 97
94 62 86
44 23 10
80 32 28
31 26 91
81 27 70
69 26 52
52 18 54
95 42 60
82 56 66
65 12 70
55 9 43
44 98 36
62 9 66
88 28 41
14 6 65
87 60 64
12 65 97
7 55 14
4 63 48
10 53 30
54 13 8
9 6 74
98 77 93
35 4 94
17 76 62
64 14 79
33 47 69
25 89 69
52 74 57
8 38 33
92 87 78
67 94 56
33 75 39
76 17 50
49 61 0
44 60 61
34 54 24
27 80 3
95 0 8
51 98 14
26 21 42
15 16 12
24 3 10
22 56 4
79 2 82
6 24 21
43 12 44
10 60 93
22 44 48
8 1 89
40 24 94
86 11 69
13 61 62
7 0 87
47 98 5
5 85 40
96 85 63
21 37 0
73 90 1
18 51 49
64 43 69
40 21 23
54 44 98
68 4 12
51 96 64
50 93 83
55 56 75
50 28 57
88 28 17
33 20 82
46 78 61
83 76 39
33 95 3
36 88 61
50 36 21
70 91 52
81 72 93
57 63 67
93 22 1
13 89 32
45 18 42
68 64 15
82 12 37
78 90 46
36 52 37
57 57 95
24 59 99
89 15 62
29 53 3
3 85 69
17 90 41
43 47 74
2 49 95
14 52 42
38 26 25
52 55 92
8 30 99
33 14 62
22 70 25
26 74 29
49 1 81
29 72 98
55 67 36
36 22 21
17 79 80
8 46 78
72 50 8
76 73 71
50 88 59
81 97 31
31 48 5
83 25 6
22 38 59
48 68 92
89 63 76
38 75 44
79 77 7
86 13 95
28 2 48
22 49 28
53 87 24
31 6 53
14 70 32
30 11 63
53 1 68
68 46 48
21 55 7
18 51 22
75 18 32
23 13 2
84 48 24
86 34 16
42 66 11
83 10 77
23 66 34
61 56 45
27 87 52
91 35 78
10 75 64
52 34 10
19 11 88
53 73 85
48 39 73
60 57 34
42 61 29
20 77 79
52 16 69
92 25 21
25 92 77
84 95 34
21 99 74
36 47 76
37 4 22
41 54 87
3 70 0
97 85 7
39 83 68
14 5 65
14 21 38
44 14 58
30 59 36
67 94 65
38 5 89
8 10 49
63 67 72
65 75 50
79 55 14
90 66 1
28 90 12
47 44 60
69 87 19
23 10 21
37 23 53
19 69 4
33 93 68
16 89 12
27 91 23
25 40 71
75 38 9
98 10 49
77 49 74
6 5 77
53 51 86
64 54 47
90 69 54
94 6 69
0 31 0
94 51 17
66 65 60
36 72 59
95 6 67
25 6 7
89 35 9
66 17 12
10 63 26
19 44 27
37 49 23
35 45 83
1 59 56
35 82 16
69 26 63
41 65 26
64 61 42
36 58 20
50 32 97
67 60 86
79 74 7
63 1 74
13 25 90
74 56 4
97 70 71
31 57 38
19 8 46
96 47 26
12 9 70
78 33 22
30 13 79
29 89 0
23 72 98
30 13 5
40 60 89
61 25 60
45 90 42
43 17 82
17 4 41
66 6 75
60 5 72
34 3 47
95 81 84
32 58 97
10 72 25
58 52 4
80 94 69
41 89 38
31 91 93
60 63 27
0 50 36
17 64 26
77 35 6
22 51 95
49 75 51
26 21 48
30 86 33
14 39 75
91 3 95
39 57 88
49 11 58
65 39 76
86 19 71
8 21 44
11 52 43
76 45 99
48 68 7
18 56 1
84 29 59
81 60 13
94 22 44
83 42 25
67 23 43
89 96 46
39 57 34
81 17 87
0 1 47
64 7 88
59 40 18
93 64 55
39 62 70
21 11 64
36 39 36
25 81 48
15 10 67
14 13 42
68 45 42
4 90 1
73 94 40
45 30 4
80 15 72
67 19 10
76 5 0
78 55 72
25 81 95
19 4 48
54 22 20
60 2 18
17 39 30
62 30 20
54 31 80
93 8 1
10 34 53
21 17 18
49 79 45
69 0 69
51 91 20
53 45 76
73 68 28
61 97 12
48 32 53
99 62 48
58 95 48
22 4 18
73 66 57
90 47 10
69 39 68
53 43 94
65 45 58
22 14 35
53 69 31
59 94 22
37 75 31
17 76 86
36 14 62
46 54 77
59 35 60
90 14 44
28 94 43
92 50 63
6 25 83
79 10 19
17 30 68
61 83 47
48 15 92
89 88 60
54 96 37
36 99 4
67 79 0
23 2 32
94 10 71
77 56 3
26 98 90
25 61 96
69 29 22
16 79 94
58 23 59
21 11 20
88 71 78
6 58 65
44 62 25
64 45 24
88 21 78
39 32 81
58 81 53
65 33 85
85 88 91
69 35 32
32 36 65
86 6 89
39 99 29
18 11 77
70 69 49
62 40 3
71 83 62
8 1 94
38 64 1
62 32 25
40 35 20
10 33 50
82 35 41
81 35 95
48 44 73
49 79 1
73 31 24
18 66 78
50 68 5
44 98 48
62 24 74
65 73 35
17 66 54
75 33 66
49 31 64
33 37 84
77 5 19
73 43 32
20 52 87
60 37 32
57 7 13
33 46 27
63 65 71
67 94 57
61 99 51
39 9 68
62 62 64
46 3 95
45 93 70
99 82 75
63 67 57
92 89 42
44 50 42
99 34 55
40 31 67
65 2 23
89 60 75
60 1 23
93 69 26
49 5 80
53 84 67
99 87 0
47 74 55
68 16 18
11 17 62
92 54 11
17 23 2
84 17 4
54 89 92
18 65 32
82 26 1
16 68 32
15 99 36
65 23 86
77 2 18
5 9 63
43 40 40
51 64 87
15 33 44
82 86 26
39 12 91
50 13 46
11 12 24
98 66 7
40 4 89
41 71 31
36 60 58
87 28 7
30 87 8
26 55 62
76 27 15
32 17 65
89 36 93
63 97 36
22 30 3
18 43 25
39 86 64
71 70 12
66 8 45
95 37 42
32 18 3
45 35 60
24 42 67
58 27 37
16 10 67
28 30 65
50 89 6
88 59 52
53 59 1
70 17 33
36 20 99
66 96 30
89 62 22
18 95 25
18 29 16
17 22 72
70 47 60
2 40 78
72 76 75
44 2 97
31 18 88
23 67 73
82 82 13
85 64 99
17 83 94
88 12 22
90 37 15
70 39 69
56 25 93
2 24 0
21 4 52
4 8 51
95 36 59
83 80 56
58 6 74
57 95 73
2 17 45
20 52 88
40 42 85
55 79 21
38 5 51
63 59 16
27 75 97
64 92 44
52 19 47
28 43 83
51 20 79
84 66 31
79 67 91
5 96 11
31 34 73
31 72 99
9 26 88
19 0 94
53 30 85
53 35 19
37 47 1
52 44 66
72 13 26
47 86 46
12 32 68
21 34 39
47 82 29
51 21 41
71 23 43
77 8 59
98 44 65
7 15 19
30 73 89
28 64 48
22 47 26
3 45 13
88 7 53
98 99 48
22 19 81
20 72 69
13 82 24
79 41 30
81 17 6
77 77 89
6 54 26
75 27 96
57 99 97
84 71 66
46 52 52
69 90 51
22 33 57
65 17 43
24 92 18
17 94 95
26 88 79
81 83 31
92 62 87
5 69 50
75 53 39
16 6 0
73 47 91
15 24 39
64 79 25
48 78 43
85 70 31
60 54 76
38 36 8
89 93 86
25 11 84
