75 77 74
56 25 95
46 51 76
61 16 14
37 33 75
37 79 79
79 3 46
29 65 68
69 22 1
49 32 4
77 19 7
57 85 35
46 57 3
14 61 30
21 65 62
67 76 32
61 81 60
48 49 79
66 15 95
49 85 52
47 51 67
29 25 48
23 59 71
4 49 30
74 96 55
77 52 39
13 77 60
24 20 71
99 11 96
14 81 0
80 64 37
17 60 82
77 63 57
60 50 94
88 87 79
64 32 53
10 49 40
19 98 95
97 47 21
34 28 69
6 59 78
23 45 13
5 60 78
12 14 97
47 6 60
49 98 31
66 21 73
84 47 41
41 31 88
9 56 12
89 5 1
65 87 44
96 43 67
80 23 35
88 45 80
46 0 38
60 0 24
90 48 27
74 25 21
87 17 72
21 72 12
89 62 75
99 93 12
12 62 30
20 27 45
54 29 84
21 89 44
93 68 43
18 11 25
70 78 42
99 38 96
24 42 56
15 22 12
68 8 62
70 59 67
79 94 37
66 48 66
6 77 45
66 93 44
47 12 87
39 42 17
47 0 46
43 22 77
21 97 68
93 77 44
3 53 12
73 81 25
68 36 95
63 64 16
42 8 22
11 8 75
7 90 80
7 21 67
24 11 81
47 73 39
31 45 52
95 9 68
61 72 44
99 21 16
57 43 92
0 6 72
96 55 81
71 10 56
38 26 63
44 9 37
78 9 54
35 10 59
20 60 66
73 49 57
38 55 54
95 98 59
79 93 76
67 52 54
71 53 22
90 93 21
56 69 86
89 56 66
90 30 95
69 63 14
42 94 7
45 68 28
27 62 77
79 73 94
83 23 63
71 12 97
19 69 33
41 52 68
71 3 63
21 50 70
81 47 40
44 27 11
68 52 47
82 53 75
39 32 55
45 41 67
13 3 51
36 38 82
14 98 7
86 9 62
23 16 2
27 14 6
36 51 16
25 45 96
92 93 20
52 15 35
95 73 31
62 86 68
51 28 90
85 51 53
14 22 49
24 2 10
82 12 49
26 11 18
90 15 36
1 83 70
9 58 89
23 72 21
33 53 66
46 98 40
88 37 64
99 89 25
48 1 10
80 87 27
20 5 55
16 89 87
30 87 98
36 30 65
66 62 86
76 88 6
33 19 19
55 68 65
20 41 93
69 48 80
70 25 27
91 81 3
34 35 87
29 87 69
83 64 30
56 44 93
86 40 18
6 11 96
76 81 60
92 90 9
5 56 85
2 29 99
40 5 70
1 41 41
40 23 77
72 60 10
85 50 53
92 91 10
34 13 15
62 86 79
45 84 63
68 97 79
95 65 15
5 60 56
61 24 92
29 55 48
67 79 58
18 16 97
39 44 48
16 62 74
76 67 96
5 24 57
67 8 63
84 8 27
85 1 58
84 60 90
83 43 24
6 85 63
61 14 72
30 85 71
50 28 47
78 49 95
7 21 69
53 51 62
98 39 96
37 24 47
16 61 25
75 22 5
20 5 26
53 3 95
70 1 68
51 51 8
59 86 57
45 46 95
88 24 99
21 37 52
75 13 75
4 11 95
29 4 93
96 68 37
66 61 24
26 74 27
83 13 75
82 83 34
51 59 8
9 35 10
59 45 35
93 41 70
76 99 40
67 75 1
78 61 89
62 74 23
99 8 11
6 18 40
36 84 17
77 63 28
2 59 21
58 27 3
25 47 84
29 78 59
60 53 41
61 83 57
5 2 22
93 17 84
10 9 93
84 20 70
11 69 32
74 45 36
23 99 33
42 50 13
12 85 36
25 12 65
44 94 40
16 25 32
24 49 5
1 62 26
58 59 40
97 56 66
18 92 69
62 15 9
35 49 31
66 37 79
87 22 31
63 85 64
23 34 26
59 76 56
86 18 67
61 20 34
78 92 75
87 83 72
71 56 89
7 53 94
32 74 78
82 27 34
44 71 15
65 35 99
58 83 37
50 40 10
86 59 44
60 4 25
26 97 45
18 70 88
40 58 14
0 86 22
83 5 84
42 91 95
77 95 37
32 28 49
84 44 0
77 32 46
76 50 16
44 51 96
62 99 91
18 75 26
12 68 72
61 91 68
18 93 26
44 64 87
17 64 39
95 18 26
19 43 22
35 63 31
62 93 23
31 7 38
62 46 2
83 56 56
2 18 48
91 32 70
89 50 21
0 93 17
34 2 89
75 49 78
16 59 68
87 50 37
63 18 86
24 97 79
1 31 77
28 48 91
13 65 12
7 40 40
71 50 39
96 8 73
92 5 82
74 98 32
33 17 47
25 90 61
13 73 61
91 76 58
90 95 20
59 99 66
11 81 50
33 41 12
15 65 48
33 80 20
61 11 14
92 16 91
41 41 95
12 67 81
75 76 2
49 60 46
55 63 87
24 32 57
15 47 85
82 91 98
10 36 9
81 23 95
31 95 15
67 73 82
56 22 78
31 47 82
56 59 38
34 55 40
22 91 37
92 66 90
19 28 51
97 37 72
59 22 3
16 89 86
19 74 26
91 3 81
96 49 57
90 27 20
94 80 15
75 0 17
82 26 25
62 69 62
77 16 42
53 40 77
63 59 15
64 89 10
78 49 72
66 54 6
84 3 53
81 23 42
89 5 99
65 58 90
7 88 49
47 45 44
6 40 86
81 24 47
84 71 57
88 9 57
38 73 18
89 20 32
32 79 47
51 12 3
61 29 26
34 60 3
21 83 38
59 82 37
42 48 35
57 66 58
95 10 67
41 22 86
25 50 66
57 47 20
66 17 49
6 67 19
85 79 23
0 74 76
69 83 30
61 53 42
34 31 79
38 92 67
86 36 29
69 16 58
93 3 30
40 81 38
17 63 50
89 36 87
51 68 78
23 29 47
17 80 71
74 76 75
22 3 90
16 91 81
65 87 31
40 29 17
65 63 2
33 81 87
78 39 55
49 12 37
13 11 17
51 52 58
4 26 68
16 38 82
52 22 76
83 75 78
89 49 20
11 25 92
59 22 85
28 64 81
33 31 95
88 85 11
81 84 84
95 83 69
23 63 53
76 82 37
3 96 23
27 99 3
85 51 48
33 78 63
58 9 39
46 52 68
7 91 63
61 97 41
68 9 28
27 0 75
72 69 32
64 68 40
29 25 70
17 65 10
94 39 82
43 72 16
25 72 41
95 21 65
38 85 16
50 19 2
57 59 95
66 30 87
3 93 72
96 34 10
41 91 88
16 65 15
6 68 20
58 1 69
0 33 40
12 82 47
19 86 19
51 95 41
21 65 49
62 26 66
32 30 99
0 31 52
48 5 15
18 90 29
26 76 39
71 53 23
19 81 58
70 89 95
53 86 94
70 12 79
69 25 10
69 6 86
35 95 87
44 82 11
54 10 75
97 70 95
88 82 71
9 19 65
12 72 84
62 74 10
67 28 61
47 28 22
31 21 53
5 23 47
79 19 42
7 27 35
82 34 43
43 93 95
40 91 56
8 36 18
10 17 37
19 15 6
66 20 38
69 21 2
71 66 99
83 83 43
57 67 57
49 49 54
13 93 20
62 38 75
66 14 76
74 17 31
50 23 36
52 68 74
31 69 69
72 28 47
19 4 54
13 46 58
53 63 30
82 99 22
28 77 91
73 23 18
91 31 82
85 34 83
20 74 84
5 94 58
16 83 12
23 90 41
26 90 63
38 42 18
31 98 8
85 33 61
40 93 9
52 62 2
21 88 45
6 99 67
52 9 49
25 10 19
69 88 54
20 80 57
95 72 22
91 4 81
32 9 5
83 94 17
37 61 26
11 19 66
86 58 44
26 21 61
79 15 33
88 97 96
40 34 95
69 63 74
71 95 67
2 41 20
5 17 55
78 47 71
78 6 81
19 4 47
30 89 8
21 75 51
10 34 36
50 71 71
4 71 2
25 76 59
62 55 37
24 90 94
91 72 23
70 91 1
53 93 32
79 68 97
4 45 24
38 62 51
52 30 58
80 29 43
21 60 6
98 3 44
61 93 84
16 25 28
93 94 96
35 48 67
74 16 49
78 22 11
42 63 44
51 80 50
81 80 73
41 70 73
93 61 97
28 79 49
30 97 32
35 14 89
45 18 54
36 46 1
76 37 77
61 69 5
53 5 88
65 45 7
21 22 20
89 20 79
26 2 57
22 26 94
42 22 67
25 85 95
32 96 39
79 82 35
44 74 92
2 55 20
99 30 79
40 3 56
36 25 4
76 60 39
44 34 40
88 99 7
39 66 13
58 99 92
11 20 67
66 29 88
63 40 95
61 86 33
65 60 24
24 41 31
70 10 62
36 52 26
6 75 36
13 37 36
77 71 3
85 35 48
4 13 4
63 43 13
82 41 88
41 35 43
95 37 25
3 36 70
25 16 58
83 85 77
14 41 7
3 71 52
31 12 7
20 27 46
83 64 3
13 79 74
67 9 48
14 96 14
82 70 42
66 66 95
69 63 91
59 94 95
53 98 25
33 17 77
43 44 28
47 32 86
71 11 1
63 83 60
69 33 39
36 47 0
49 70 90
53 98 72
97 67 97
87 57 21
17 24 9
27 72 95
73 0 42
71 64 46
75 62 45
53 40 43
52 39 63
17 36 28
57 86 89
86 33 85
22 75 14
28 59 98
16 49 54
37 61 60
65 91 64
47 97 70
14 42 24
99 22 12
52 54 29
91 22 95
13 58 0
44 71 18
3 51 38
0 70 71
89 13 13
74 4 30
32 44 24
89 95 85
51 86 99
57 89 86
69 48 27
40 4 37
71 13 69
80 12 59
12 23 67
4 71 53
74 92 82
68 64 73
91 31 71
44 53 81
27 45 45
48 37 98
74 52 15
75 75 38
53 62 1
56 61 39
47 70 32
71 86 13
75 68 50
94 10 41
26 61 22
12 37 18
72 18 1
90 71 91
87 78 67
94 27 21
36 29 8
75 10 38
4 24 47
36 13 89
5 14 4
73 83 95
59 97 18
41 63 62
13 81 46
51 7 42
94 61 72
72 11 96
45 78 82
37 72 19
62 89 75
74 4 53
59 90 21
4 66 62
23 45 10
14 2 32
7 67 20
3 3 39
4 88 88
51 36 90
42 70 14
72 66 99
51 74 61
24 35 53
55 10 37
20 77 83
51 98 72
69 44 65
17 2 84
23 46 14
35 71 6
70 91 85
78 95 38
62 53 71
83 68 86
19 59 82
16 5 3
64 15 14
4 18 74
98 15 42
23 54 72
68 77 55
47 53 55
72 54 88
79 73 21
45 44 60
11 11 81
88 96 94
80 68 97
39 36 64
97 45 88
78 59 68
16 63 40
95 11 21
50 71 39
20 60 2
17 62 30
27 6 87
48 91 59
79 31 44
6 47 85
34 7 53
16 12 4
97 55 50
58 96 96
35 18 67
77 11 70
49 39 25
99 94 87
90 36 36
21 74 13
69 34 16
91 35 63
25 96 38
56 7 61
12 44 58
24 65 83
62 3 8
67 98 41
65 39 69
15 66 21
26 46 95
44 53 92
68 15 57
32 48 56
81 20 42
33 52 94
40 71 4
48 31 43
47 97 73
59 33 78
3 2 81
89 16 37
71 42 6
25 19 27
20 38 39
52 73 35
76 74 39
86 86 79
91 5 0
72 53 0
49 70 73
72 46 52
9 87 91
95 5 15
70 5 16
30 65 22
3 39 27
99 32 33
48 40 37
60 70 71
17 48 5
29 81 40
9 25 23
40 64 63
30 31 54
40 58 34
28 4 79
49 94 92
24 12 66
8 20 67
0 39 85
82 30 24
90 89 26
10 94 6
68 68 45
40 58 33
41 12 0
61 45 1
17 67 87
22 69 27
72 91 59
91 8 62
50 41 38
35 41 15
61 63 79
76 31 64
14 48 10
87 86 78
4 83 76
83 21 51
11 72 42
82 48 40
61 46 79
30 79 58
72 35 51
97 56 35
34 33 37
81 22 34
36 73 18
62 42 99
64 52 99
95 7 72
98 72 8
81 54 23
34 75 77
11 23 48
14 10 92
49 72 41
30 75 99
14 26 17
72 10 2
86 35 91
64 40 20
15 93 73
29 40 48
52 42 64
90 41 52
86 0 4
41 7 55
70 76 97
82 80 23
80 49 40
45 53 93
56 78 3
4 38 97
97 56 81
83 78 11
47 32 43
4 84 77
12 52 56
13 40 62
54 58 16
60 38 88
45 92 51
81 31 22
34 99 12
89 80 95
27 45 65
5 59 77
60 42 10
75 90 48
17 87 65
79 44 92
8 92 10
9 58 4
41 79 41
30 68 91
66 78 82
23 79 96
86 37 28
95 67 37
93 85 84
70 88 52
40 59 96
82 84 44
79 68 99
25 83 30
0 11 92
50 66 49
18 1 29
78 27 42
37 86 33
53 95 51
47 36 97
30 11 27
43 36 54
26 98 95
5 50 29
54 13 43
66 42 96
57 16 12
69 92 48
27 0 28
10 2 14
37 57 88
39 47 12
0 21 85
62 21 20
96 58 2
98 32 45
88 86 58
38 34 88
39 32 0
20 97 88
97 92 40
56 92 28
47 88 46
50 69 12
30 0 21
28 38 58
49 73 13
12 19 30
91 77 72
88 88 89
68 21 47
34 54 69
11 72 41
79 32 43
82 85 28
27 50 90
27 47 25
69 94 37
7 43 7
94 77 98
33 24 25
50 16 92
53 70 65
70 5 85
89 30 17
39 2 5
6 21 0
55 55 89
93 32 18
18 46 31
88 36 57
57 1 70
88 20 80
92 29 8
12 7 75
73 50 57
81 46 83
90 8 15
70 33 7
74 70 46
40 70 77
43 27 26
5 22 4
94 57 13
26 91 36
89 90 47
4 78 53
58 35 86
72 86 55
81 72 48
33 65 76
53 72 10
54 22 87
31 91 75
36 85 95
1 94 74
45 20 1
87 23 90
47 84 82
76 67 49
56 16 69
21 33 30
94 95 82
80 20 41
83 40 85
15 10 21
15 47 11
77 9 10
63 75 10
97 52 41
17 37 83
68 99 40
29 70 27
97 27 82
94 16 73
50 98 8
56 4 86
46 17 61
39 79 97
30 20 27
12 29 64
74 26 63
8 54 50
75 33 60
75 8 47
54 45 85
49 53 5
73 68 74
20 46 30
46 17 15
20 23 19
91 67 17
45 54 21
14 78 8
80 53 81
12 45 57
18 26 74
0 97 42
65 29 26
13 98 22
49 46 3
4 10 76
53 1 81
24 92 53
6 75 20
17 47 56
33 2 89
30 32 53
48 3 70
23 30 30
17 15 30
78 75 47
90 13 14
49 73 2
3 62 10
21 40 90
13 59 26
72 30 87
97 3 28
83 20 68
50 17 98
49 96 23
25 83 50
32 97 97
4 2 50
79 55 27
59 92 7
56 2 36
9 67 34
73 58 26
55 78 63
64 13 62
33 23 24
35 87 65
80 14 33
51 45 75
36 88 85
2 71 81
51 31 60
46 81 52
62 81 47
90 37 86
88 62 7
38 28 67
40 80 79
53 38 34
69 22 35
11 10 93
40 68 46
79 59 5
12 11 34
45 67 14
85 10 87
17 36 70
5 41 67
21 67 53
21 16 42
79 50 2
32 95 59
74 18 24
38 20 38
22 94 11
28 45 6
3 53 37
18 1 31
62 39 74
29 79 50
38 63 53
17 74 34
48 16 39
94 61 98
48 43 4
13 15 14
45 64 95
17 46 71
8 38 74
62 4 72
32 52 68
23 19 0
74 83 29
62 2 23
8 90 49
90 60 31
5 30 35
33 78 82
33 74 77
4 72 88
19 85 81
93 20 88
31 52 15
24 77 72
18 67 29
60 10 88
66 37 40
89 59 34
76 14 8
87 86 10
63 66 63
71 0 71
13 83 47
67 54 6
1 1 85
10 74 30
10 75 38
89 79 67
1 87 64
46 8 83
34 45 83
6 22 54
89 84 54
66 45 20
36 36 30
15 61 47
30 25 82
21 14 35
41 46 9
46 19 89
12 46 99
51 76 92
64 92 83
84 60 9
5 59 57
28 11 93
45 55 22
13 22 41
38 56 53
40 39 65
90 66 50
53 49 38
59 10 77
43 62 13
53 13 37
86 36 49
49 72 72
12 40 16
60 19 55
16 7 40
44 12 21
31 13 73
35 84 86
11 70 31
58 84 36
21 47 24
61 92 93
55 39 79
78 14 43
54 23 36
66 35 12
31 96 40
69 32 15
64 53 70
25 63 14
49 36 22
5 74 64
85 57 45
30 45 51
12 92 21
1 5 41
76 35 61
19 84 37
16 55 54
65 92 64
54 12 45
5 12 95
40 62 11
52 90 91
63 23 99
66 62 46
41 12 1
68 9 77
76 49 40
23 3 73
8 28 22
9 39 67
75 16 59
34 93 44
51 64 22
50 35 28
40 7 77
48 60 85
99 50 55
3 46 25
14 55 10
3 50 80
28 10 5
79 66 63
4 98 24
76 23 19
81 90 97
2 52 38
70 17 94
5 47 61
38 84 17
32 78 81
77 78 17
19 51 52
15 70 57
61 69 63
79 74 7
55 79 54
32 1 80
34 25 24
19 23 18
57 13 16
5 23 13
0 22 85
35 22 86
95 81 91
0 66 0
84 12 74
31 11 6
99 18 64
84 77 23
85 3 52
77 18 30
79 29 42
56 35 37
64 85 59
1 16 85
2 7 40
47 10 70
13 98 37
29 37 44
23 20 72
34 48 29
9 75 0
12 11 18
21 16 80
65 37 49
26 28 14
94 91 22
76 83 88
54 73 76
75 95 6
77 93 87
21 75 86
26 16 17
32 85 67
79 23 11
7 52 69
35 49 67
5 14 95
30 87 68
31 66 45
18 25 80
83 39 82
42 5 13
78 52 38
42 68 64
4 18 56
0 0 27
87 53 56
23 83 16
93 39 82
19 15 84
66 87 44
22 73 13
37 28 30
22 12 46
1 67 60
84 76 22
4 72 81
82 68 32
19 33 82
50 97 88
62 65 15
99 66 30
33 60 25
85 1 67
14 5 61
94 35 98
87 18 1
58 34 62
91 0 28
17 36 54
33 80 47
53 91 30
75 16 41
85 22 68
16 55 89
79 43 15
85 16 77
90 70 83
17 66 2
22 34 25
13 88 88
87 28 91
66 63 17
2 75 38
82 98 38
72 34 10
15 34 11
53 78 66
55 66 21
78 70 76
44 73 26
12 25 38
7 8 74
82 59 79
65 46 19
20 10 56
2 31 52
14 63 47
94 98 16
49 29 47
98 94 89
80 52 8
80 5 39
63 44 91
74 16 33
37 64 52
35 61 2
17 48 66
66 42 62
44 56 22
3 71 80
78 51 71
12 67 9
60 37 60
46 65 67
23 90 38
56 24 29
69 68 76
3 42 19
58 51 35
39 45 59
56 76 0
93 55 55
66 86 83
54 45 83
10 43 84
26 43 36
39 22 30
35 76 77
51 22 48
46 64 68
16 6 61
75 84 80
51 11 22
23 51 13
32 70 70
28 36 69
30 45 6
48 96 87
22 3 72
31 23 3
41 67 91
71 68 7
48 87 31
97 82 25
53 84 6
21 34 28
71 67 87
10 45 11
62 85 65
30 70 70
25 51 74
2 80 90
32 5 88
8 75 21
4 3 56
90 69 95
34 57 35
47 87 89
43 11 1
72 71 24
61 92 95
10 70 49
13 16 77
95 82 67
92 84 29
42 57 69
33 28 58
61 13 32
64 31 79
75 22 6
91 91 43
92 43 76
20 7 30
40 39 94
69 88 62
6 6 42
86 0 12
76 54 45
10 92 27
24 55 71
78 69 98
96 9 42
1 98 77
45 42 72
57 5 86
17 99 42
64 68 88
45 98 39
17 78 89
93 81 49
84 10 66
88 73 64
64 43 22
11 11 36
82 5 31
39 18 26
96 85 56
83 62 5
98 22 69
52 44 98
41 51 37
72 69 69
21 69 90
6 98 26
92 68 14
88 83 61
22 10 90
57 95 97
14 83 68
89 17 77
31 75 99
25 93 87
69 61 73
19 25 78
0 36 57
15 96 87
71 71 44
46 64 74
52 71 23
95 56 24
56 72 41
65 12 8
1 83 32
86 44 5
40 43 84
73 35 13
43 9 88
77 76 46
50 23 30
31 22 37
95 97 93
38 34 31
60 84 56
54 45 25
19 71 58
47 72 58
62 45 77
36 17 80
10 80 44
16 3 98
74 63 76
73 33 68
63 39 94
78 79 18
3 88 81
0 17 20
12 24 39
66 32 46
2 0 80
82 28 61
55 26 23
83 69 33
40 2 95
89 93 22
9 41 94
42 11 2
34 64 83
51 70 81
95 17 25
12 36 15
73 81 23
95 70 12
81 39 54
72 36 13
89 17 35
78 15 42
54 38 40
86 99 53
25 48 60
38 45 41
12 4 56
71 69 47
68 36 7
73 35 12
95 92 49
69 77 16
20 30 5
64 37 7
74 8 90
4 65 62
86 91 52
66 64 1
33 7 85
79 88 38
12 61 91
94 9 70
63 90 71
52 11 3
23 62 30
89 83 29
60 94 85
47 73 65
3 51 31
16 65 58
0 54 10
5 29 83
53 46 80
28 5 87
42 26 23
14 66 49
46 1 45
85 42 61
66 10 7
77 78 42
58 69 32
2 31 0
44 95 41
34 59 15
85 59 3
27 61 21
9 59 97
25 33 80
71 64 35
52 89 26
22 55 33
86 89 11
55 82 30
7 12 54
9 39 75
23 58 79
55 59 57
81 6 59
40 69 2
54 38 80
16 19 42
57 10 5
27 46 22
68 39 98
39 48 30
90 90 35
35 17 41
19 94 93
17 6 61
36 96 71
51 6 53
33 63 20
36 11 34
6 14 38
7 6 55
40 31 97
34 51 69
49 37 98
98 69 66
69 61 67
41 82 89
22 9 38
15 18 42
41 8 47
5 97 25
94 73 30
62 54 38
41 70 2
61 23 45
50 64 45
80 55 97
71 46 97
54 46 74
93 58 35
1 91 74
99 90 74
24 13 18
63 74 22
80 93 10
17 45 44
96 85 85
84 31 51
55 61 70
62 73 24
17 93 95
56 78 89
85 62 41
0 44 41
33 96 96
95 11 40
97 75 52
68 81 12
91 99 71
73 27 20
60 15 24
74 87 14
52 86 40
14 73 80
77 75 38
94 58 67
79 99 55
40 49 5
2 9 3
42 19 76
84 42 82
34 54 0
29 31 0
41 79 76
68 39 72
36 27 10
71 88 55
28 27 84
30 43 0
80 49 41
11 89 74
79 68 91
83 55 63
75 23 17
40 43 31
80 58 59
61 53 53
86 36 48
90 69 84
92 5 79
59 56 51
29 28 84
63 33 12
82 95 58
5 49 72
96 48 58
43 2 7
40 92 76
53 39 62
77 23 18
3 94 74
7 66 19
9 29 52
44 91 52
37 76 66
69 57 80
55 79 24
56 45 99
16 22 86
75 64 15
36 59 59
61 18 64
68 45 66
96 55 54
64 99 70
50 34 12
45 2 46
95 99 93
86 29 38
35 32 6
20 75 29
69 89 98
74 41 56
0 81 43
81 41 87
55 7 62
12 8 3
42 23 91
11 53 93
35 28 11
12 6 75
34 78 29
95 39 55
19 84 28
1 1 80
99 20 95
78 96 85
45 10 72
45 80 72
23 97 44
28 66 34
27 4 12
51 63 23
50 65 48
64 85 76
49 4 9
98 51 18
54 9 97
62 93 92
70 7 16
66 48 65
66 48 22
66 45 94
54 78 54
99 62 38
97 96 96
30 36 15
32 95 90
17 93 40
55 7 11
16 52 37
45 19 74
4 19 20
87 66 68
50 23 43
50 66 54
89 12 57
78 68 21
77 59 27
77 24 48
0 43 91
66 35 33
81 58 95
48 13 11
39 72 5
41 16 27
22 17 80
66 45 60
20 80 62
54 5 33
60 11 75
95 42 68
64 26 87
58 60 14
5 66 54
78 46 73
50 42 35
33 0 81
23 44 12
29 64 78
87 54 80
0 98 66
79 13 60
13 75 5
49 41 38
75 17 42
95 42 35
82 23 48
4 58 7
14 2 0
82 1 30
76 29 3
22 91 87
57 61 76
93 70 71
40 7 57
20 96 81
84 11 65
22 88 44
92 9 48
3 96 68
75 31 80
77 45 64
62 16 13
59 98 58
8 36 10
76 45 73
15 11 30
71 40 23
55 84 10
86 42 32
50 55 26
27 46 26
5 23 56
92 32 70
19 98 96
33 4 74
38 28 50
78 10 69
17 22 24
57 3 87
52 87 99
6 12 44
99 94 86
61 42 81
9 86 84
58 30 70
34 76 39
88 80 19
21 84 28
69 23 9
98 93 92
18 93 94
29 26 71
50 12 64
50 90 23
33 42 29
85 11 68
83 84 43
21 48 83
97 24 67
52 71 64
61 72 95
57 90 57
38 54 16
38 64 52
74 87 49
87 40 19
11 26 23
22 10 7
86 35 29
57 25 21
72 39 24
63 75 8
17 70 26
21 70 26
68 36 27
83 32 3
11 25 40
22 27 35
76 10 70
26 4 83
54 45 80
58 98 17
12 24 47
81 39 80
58 76 57
36 97 72
66 69 68
50 22 35
59 14 95
82 52 15
36 73 20
80 16 10
98 18 22
68 95 30
90 74 24
8 94 5
4 70 3
98 91 14
29 17 33
99 31 81
27 46 85
17 17 7
22 38 23
37 54 77
56 9 89
29 37 70
37 36 49
74 31 38
47 43 28
87 3 41
59 65 33
85 58 43
83 86 40
88 80 69
17 26 73
40 62 44
21 3 49
75 2 69
86 59 89
53 15 21
17 27 13
89 8 85
31 75 12
18 38 83
98 21 13
21 81 30
33 79 29
87 21 30
31 77 80
84 40 65
61 11 85
17 80 20
52 89 15
7 41 6
67 36 41
37 50 5
65 5 52
57 55 33
8 75 29
34 2 87
15 27 80
24 74 25
75 90 63
57 21 19
15 84 12
62 86 57
66 26 55
51 38 7
77 37 89
2 34 55
4 21 78
41 44 5
79 55 9
12 48 31
37 53 17
79 49 73
87 84 71
72 70 57
39 74 18
79 74 46
37 37 76
85 10 83
46 32 64
17 3 99
13 59 38
14 42 6
60 52 58
59 38 56
52 51 64
86 7 63
4 96 40
32 0 14
71 6 15
56 71 26
73 92 44
80 58 61
58 23 85
17 66 14
63 52 70
84 42 38
56 7 10
33 2 24
29 92 99
92 82 21
15 97 61
61 39 57
68 95 80
48 16 96
72 53 99
69 35 7
63 45 86
84 59 8
73 40 93
45 48 58
57 56 85
23 71 96
61 19 33
12 69 72
94 60 56
87 59 54
95 27 62
4 50 32
0 69 81
93 78 99
9 75 28
73 92 61
55 10 98
21 77 33
43 98 38
17 31 96
39 72 86
95 43 34
26 56 89
20 60 56
45 9 84
82 16 70
9 84 33
35 88 12
98 8 53
44 47 57
60 91 91
66 47 66
82 32 45
78 65 41
13 3 31
47 38 73
62 52 34
74 57 81
96 97 32
84 16 56
86 67 60
17 1 52
76 83 66
29 16 37
14 10 69
52 68 80
9 54 29
35 7 43
60 23 85
53 49 45
85 27 61
37 40 18
31 10 28
7 97 31
9 91 20
5 66 69
60 4 4
46 70 31
88 22 59
52 7 3
40 59 94
32 25 72
78 62 77
43 88 67
8 91 21
3 83 76
79 47 65
70 10 94
1 89 26
75 96 97
64 92 85
21 60 63
36 91 25
74 72 58
90 76 29
21 76 76
58 9 23
34 6 77
42 29 92
49 93 80
27 37 26
88 73 47
51 28 9
58 11 5
99 83 39
49 24 60
49 63 33
16 56 88
0 1 10
42 48 58
68 93 72
94 84 8
54 37 34
33 79 46
52 62 24
33 48 28
52 38 75
38 34 75
5 86 67
49 24 12
65 43 61
90 56 61
59 13 98
77 21 12
11 37 19
78 3 47
50 67 81
87 89 96
59 81 18
24 55 70
47 44 59
18 83 11
71 19 70
60 21 76
2 78 98
14 98 6
92 44 42
9 27 64
43 86 28
92 71 77
96 18 13
39 30 1
13 61 30
17 39 71
42 92 77
60 81 61
76 64 76
55 93 80
29 5 44
48 15 40
85 15 78
77 20 98
27 79 96
57 58 39
0 45 63
66 44 47
32 29 99
19 23 25
96 43 47
0 26 70
42 17 26
10 33 17
40 45 60
68 45 21
93 27 22
19 46 1
72 40 5
61 22 46
34 24 26
16 84 45
52 43 96
87 89 58
73 11 29
47 29 46
95 68 1
54 52 25
12 22 39
62 91 94
30 45 5
61 16 50
68 46 70
30 25 46
79 60 24
82 7 6
68 63 72
37 52 16
3 86 66
81 81 42
82 0 17
16 13 17
96 9 70
67 10 29
49 23 33
70 87 53
17 0 91
91 52 57
76 51 1
21 20 74
13 14 98
26 81 48
40 56 7
14 49 69
71 71 56
4 82 34
83 40 79
79 60 20
96 28 5
46 24 42
77 88 19
51 81 81
70 60 66
58 32 77
50 71 42
21 88 24
62 78 56
71 29 43
73 12 95
72 85 68
10 22 56
80 56 53
90 52 58
38 46 85
65 98 55
22 23 95
7 29 73
2 3 81
29 84 29
32 60 28
68 87 61
5 97 23
24 46 10
0 71 80
72 34 90
97 40 97
15 51 94
35 98 14
30 69 83
9 71 16
50 51 40
5 6 89
84 61 27
50 54 64
22 73 81
52 17 60
1 94 5
64 5 90
83 50 28
62 78 81
68 33 16
65 72 39
37 53 83
50 33 54
42 33 40
19 14 47
15 78 7
51 25 20
44 42 1
48 60 14
65 52 77
65 89 48
82 37 28
62 66 99
51 84 97
18 94 96
38 91 35
54 68 78
75 16 1
41 38 64
45 96 52
17 93 4
17 39 59
63 38 8
58 62 46
51 11 63
83 75 56
74 10 43
44 96 53
36 2 33
38 55 92
23 5 63
26 14 54
16 15 30
80 85 10
25 22 14
54 66 25
97 35 33
76 81 1
55 57 98
36 30 81
93 67 43
66 77 83
50 61 66
53 82 88
32 72 5
79 39 60
62 82 33
44 54 20
84 18 66
13 13 74
86 28 60
66 62 23
26 28 78
24 82 58
78 97 65
80 28 89
25 72 97
66 9 1
7 22 7
78 26 22
39 23 81
81 15 27
2 93 75
34 65 24
87 1 5
98 99 20
86 74 32
89 27 10
82 78 39
3 47 9
18 94 95
72 3 45
60 96 76
88 92 36
52 85 98
91 69 19
36 40 33
81 50 88
53 53 75
58 62 78
6 13 96
77 5 27
55 57 99
77 30 70
68 92 49
78 57 27
66 53 37
83 76 57
23 11 79
76 0 30
68 75 61
83 41 17
68 57 79
73 35 11
53 24 65
13 98 8
20 92 10
51 68 12
67 81 48
58 94 95
2 33 54
83 40 44
70 14 91
47 85 13
26 59 12
26 98 69
93 21 88
37 60 6
91 83 52
1 54 55
5 3 13
20 18 21
41 29 82
98 81 25
83 41 80
12 58 3
41 67 90
82 16 83
41 19 25
62 64 20
18 8 59
9 67 63
38 44 2
0 89 26
56 48 15
57 15 18
99 83 33
94 5 69
91 54 24
56 84 57
43 22 73
73 15 33
65 57 90
59 37 54
95 52 87
40 13 67
13 33 73
77 56 65
32 3 24
33 10 90
51 88 93
60 92 57
10 62 29
38 13 30
82 65 4
61 50 30
21 84 25
12 52 50
71 71 43
18 84 98
79 75 8
87 68 60
52 88 19
50 51 7
82 69 44
50 73 6
14 95 61
25 65 30
9 19 40
73 57 78
37 30 9
14 7 17
26 9 91
68 49 26
25 3 11
41 55 8
4 55 5
21 97 82
39 14 58
45 63 9
13 77 90
29 49 61
33 80 57
85 24 72
17 43 0
68 31 65
21 35 20
71 69 8
83 19 67
48 33 86
50 12 80
98 73 7
28 87 70
45 69 40
63 69 87
68 45 70
2 63 25
46 28 45
9 1 50
78 59 19
59 56 56
50 28 94
81 79 81
34 43 87
55 10 39
81 50 29
83 68 84
96 21 27
54 1 84
72 95 94
80 14 26
82 44 23
34 28 11
6 83 83
34 43 29
4 44 63
19 10 25
73 10 3
49 20 1
47 61 2
56 56 47
62 30 23
86 72 89
7 74 78
64 76 46
11 93 37
78 82 38
15 5 62
52 96 54
58 3 87
86 60 43
75 31 99
44 79 82
68 94 37
82 49 30
40 12 39
77 69 20
14 87 55
83 92 91
74 30 87
9 48 98
52 9 42
36 94 22
90 63 89
36 32 76
28 74 46
58 92 6
68 64 46
33 8 52
56 83 61
66 46 32
40 88 14
22 11 7
70 12 96
95 49 32
37 69 87
38 76 60
82 43 23
13 3 6
38 64 51
65 2 63
17 27 61
57 43 66
92 66 76
5 39 98
71 10 93
47 63 69
32 76 0
74 87 50
88 20 31
30 31 2
9 78 70
72 30 24
26 25 29
87 92 69
23 83 85
76 72 8
47 12 10
5 9 75
16 48 86
74 33 62
97 6 74
70 12 38
84 61 64
15 80 38
28 5 43
13 75 78
35 80 35
76 31 55
51 20 35
16 22 23
27 58 4
99 95 88
50 6 29
11 93 6
42 97 36
61 20 19
41 13 40
74 93 45
14 9 20
34 86 44
64 35 88
30 16 68
24 40 31
92 79 9
47 45 74
54 8 39
85 83 51
24 67 40
70 0 10
53 48 86
35 68 89
91 1 30
25 41 23
22 98 18
80 55 8
94 32 19
66 97 8
0 16 63
34 2 88
12 97 7
17 58 84
2 16 29
95 20 3
17 16 75
54 49 37
92 6 81
72 80 23
10 25 93
91 35 35
11 0 63
47 44 75
80 21 77
65 76 71
27 37 64
38 0 17
72 18 74
68 74 4
38 43 88
83 51 14
52 12 62
47 7 38
17 24 96
48 2 2
9 34 9
82 80 41
32 95 84
88 23 59
91 0 29
91 49 28
13 99 38
34 29 10
90 68 18
22 4 72
25 54 61
41 21 1
78 67 64
93 7 93
40 83 4
93 31 71
55 10 94
82 6 85
99 22 17
94 37 41
80 91 42
77 69 29
33 8 12
13 51 19
63 19 85
0 62 46
80 17 13
30 12 1
5 75 64
77 93 74
24 15 94
79 88 37
91 51 50
3 39 26
47 17 95
62 25 24
54 97 56
83 60 39
62 5 72
79 91 0
7 37 74
90 76 74
5 42 80
91 94 21
51 17 93
55 0 24
81 27 88
87 52 33
60 11 14
76 55 25
16 96 62
7 33 98
92 69 14
6 90 44
83 69 35
46 77 83
12 94 92
70 71 45
43 52 52
64 68 34
22 51 22
33 71 6
86 99 93
49 34 23
3 67 8
70 90 86
6 74 28
56 14 18
40 51 15
80 88 44
71 77 96
32 54 5
50 23 28
56 33 46
55 7 10
69 56 79
96 41 79
76 37 78
43 89 25
57 30 66
87 25 78
73 3 21
71 5 7
6 23 56
87 82 61
64 93 65
15 91 82
74 94 78
64 29 25
20 65 80
74 42 56
29 54 81
23 28 24
25 82 49
84 16 49
95 42 78
62 33 40
99 21 84
43 91 46
83 8 28
15 62 31
32 52 43
61 41 82
94 36 26
55 78 88
51 50 79
58 46 44
68 32 10
82 44 6
34 22 86
49 6 42
47 78 31
30 67 1
53 53 25
91 52 90
1 52 39
48 78 31
13 20 29
44 14 44
41 93 10
36 33 41
49 48 78
65 66 66
68 87 70
65 45 22
24 92 76
65 84 27
97 88 99
69 58 95
36 92 42
33 95 85
32 94 97
64 91 83
61 72 24
48 2 73
92 2 31
28 92 0
94 55 19
3 46 48
34 18 21
61 11 87
14 39 33
57 17 41
34 89 94
62 85 64
76 94 68
75 82 88
39 95 32
49 15 40
96 84 55
44 28 76
25 47 42
13 96 52
82 67 43
72 92 11
55 20 21
26 59 20
6 95 57
62 67 89
32 7 43
41 45 60
94 41 35
70 13 80
22 48 65
99 71 9
9 55 87
72 64 87
80 7 31
91 12 25
58 21 2
51 87 19
22 52 49
15 93 28
93 26 18
73 69 47
90 75 54
3 8 41
28 89 20
18 77 98
20 54 14
40 9 62
13 24 13
64 97 64
70 68 88
97 18 26
13 70 71
11 81 43
63 71 72
20 32 97
79 15 62
30 78 77
16 79 72
1 74 86
38 41 18
11 13 36
98 49 2
84 79 32
1 88 92
10 25 24
20 47 35
56 67 21
45 12 28
68 45 54
78 10 54
52 62 99
33 9 83
84 5 55
49 37 52
49 66 70
34 60 71
65 32 78
40 57 91
84 10 69
4 74 64
70 0 28
76 82 90
36 43 28
49 90 44
10 99 22
27 98 6
4 86 67
79 18 14
49 60 45
74 48 83
79 92 11
35 59 3
57 63 93
74 23 18
11 71 1
27 11 5
2 35 1
9 66 33
33 78 45
78 54 59
13 95 61
21 74 50
80 65 62
69 11 68
4 41 66
8 92 5
88 46 52
94 5 87
62 70 96
31 41 6
70 42 67
94 4 87
62 23 93
69 47 28
47 83 5
66 69 97
35 31 33
47 88 43
68 58 96
85 44 26
7 28 21
41 72 63
55 84 74
41 96 23
84 87 39
15 11 22
88 56 37
74 59 26
53 27 83
43 80 99
66 39 37
41 91 9
74 68 48
96 69 96
43 3 73
57 20 13
94 54 4
57 61 38
92 3 84
3 96 24
99 21 18
29 59 68
65 62 25
36 2 88
21 56 93
18 33 14
5 17 56
24 4 38
31 84 72
31 23 12
62 85 56
22 10 40
27 25 25
44 27 58
68 65 61
12 11 29
95 21 39
86 96 13
26 56 66
45 47 87
72 4 8
67 18 80
20 70 91
80 19 15
15 73 16
54 61 25
35 84 16
25 11 15
50 47 3
92 72 53
28 12 80
89 73 90
65 81 94
30 12 5
57 57 45
44 97 13
92 71 27
94 59 68
56 20 20
49 60 47
28 21 97
65 25 94
91 77 73
66 8 5
99 21 17
80 30 44
48 2 71
12 89 89
22 15 79
36 11 87
93 46 5
47 62 3
3 48 8
31 91 50
58 26 4
97 75 68
64 2 76
58 31 22
52 64 24
35 25 77
92 25 17
75 82 30
23 50 4
3 79 11
80 98 54
38 37 50
28 85 30
26 25 83
62 53 35
93 16 9
77 50 1
43 55 37
39 42 32
6 13 53
35 79 38
11 58 11
59 12 21
83 49 41
67 74 16
41 62 43
11 61 24
29 90 33
9 89 63
67 9 1
92 45 49
24 19 99
95 57 66
12 1 62
85 25 70
45 26 11
60 97 28
58 87 20
28 17 37
12 20 90
9 43 8
2 87 2
93 65 24
7 65 45
62 34 12
56 2 25
31 1 79
68 70 89
18 7 81
10 45 12
9 39 52
55 12 16
34 72 64
9 24 97
94 82 68
75 73 90
54 40 32
73 71 58
48 44 59
99 74 25
70 11 72
65 46 22
26 23 53
97 87 48
71 86 54
24 33 57
22 22 4
98 61 2
87 87 99
53 91 69
44 3 96
20 74 74
85 19 65
82 31 24
59 80 40
0 11 95
55 58 56
23 99 19
76 95 67
17 23 47
22 64 52
41 54 46
47 44 33
98 89 74
82 16 28
49 95 39
57 18 80
34 99 13
38 13 23
15 47 55
20 91 9
36 99 15
78 51 2
66 77 36
2 88 44
81 19 2
94 41 64
70 58 20
3 42 74
88 48 96
56 14 81
21 37 7
90 20 41
40 8 58
48 97 6
66 72 29
18 4 61
10 5 55
31 51 67
23 44 11
26 23 88
75 77 76
62 83 26
46 81 73
15 46 3
1 52 26
51 16 61
82 49 88
74 34 12
40 25 34
35 64 58
63 29 24
70 46 69
66 55 7
42 60 55
83 47 64
87 0 6
45 72 18
64 46 19
81 15 71
89 12 60
65 33 46
4 24 67
21 90 7
78 62 87
63 63 15
76 9 89
43 48 82
22 73 12
61 82 90
29 44 5
69 2 37
83 92 99
5 48 85
41 93 78
17 40 60
2 22 13
71 1 29
82 39 80
96 53 80
0 80 42
45 56 2
52 71 46
53 53 28
61 20 73
38 90 24
3 57 33
38 44 85
5 13 37
64 10 33
21 14 60
55 88 50
72 1 26
58 95 17
41 72 64
81 74 96
37 71 71
16 44 43
45 99 39
37 65 51
49 11 79
8 32 70
34 83 62
0 94 48
48 35 26
28 5 81
81 96 51
17 76 99
6 29 94
86 9 71
74 12 22
20 16 79
29 75 37
57 42 39
62 65 10
36 36 76
87 24 58
79 67 98
47 96 25
97 18 30
38 52 16
40 44 31
55 83 39
13 32 44
59 93 5
81 29 23
62 19 73
4 43 81
78 72 22
61 44 99
25 26 29
71 83 81
94 57 25
51 27 53
12 26 51
22 89 38
41 41 22
61 3 19
0 70 10
35 84 96
67 73 63
5 62 91
42 72 63
33 57 7
30 47 42
81 12 60
38 19 76
33 59 95
48 93 2
76 62 0
28 17 60
77 87 6
18 89 88
34 38 45
32 92 49
61 30 25
18 5 62
71 76 3
47 76 89
3 40 31
21 70 25
91 95 19
96 57 18
82 75 67
71 87 21
90 57 1
92 72 52
13 17 8
77 72 43
74 93 42
48 2 86
2 94 97
12 47 31
69 37 94
94 11 41
73 76 1
56 14 17
2 21 85
14 97 86
95 65 93
51 72 41
81 55 96
77 7 22
60 63 81
23 51 54
34 96 89
87 53 71
26 90 17
20 56 71
46 44 45
72 29 88
20 77 34
4 3 14
31 4 98
2 62 67
12 46 67
53 46 26
77 17 31
86 38 93
66 45 36
56 16 85
51 11 20
98 34 46
22 17 82
12 40 41
57 13 11
8 2 56
64 31 81
15 8 28
52 47 79
15 34 12
41 99 68
84 3 28
98 85 91
5 32 82
88 74 84
47 71 31
84 97 40
30 70 99
8 42 7
62 37 50
19 32 45
0 63 25
36 91 70
75 46 48
90 30 70
16 80 89
66 99 40
10 52 93
78 55 27
11 83 64
85 42 38
14 30 3
85 13 96
51 67 80
42 75 35
69 49 27
80 22 11
29 48 60
65 54 38
82 32 39
3 58 6
80 29 24
84 24 78
77 92 85
22 21 73
57 7 10
29 68 95
8 12 54
8 90 37
63 11 62
86 61 31
41 98 93
55 45 82
27 12 7
16 3 67
23 25 14
70 55 79
6 98 18
75 32 98
19 40 44
23 83 86
47 45 15
71 97 24
58 30 37
34 64 58
32 64 69
13 84 44
67 35 28
30 15 69
77 93 86
80 24 12
22 59 98
39 31 93
31 55 49
70 86 82
13 59 94
48 40 66
73 44 35
98 43 31
43 28 96
39 97 2
16 85 75
88 72 92
57 68 31
18 4 57
59 94 18
87 60 84
36 25 48
50 6 43
92 68 31
2 59 59
52 53 27
2 39 21
72 93 60
46 18 16
31 53 59
63 75 9
39 63 50
64 78 36
72 16 94
3 86 83
50 5 27
24 52 18
41 92 77
50 29 9
16 51 95
26 48 25
25 71 31
5 29 54
83 38 87
41 83 88
11 59 4
29 5 80
7 81 89
96 62 78
90 45 42
88 18 0
9 61 30
39 28 51
76 42 94
40 29 24
33 95 90
29 91 63
16 63 31
68 32 38
86 26 85
87 76 24
85 83 94
29 36 84
30 85 57
40 53 67
10 0 77
98 82 39
93 82 2
29 70 71
98 28 3
92 35 34
47 82 88
61 86 65
35 63 58
52 77 92
92 99 70
57 88 21
87 10 57
4 48 60
14 77 96
55 65 85
50 76 31
33 93 80
14 78 90
93 5 26
19 26 79
37 47 22
90 25 90
68 10 67
24 44 46
74 53 43
77 27 20
72 22 83
31 53 14
92 23 15
40 33 0
0 9 10
78 5 86
5 83 94
13 68 71
93 66 31
39 84 84
67 22 46
85 58 7
13 3 8
36 65 41
30 7 42
76 61 28
64 54 38
82 60 8
77 8 97
0 10 50
62 56 37
41 66 99
35 87 44
34 78 56
56 71 53
62 22 0
47 35 21
71 85 13
67 27 13
8 36 19
98 77 10
68 61 5
90 93 35
43 90 39
34 13 88
47 92 58
59 82 19
15 17 91
0 51 1
12 80 75
18 90 28
96 56 66
30 24 90
23 53 5
22 95 32
39 45 40
95 1 48
96 74 23
25 44 69
14 34 59
97 17 93
32 16 48
94 24 9
24 20 4
58 62 76
18 37 70
40 71 3
93 40 16
89 11 59
54 86 28
94 28 51
50 25 99
50 27 95
17 3 0
67 70 0
87 29 20
10 14 50
24 52 54
99 2 10
28 91 99
31 54 84
66 53 55
21 72 65
17 90 87
90 31 34
82 33 44
3 54 19
67 96 7
64 65 16
76 24 47
94 27 23
93 86 2
8 43 27
85 18 65
7 64 68
99 69 67
40 35 91
33 92 53
73 89 23
16 48 55
16 52 50
7 17 49
98 94 92
2 78 11
25 64 14
49 52 34
58 52 35
4 6 27
33 69 76
78 19 8
89 46 84
99 87 63
78 91 11
72 32 89
80 64 24
24 31 13
94 49 69
74 32 64
64 76 37
46 50 14
21 75 74
49 6 28
99 27 71
8 69 36
44 26 57
40 26 33
57 71 61
45 90 50
83 84 70
46 63 94
30 66 2
75 1 90
50 19 26
40 13 84
64 97 63
67 68 98
66 46 60
33 21 19
14 59 0
74 3 61
64 24 93
72 18 92
80 68 4
30 2 42
77 89 20
77 64 56
15 31 4
83 69 85
63 31 80
4 26 95
40 8 55
1 79 13
96 22 87
64 0 34
53 36 51
65 77 45
85 59 2
16 77 44
87 84 38
35 88 95
51 47 78
95 74 29
28 41 37
31 59 17
2 35 55
53 83 6
67 67 50
95 48 57
63 27 49
26 67 20
16 82 14
92 91 17
98 56 67
13 10 20
96 41 98
22 33 96
62 57 85
3 61 24
33 88 45
37 87 75
35 79 20
75 2 68
83 44 84
36 8 44
38 78 79
58 33 61
77 48 52
33 58 8
9 3 55
12 74 77
99 14 41
97 95 94
46 91 50
80 48 28
33 38 64
84 44 25
38 16 63
52 86 0
33 71 89
73 3 37
73 43 89
83 29 24
38 9 79
23 33 96
17 37 44
63 16 29
87 57 36
53 10 97
50 7 94
63 15 15
46 77 59
71 1 4
85 9 87
2 75 49
3 59 31
83 29 61
7 82 66
46 93 16
68 21 34
12 71 24
68 55 6
62 99 92
97 32 88
38 83 23
38 29 66
15 52 36
86 42 96
37 35 31
13 21 48
1 67 55
48 16 9
14 11 23
61 3 69
68 86 71
52 54 26
31 35 32
50 47 77
68 63 45
87 19 82
39 25 18
63 54 36
99 91 73
72 40 92
29 78 71
9 53 55
94 14 80
83 73 18
93 22 5
0 89 73
2 85 35
47 83 21
63 93 91
92 1 83
46 23 17
30 67 3
96 36 32
42 87 5
89 95 21
30 76 74
56 80 81
77 68 19
45 54 80
10 4 56
54 99 63
7 14 48
23 44 47
49 64 46
37 41 37
35 99 62
13 60 92
46 53 93
4 98 17
62 71 83
25 16 95
76 95 6
41 95 8
71 92 85
45 36 68
4 88 80
87 43 13
55 44 83
50 79 12
56 38 94
45 52 80
0 63 76
98 11 97
46 2 73
21 58 99
30 37 83
82 69 85
56 73 49
78 91 90
12 36 14
10 8 74
89 27 98
58 15 13
46 66 54
34 42 28
5 6 27
53 30 27
64 42 42
85 43 75
52 46 74
40 90 24
76 62 29
13 35 15
68 52 13
69 11 97
7 24 35
17 82 13
63 86 79
92 94 95
70 95 6
9 17 36
73 68 9
2 18 4
66 29 61
4 99 50
96 95 23
20 65 71
41 71 74
37 25 0
75 85 16
49 99 20
80 32 45
20 34 29
57 61 77
2 21 47
19 84 52
16 80 90
2 38 20
39 8 79
59 6 73
29 85 84
78 65 70
74 70 49
19 76 82
99 91 17
87 94 35
44 29 75
27 21 61
2 34 29
47 15 95
89 35 87
80 14 60
77 90 38
33 23 27
96 34 59
35 86 71
35 12 88
82 43 70
22 89 24
72 55 89
30 10 38
52 4 77
14 22 69
21 93 11
79 97 55
28 92 64
97 16 41
94 19 26
84 13 97
93 61 26
44 32 40
13 88 54
52 51 14
68 55 86
94 71 76
99 29 90
15 94 27
66 31 78
84 43 62
24 12 81
70 53 91
5 65 70
91 25 64
87 97 95
6 87 13
22 26 34
56 36 29
89 56 54
51 71 84
6 66 49
98 33 46
68 36 26
11 10 24
11 79 18
44 42 91
5 50 71
16 38 80
54 34 4
4 83 34
63 11 85
67 83 5
86 49 36
28 22 49
78 30 70
10 84 21
38 1 6
19 78 11
78 60 95
26 11 6
81 49 39
66 41 5
77 74 33
38 54 84
69 9 51
84 70 86
31 41 14
86 19 0
16 2 90
61 42 11
38 86 39
8 52 95
21 75 85
96 33 90
10 2 54
29 11 39
49 58 59
50 65 53
85 23 71
79 14 50
55 61 77
28 25 60
63 64 15
60 46 69
3 81 12
84 66 52
2 17 23
7 48 41
25 15 16
37 12 88
76 94 47
80 82 36
34 81 49
23 50 14
13 58 38
36 8 39
25 64 56
33 61 27
74 10 30
10 61 39
55 44 81
38 17 61
87 43 14
61 14 33
90 5 47
60 5 59
69 19 28
71 44 11
40 11 1
48 45 45
30 0 63
44 56 38
83 92 25
10 25 39
99 31 52
80 48 34
31 96 91
81 57 60
36 50 68
73 17 32
50 89 43
34 30 65
23 75 13
60 73 94
86 57 9
69 33 5
52 35 78
7 75 20
68 89 71
40 20 13
81 33 46
20 14 28
3 71 54
32 62 10
44 5 28
15 92 69
92 76 71
7 23 55
26 48 91
54 42 90
93 24 16
36 40 38
12 38 70
25 68 13
29 31 3
8 90 63
89 83 78
55 52 72
31 46 81
26 90 18
69 17 57
41 96 83
35 9 38
23 44 37
71 56 56
64 85 28
39 59 15
18 43 21
19 39 35
19 89 30
69 48 61
13 26 48
57 73 46
29 70 84
58 40 44
56 2 24
99 50 17
85 58 9
70 30 92
25 16 51
43 33 41
36 28 29
26 0 63
90 15 19
87 12 21
35 54 0
79 50 1
70 4 45
23 96 9
14 8 90
56 21 78
59 35 69
52 89 92
14 94 31
82 81 91
24 62 29
93 59 56
40 50 10
31 79 59
90 34 82
2 70 72
24 84 87
38 61 6
59 97 76
55 93 15
36 24 61
44 55 23
56 3 85
55 9 56
22 74 15
46 18 76
87 90 99
39 9 59
71 37 13
18 47 65
71 67 8
18 94 25
23 20 70
22 0 21
22 81 6
19 38 84
77 59 71
13 35 58
70 1 48
48 29 23
41 88 53
22 73 16
35 30 64
87 14 74
90 98 71
76 82 89
22 85 2
81 99 54
44 19 53
6 59 56
71 79 77
45 66 93
95 82 65
6 50 21
23 24 63
50 80 49
56 43 97
64 12 62
55 41 78
2 94 75
21 58 7
21 45 29
45 28 47
49 7 79
47 8 15
87 86 55
40 92 9
97 35 47
81 24 34
11 28 63
13 23 48
18 21 64
18 96 77
95 40 58
76 2 89
70 75 49
96 28 4
20 97 95
12 75 15
88 11 57
13 45 42
48 90 2
58 37 55
49 58 87
14 21 29
71 12 80
62 25 73
44 2 12
3 49 59
41 42 94
77 4 85
27 0 53
29 41 24
61 9 88
87 87 57
5 23 32
10 57 70
53 31 59
41 34 99
13 83 67
33 25 27
83 70 44
32 58 98
27 49 91
24 13 54
30 63 79
28 36 65
81 26 26
7 74 28
3 71 71
86 96 98
28 38 64
13 51 50
47 88 32
35 93 43
22 96 21
10 5 24
89 68 60
70 75 3
35 6 53
43 42 23
58 33 98
7 73 29
39 26 62
36 12 2
52 69 81
13 78 59
33 42 56
17 53 2
28 19 12
92 45 79
57 68 50
53 7 39
30 72 56
48 53 6
95 58 66
60 47 95
65 28 19
72 63 47
38 42 16
30 23 36
38 96 33
45 47 94
51 36 8
45 46 94
2 84 33
11 5 57
66 47 23
39 35 65
36 52 65
41 82 4
75 17 25
88 99 27
76 34 69
6 94 5
68 29 70
35 82 95
71 11 10
61 93 51
99 54 68
84 32 53
61 24 84
85 49 73
62 46 78
50 51 57
75 60 27
41 54 58
48 42 29
8 88 49
6 98 66
92 44 23
3 71 70
3 41 32
1 23 57
96 55 78
7 61 7
62 27 89
0 21 56
35 85 17
14 98 31
8 35 41
50 41 11
77 65 18
55 23 77
83 96 57
70 65 81
22 40 76
11 92 44
18 27 61
63 84 27
27 26 61
5 66 20
78 33 13
23 4 31
74 16 56
16 84 74
2 63 66
32 1 51
47 8 70
69 47 69
83 49 40
41 31 32
25 65 46
32 79 56
19 5 58
43 27 14
54 46 25
26 38 25
25 52 75
64 97 56
1 74 75
4 42 67
25 24 31
35 20 59
20 73 25
30 0 79
1 86 21
76 18 32
27 91 64
31 65 68
1 40 19
30 39 64
33 79 55
77 95 15
54 82 21
18 71 51
14 98 30
69 10 76
14 52 94
34 90 2
1 29 59
18 46 64
67 46 93
67 79 81
73 78 62
14 95 15
58 61 16
95 82 57
53 8 38
39 72 85
6 60 57
3 31 88
18 65 72
33 15 96
29 51 76
17 79 56
38 2 3
84 48 65
18 47 30
36 0 88
79 53 80
75 84 89
50 52 2
92 20 46
10 28 63
34 3 25
66 85 27
34 87 65
68 48 80
79 38 59
62 94 83
54 44 86
56 12 17
52 77 91
34 8 44
2 62 24
6 9 75
90 9 62
78 61 50
27 59 97
70 64 36
64 53 46
89 44 98
3 20 38
55 9 8
60 14 99
29 21 65
26 5 11
53 32 49
46 77 80
15 77 43
78 97 85
80 61 46
84 55 57
69 5 31
42 41 23
26 84 31
25 85 88
92 63 15
70 86 12
11 43 84
42 93 77
76 72 3
80 76 81
23 4 38
25 51 17
61 85 55
1 15 85
4 48 36
83 40 81
9 0 21
27 43 68
35 0 89
94 0 60
14 23 13
1 90 29
55 95 28
96 15 56
67 65 25
44 28 11
91 56 1
54 45 74
6 86 1
65 28 13
26 0 18
89 85 11
89 68 94
16 39 97
44 24 12
25 47 10
88 10 42
87 60 45
39 95 34
18 62 49
11 3 55
50 32 92
49 17 97
60 94 6
40 9 4
83 43 85
30 24 82
62 35 77
45 93 55
70 0 55
11 20 65
72 87 54
91 20 42
8 93 11
75 30 86
30 92 75
63 28 49
48 7 61
56 4 88
22 36 6
11 73 85
80 8 63
19 47 87
41 13 67
74 90 21
96 29 63
24 11 80
84 94 30
89 1 8
32 6 85
59 66 16
81 36 27
88 67 60
13 76 41
45 65 73
93 83 3
71 75 96
49 36 51
38 1 7
68 45 92
74 92 88
34 74 94
5 47 55
78 15 43
77 58 28
58 14 87
50 50 58
70 91 3
23 32 26
71 25 27
10 47 99
20 85 29
88 51 75
35 73 29
88 86 77
88 87 55
12 25 24
36 46 23
4 96 24
17 32 6
30 55 20
57 1 36
15 27 98
92 92 75
96 52 65
3 67 11
48 87 32
11 94 74
73 70 92
78 28 43
97 52 49
5 11 77
16 20 38
52 10 72
40 80 37
15 59 37
36 39 52
77 20 6
86 63 17
67 4 24
64 95 60
55 25 0
83 1 78
45 80 53
32 86 72
54 96 56
38 37 90
89 92 22
22 51 12
19 87 18
82 87 82
25 33 59
46 19 75
62 71 81
94 49 33
13 17 21
93 66 50
31 24 3
98 10 94
14 82 80
66 20 3
72 93 7
62 84 54
52 47 36
12 38 0
80 72 47
46 32 85
83 25 95
78 89 37
33 57 56
15 21 1
47 83 9
33 8 67
82 87 53
3 93 96
32 52 66
3 78 38
61 62 82
96 8 25
17 1 99
60 43 80
28 18 49
77 75 96
42 93 89
82 79 40
18 3 47
78 68 91
66 14 94
13 96 14
56 53 68
14 0 67
21 0 22
60 9 78
95 49 68
55 30 31
18 92 68
41 81 44
53 50 63
51 39 57
90 36 82
53 3 14
33 0 14
47 62 70
39 8 55
1 32 39
19 98 97
23 21 86
75 86 14
32 46 85
59 14 14
26 17 94
7 76 98
24 40 6
40 23 85
34 7 51
18 19 51
11 17 77
55 72 76
25 44 36
4 3 87
84 2 79
17 49 87
44 65 73
88 84 70
85 61 89
31 43 29
48 6 43
76 98 32
36 39 82
46 69 39
31 21 38
38 2 64
21 9 39
94 29 36
9 32 17
37 72 18
10 20 64
76 22 13
49 73 73
23 0 20
56 43 38
62 62 68
95 28 93
5 26 68
72 81 37
29 9 37
6 41 7
89 67 50
10 43 31
96 2 48
62 46 63
19 54 56
17 23 10
13 82 47
94 0 97
59 12 89
91 33 71
14 59 37
45 56 54
59 14 16
31 67 20
85 73 33
86 4 73
81 68 44
69 88 96
30 45 90
68 55 87
82 55 22
98 96 88
85 47 65
32 67 12
50 48 96
52 42 65
2 80 12
63 91 84
52 85 6
73 31 86
70 30 50
7 94 7
18 93 5
84 24 64
94 92 23
22 85 24
27 73 94
0 84 32
40 30 92
4 72 52
1 22 57
84 74 66
13 67 59
81 68 84
73 93 43
94 53 61
62 43 14
37 92 23
50 73 72
62 46 62
48 25 83
69 32 57
30 96 26
56 34 90
90 19 40
70 13 96
26 89 62
35 69 45
0 72 91
46 9 71
86 42 92
82 50 28
74 31 85
37 55 54
8 8 73
37 2 7
29 54 80
88 73 70
45 0 73
91 94 20
87 98 1
56 54 90
43 67 18
76 21 5
1 89 0
66 61 47
87 54 58
86 86 57
99 53 33
54 56 98
56 2 71
81 83 35
75 73 21
72 6 75
5 87 5
7 75 77
61 52 71
15 61 1
91 50 83
66 5 23
10 67 63
31 75 50
70 47 68
59 20 43
88 58 68
57 26 5
22 19 1
70 91 34
65 77 36
91 35 83
27 12 5
79 25 74
15 41 24
33 43 72
82 6 30
58 26 53
56 68 20
55 99 76
66 7 62
83 60 78
95 41 88
40 59 3
94 36 99
57 10 4
12 27 27
51 33 2
70 34 6
80 35 27
84 63 95
16 70 6
28 62 47
67 62 45
59 96 28
14 31 63
10 32 0
59 61 15
22 66 31
29 90 99
49 35 27
33 68 45
79 51 74
3 95 41
63 43 0
40 16 69
3 40 21
10 82 67
94 91 50
0 30 77
61 63 21
78 73 34
67 36 61
54 35 4
9 27 88
48 25 82
82 30 22
50 23 89
44 10 23
33 13 57
7 25 81
21 66 53
32 60 96
89 83 79
53 86 83
59 86 34
92 81 2
40 73 87
63 38 71
80 54 93
46 3 65
45 49 58
53 15 20
96 54 80
9 75 20
15 78 89
87 79 32
39 65 85
12 97 51
5 78 44
87 88 56
62 75 85
36 44 85
0 5 86
54 71 78
29 67 32
93 54 60
6 40 40
97 48 55
46 78 68
20 14 54
75 9 29
69 32 8
39 14 10
81 89 42
41 3 75
29 56 21
78 21 47
81 27 46
16 33 21
51 88 48
24 90 37
94 3 6
73 36 14
9 55 81
44 59 77
21 28 59
52 99 72
97 5 40
11 47 93
51 74 5
84 91 4
86 87 57
57 44 55
86 77 17
44 73 17
39 51 16
82 86 78
77 62 99
5 19 56
9 55 51
1 24 42
37 56 53
2 8 82
28 13 4
8 73 98
21 36 5
37 91 24
42 87 54
57 73 68
16 92 95
32 10 6
75 95 69
97 45 89
35 39 53
64 37 93
37 12 95
16 51 31
96 46 23
30 64 96
31 94 90
42 32 88
98 23 68
72 93 59
58 60 39
22 83 39
52 10 21
35 82 50
77 25 69
34 30 33
97 85 57
37 34 41
30 26 81
39 79 80
14 64 48
87 45 92
4 66 14
7 4 3
76 2 86
6 59 18
83 7 29
91 4 17
70 74 48
84 78 24
53 3 2
44 82 8
19 55 71
53 89 15
29 43 6
48 32 4
46 73 38
98 30 80
89 27 20
31 78 55
21 98 69
10 66 8
58 70 61
90 21 32
36 61 29
4 35 73
32 80 54
18 2 10
2 73 66
47 54 93
42 3 74
77 38 76
5 42 68
64 66 27
10 28 52
8 73 29
39 91 24
3 40 88
85 8 63
70 24 9
7 29 85
46 83 10
34 18 20
37 45 1
94 40 62
39 30 18
52 81 69
65 57 89
24 4 64
53 28 50
88 85 39
2 87 51
6 78 70
55 98 52
20 3 46
55 35 22
83 75 66
2 75 92
72 93 45
54 99 25
30 78 70
99 11 93
45 9 18
12 44 86
11 46 98
15 82 71
47 1 72
84 60 55
11 61 29
37 42 60
76 99 68
95 7 0
39 90 24
64 24 82
41 91 25
59 93 3
75 63 77
85 79 32
43 92 96
95 28 23
8 18 97
48 21 16
4 85 83
99 53 9
53 70 89
81 28 87
51 8 42
35 52 65
41 58 88
9 74 30
70 79 78
87 74 46
20 54 79
98 66 30
72 67 9
29 66 33
42 44 75
82 11 59
62 16 14
5 97 18
14 2 7
85 14 85
37 52 88
42 59 96
69 82 12
28 71 18
51 87 41
27 85 30
59 73 7
16 80 38
2 67 9
4 44 24
76 57 66
86 11 86
88 69 59
34 56 57
15 14 46
38 56 91
48 73 39
51 11 65
15 61 82
62 65 73
92 48 5
5 23 67
78 92 88
0 46 98
74 57 80
82 28 23
85 43 93
67 19 38
41 92 89
3 76 87
9 8 94
17 32 91
48 75 5
70 45 10
99 97 45
69 37 28
47 56 3
58 86 17
6 22 68
87 73 56
8 2 54
61 72 81
89 13 98
37 76 11
51 7 15
76 33 98
59 32 23
90 84 51
1 39 86
35 35 88
41 49 36
0 16 7
63 2 78
29 6 42
51 54 25
94 65 30
63 38 49
46 7 61
66 46 94
59 52 36
85 39 11
77 25 18
69 88 70
16 12 28
92 78 74
86 90 95
53 45 75
97 59 62
50 21 34
66 72 81
28 71 94
78 60 67
13 23 46
56 69 95
68 57 40
17 16 7
65 97 9
98 48 21
40 58 40
41 2 75
70 6 14
26 82 48
8 31 43
66 11 7
81 51 26
90 83 53
59 31 70
51 84 99
12 37 36
35 90 24
72 0 58
31 61 4
3 50 31
83 70 43
19 66 71
39 36 91
21 47 64
97 92 84
4 18 72
9 34 16
16 72 16
65 69 97
33 39 73
13 44 42
2 39 87
79 50 59
45 67 13
99 11 95
82 42 86
89 19 31
85 48 64
82 97 38
46 85 82
32 7 39
48 14 39
8 19 96
28 68 12
83 94 51
48 23 32
43 48 81
75 21 5
19 87 20
64 68 81
49 90 75
58 90 34
23 9 92
17 75 19
70 41 72
86 71 89
19 26 8
17 19 43
57 92 52
62 25 74
6 84 6
79 65 26
28 63 77
60 66 56
85 0 53
97 7 59
81 38 77
68 63 44
14 18 7
74 11 21
63 62 69
2 19 29
31 85 73
63 53 39
24 28 97
18 51 85
64 70 31
28 22 30
5 4 88
47 61 19
71 92 61
18 22 25
75 45 8
15 68 50
80 14 72
94 31 7
96 95 95
74 10 37
46 97 51
42 52 37
28 53 79
82 76 65
29 93 49
20 50 25
33 95 96
74 77 61
0 24 2
57 94 68
95 43 7
54 99 77
30 68 35
45 29 46
78 48 53
21 31 53
50 96 40
23 40 73
90 14 26
40 62 50
38 66 50
51 29 37
52 4 63
15 63 48
59 80 24
20 88 46
6 28 85
51 14 5
84 47 40
37 57 89
4 51 33
61 43 99
25 53 17
44 99 72
91 47 34
1 70 72
25 75 7
94 7 67
25 11 52
52 7 45
2 70 51
16 81 70
94 15 9
16 61 40
82 38 31
95 28 92
73 10 31
35 4 71
4 61 91
53 78 46
32 67 44
54 22 76
74 85 15
7 97 27
50 35 61
75 91 25
20 59 6
1 70 80
37 4 43
12 16 76
86 18 2
8 21 6
6 21 54
10 31 99
73 38 24
67 9 19
37 77 61
33 26 42
74 44 90
53 12 64
77 56 26
52 39 8
94 36 41
57 82 62
15 51 93
94 50 4
12 23 14
16 36 82
45 24 41
83 42 81
72 30 25
56 69 85
96 28 73
42 64 26
12 84 35
10 69 68
44 2 72
33 44 94
10 59 5
11 12 35
21 12 46
47 7 58
7 93 6
92 23 96
53 97 13
64 63 26
4 41 89
17 49 19
97 51 18
42 99 92
27 88 78
96 13 52
37 28 10
13 11 19
24 53 42
31 15 32
2 53 27
67 40 46
55 44 98
22 87 45
40 78 76
6 60 76
66 37 94
55 51 72
1 2 9
84 48 86
77 44 74
47 60 6
71 19 65
44 47 93
66 48 24
1 11 91
28 44 67
37 13 87
48 93 91
67 85 15
29 65 95
75 97 31
37 19 43
52 36 86
76 37 28
95 40 65
11 93 73
92 47 53
33 14 35
49 23 61
71 78 69
0 30 54
15 19 39
99 42 1
56 60 77
82 84 71
79 70 39
23 53 49
60 56 12
83 76 79
95 7 74
39 24 86
75 99 89
44 74 37
81 70 43
64 7 45
34 39 44
95 7 68
54 92 68
44 81 71
11 59 2
23 2 72
11 47 22
38 55 77
46 65 94
10 65 90
58 65 66
86 77 28
3 60 26
1 99 35
38 46 50
47 16 94
41 50 40
50 24 43
5 94 29
52 94 52
30 19 28
38 85 49
3 25 67
21 17 22
3 65 38
16 54 54
90 45 83
71 65 37
42 97 37
76 76 75
27 96 91
61 66 98
84 64 29
92 81 21
6 51 70
12 74 86
92 8 92
4 87 82
43 94 36
86 33 84
65 52 71
69 9 63
20 26 52
58 21 1
70 58 96
75 69 49
30 22 35
61 91 91
42 23 66
12 76 77
2 66 55
7 30 86
33 63 9
33 65 13
1 73 75
57 17 68
89 5 11
97 95 93
20 59 31
47 44 49
97 97 89
16 61 83
29 18 28
86 60 90
17 83 12
99 77 82
76 43 58
26 16 93
66 25 55
53 21 75
76 63 99
43 91 80
8 85 34
77 15 49
51 12 66
95 9 84
22 33 27
53 74 77
17 74 20
71 54 90
61 72 43
58 21 67
14 74 79
73 49 84
89 74 84
36 67 88
19 18 82
18 83 54
96 96 92
78 33 45
15 39 15
60 95 5
82 40 55
28 13 5
54 23 77
90 11 80
29 17 78
90 31 26
65 71 30
37 57 92
95 4 68
17 70 50
3 50 34
25 32 73
33 58 96
72 67 75
97 67 36
89 20 41
40 44 47
52 48 85
13 78 44
65 65 18
96 53 13
96 19 29
24 97 8
99 26 24
82 25 96
4 66 10
30 17 68
13 36 14
45 65 96
19 7 59
40 19 26
99 12 95
43 14 39
47 1 87
4 65 51
21 92 57
79 69 56
31 26 45
98 95 69
54 40 78
78 69 39
83 51 81
15 22 0
22 30 47
32 66 13
11 12 72
55 34 37
29 38 63
8 67 44
43 86 58
60 92 59
80 0 12
60 97 40
46 71 54
3 17 73
85 68 13
62 12 86
5 84 84
77 98 86
41 40 23
8 10 96
37 79 27
72 44 22
71 59 9
45 29 9
43 77 29
54 92 80
91 48 65
5 64 71
77 47 72
34 70 6
73 95 79
83 27 24
37 78 14
99 35 56
17 36 82
12 60 25
27 59 53
31 16 49
2 11 33
2 84 34
29 94 49
54 62 9
85 33 52
59 39 86
80 37 58
19 68 39
86 70 98
60 72 45
81 71 65
25 43 46
52 30 71
24 28 84
89 91 34
19 51 28
40 8 56
97 81 38
22 72 96
96 82 51
25 90 62
68 18 64
4 58 32
68 99 85
5 54 4
75 72 26
28 6 80
6 4 13
26 75 27
18 87 11
47 33 3
10 71 16
29 61 47
57 73 45
84 48 84
4 42 32
42 25 24
63 84 60
12 97 50
93 30 9
38 3 47
57 43 96
48 75 12
36 62 30
74 76 62
33 38 23
70 88 97
0 92 17
37 20 66
38 36 77
34 64 65
0 17 63
77 64 42
74 28 19
84 73 67
81 60 68
29 45 20
66 14 25
6 62 92
11 99 91
47 32 13
49 24 29
1 95 48
0 76 82
24 35 96
78 70 58
30 45 59
12 82 49
20 46 87
89 83 38
59 3 52
51 48 76
17 92 96
20 13 60
51 7 81
1 87 2
80 55 23
26 5 9
76 74 53
47 50 42
57 25 30
84 92 5
38 96 59
70 11 93
1 85 62
74 28 9
76 94 7
29 13 0
89 92 35
97 79 34
98 53 4
48 5 86
80 94 77
74 31 80
4 63 72
73 55 3
74 16 41
81 75 97
52 7 53
46 0 31
19 1 30
89 75 16
26 64 55
71 41 93
56 72 52
73 22 84
1 80 43
68 97 7
19 51 37
63 7 84
47 64 95
63 94 90
13 39 72
97 54 82
61 11 75
44 98 38
99 87 21
40 24 34
36 81 96
30 7 76
7 12 48
47 34 25
49 74 12
54 0 29
69 31 66
94 26 70
19 10 12
53 47 8
59 55 21
94 41 19
25 17 9
25 52 42
14 7 11
33 16 95
50 9 83
20 32 31
56 16 68
16 80 57
29 26 47
3 19 42
52 11 23
19 42 91
33 3 86
43 93 7
61 71 96
79 42 14
19 29 4
0 28 71
19 76 34
91 45 41
69 66 82
34 93 81
20 18 5
58 34 98
55 15 25
25 90 37
34 95 86
61 57 84
61 92 91
43 70 14
68 38 46
72 68 9
81 83 70
85 41 54
64 67 69
57 30 22
54 92 81
42 88 53
2 68 54
46 67 64
41 64 23
21 83 37
38 5 43
33 80 48
19 41 8
74 12 96
45 51 67
38 47 21
34 42 16
74 59 85
90 21 96
58 37 62
78 49 94
45 4 97
81 33 44
38 92 61
48 46 50
77 99 5
26 11 28
20 33 81
78 77 16
21 89 9
82 48 29
40 17 27
23 84 87
91 49 82
49 97 7
99 69 15
29 20 97
78 4 81
30 66 33
46 79 9
19 65 27
24 53 66
51 58 0
5 67 48
41 27 32
3 11 20
10 11 23
49 70 72
20 47 0
37 3 76
30 99 20
69 69 89
91 65 51
47 8 94
39 15 11
11 57 79
63 24 94
3 47 8
58 33 29
32 51 65
26 97 94
56 93 51
17 16 76
38 24 55
78 88 34
60 81 26
53 29 50
88 12 58
56 94 72
28 23 49
12 45 51
74 80 24
33 8 13
0 2 80
18 59 83
71 54 51
29 63 80
27 44 66
21 90 8
89 49 47
49 15 18
42 79 50
0 48 90
12 23 40
0 38 72
23 39 74
32 42 98
38 42 38
57 57 46
10 82 63
12 65 96
79 62 88
33 43 42
23 32 82
81 67 13
42 5 79
46 53 54
83 45 9
91 26 21
92 46 95
66 27 20
9 58 46
7 32 44
51 68 79
83 39 86
65 30 61
48 70 33
40 94 10
99 17 21
78 42 97
4 5 88
25 64 29
63 7 19
33 81 20
60 75 57
9 93 6
79 41 12
87 85 57
65 89 11
32 85 28
31 1 64
36 41 98
93 10 23
47 66 41
84 99 26
31 20 26
20 81 50
52 11 65
47 64 67
81 47 28
92 83 20
78 33 44
71 22 87
69 20 46
3 73 65
89 98 55
39 56 92
46 0 39
83 38 39
34 65 77
57 28 97
86 99 85
35 43 76
5 70 67
15 2 42
78 5 9
22 60 64
35 21 85
29 10 92
57 20 19
70 90 2
93 41 17
18 79 12
39 45 49
67 75 59
45 1 72
20 58 8
22 94 77
46 19 2
91 68 85
45 28 10
76 33 30
29 24 89
82 28 72
74 26 53
53 17 55
93 40 63
81 60 67
62 15 71
54 9 38
44 99 37
53 10 64
85 30 38
19 5 60
89 57 67
13 64 97
3 54 11
5 65 50
10 55 29
58 13 15
8 5 74
99 77 92
32 97 96
19 76 60
64 14 78
34 50 68
21 87 67
54 77 54
7 37 31
89 86 79
71 92 59
33 79 44
78 15 49
47 57 1
40 62 61
34 60 26
28 76 3
98 1 9
52 97 12
25 24 43
12 18 14
25 4 10
20 57 98
78 3 84
10 24 22
42 13 40
12 59 93
23 44 48
10 98 91
41 30 93
85 10 70
16 57 67
10 98 90
47 98 7
6 85 38
0 86 64
19 36 0
74 91 2
19 50 48
63 44 77
42 26 25
53 44 97
69 4 15
48 94 65
50 92 80
52 54 76
51 29 59
88 28 20
36 18 81
47 74 64
83 78 39
30 91 0
34 84 61
48 35 22
69 94 49
87 75 91
57 64 68
89 23 0
14 89 34
42 21 45
65 64 17
80 13 34
80 89 43
37 49 36
57 53 97
26 59 98
89 12 61
34 53 4
95 85 69
22 91 42
44 51 81
1 47 91
15 52 38
35 25 26
50 55 94
9 31 0
29 17 60
21 70 24
27 73 28
50 6 80
26 73 0
55 70 39
34 22 24
11 73 84
8 39 76
71 51 6
77 74 73
48 86 53
83 98 37
27 48 4
87 24 8
25 34 58
48 71 89
87 67 76
42 79 40
79 76 7
86 12 96
28 4 49
21 50 26
50 87 27
30 7 50
10 69 32
29 7 63
55 2 70
67 45 48
22 54 12
23 51 19
75 17 33
24 15 1
82 45 24
77 26 19
44 67 17
80 7 76
22 64 34
61 56 44
28 88 49
91 38 77
6 76 65
51 35 11
16 13 92
51 72 85
48 37 72
59 59 39
41 65 26
19 81 78
48 15 71
92 27 22
23 93 77
83 97 37
19 96 76
32 45 73
34 3 26
40 52 85
4 67 99
98 84 7
36 87 72
19 4 60
15 19 41
40 15 59
34 54 39
67 93 64
35 2 88
7 13 48
65 68 68
69 75 48
77 61 12
92 62 98
29 95 10
46 43 59
71 86 20
25 12 19
36 21 58
19 69 3
38 91 67
16 85 12
30 86 24
27 42 67
72 36 11
1 11 50
75 48 77
2 4 77
53 51 88
65 54 47
90 65 51
94 8 71
1 30 0
97 52 18
67 66 61
30 73 57
95 8 69
25 5 8
93 30 7
64 17 15
11 61 28
21 46 25
37 51 25
35 44 86
1 58 53
37 84 17
68 28 62
41 68 24
63 55 38
34 62 26
53 32 98
65 62 87
79 75 6
63 3 77
12 24 92
75 56 8
99 70 65
35 53 38
20 9 44
97 48 29
15 10 69
78 26 21
30 16 78
28 89 98
26 73 96
29 12 4
40 58 89
62 23 62
48 89 42
48 23 80
20 3 45
69 8 76
63 6 73
33 5 49
99 78 82
32 59 97
8 73 27
55 58 3
79 94 71
38 87 40
32 93 91
63 62 27
4 49 35
19 65 26
76 33 7
19 53 93
51 74 47
27 23 48
30 86 32
12 38 71
90 4 0
39 57 90
50 11 59
67 44 78
84 21 69
11 21 38
6 51 46
78 44 0
49 70 11
16 54 1
85 31 53
83 61 9
90 21 42
83 42 25
65 25 41
86 95 49
35 62 32
79 16 84
96 0 49
61 8 87
57 33 16
92 66 51
39 63 64
23 11 65
34 39 39
27 83 49
16 7 60
14 10 47
68 45 37
9 95 4
74 93 41
47 31 3
81 14 71
60 17 13
78 7 98
78 50 73
21 84 96
20 3 48
56 26 22
62 2 18
14 40 24
64 29 19
51 31 77
90 6 0
9 37 51
25 17 15
52 78 47
71 1 69
51 90 21
51 46 76
77 70 28
61 98 10
50 32 53
99 62 51
57 94 48
24 98 13
72 64 56
92 47 5
69 43 65
51 47 95
66 44 60
21 18 33
53 72 36
58 89 22
40 75 29
16 79 88
38 17 62
45 55 73
59 36 61
90 15 47
30 90 43
92 53 61
1 22 84
79 6 17
15 29 69
60 82 47
49 19 93
88 89 57
55 3 36
39 1 4
68 79 0
21 98 36
95 8 72
76 59 3
26 96 92
28 60 96
73 26 21
15 79 91
60 21 66
18 11 24
93 71 77
6 51 68
42 65 25
65 44 21
88 19 80
37 31 80
59 85 56
63 34 81
79 91 89
67 34 34
35 31 66
86 8 88
33 98 22
18 5 78
72 68 47
58 40 3
68 80 59
7 99 97
41 60 95
61 29 24
41 37 21
7 29 48
81 30 44
78 38 94
50 46 75
51 75 2
70 26 26
19 69 80
48 69 10
44 98 39
63 25 75
63 74 33
20 66 54
75 32 63
57 32 61
35 39 83
77 2 17
75 43 25
18 48 87
60 38 35
57 6 11
36 47 21
68 62 73
71 92 60
64 0 51
41 12 66
62 55 60
43 6 97
46 96 71
1 82 71
61 66 55
96 85 43
42 55 41
1 32 53
38 28 68
61 1 24
88 66 77
56 2 23
92 65 25
51 8 81
53 82 70
0 88 1
45 72 55
64 16 16
9 19 66
95 53 12
16 22 2
82 18 6
53 90 91
19 66 28
86 24 7
17 68 30
14 1 32
67 25 83
76 1 17
6 9 63
40 36 43
55 66 84
18 32 44
85 83 25
36 14 90
53 13 44
14 11 22
95 66 7
37 1 88
40 74 30
36 60 60
81 24 13
29 82 8
27 56 65
76 24 18
36 19 66
93 36 92
63 1 35
23 29 98
20 42 23
43 89 66
64 72 20
67 9 47
94 38 42
31 20 99
41 35 59
25 45 69
54 25 35
17 7 60
26 30 66
47 90 7
86 58 45
53 62 0
71 18 33
34 17 99
67 96 29
84 62 25
19 93 24
17 29 20
13 23 68
70 47 60
1 41 74
73 73 75
44 5 98
29 17 85
26 63 77
87 78 16
84 63 4
14 80 91
90 9 22
93 40 18
70 43 66
53 25 95
3 25 96
26 2 56
99 6 50
91 37 55
83 77 57
59 8 73
58 93 69
0 17 50
18 48 88
45 43 83
60 80 19
33 2 53
62 58 16
27 74 97
61 94 50
52 21 48
26 46 84
50 19 82
86 63 28
79 67 92
1 97 12
31 36 71
30 70 0
3 32 87
17 2 90
54 32 84
50 40 21
37 45 2
53 43 65
68 8 27
48 89 44
13 30 64
17 33 43
47 79 30
51 21 40
68 21 39
78 8 62
99 46 64
12 12 19
32 72 89
28 66 46
22 50 25
7 44 8
87 6 52
0 96 55
22 18 81
22 73 65
11 85 22
81 42 28
81 18 7
76 74 87
6 51 30
74 33 98
60 95 94
83 76 58
44 51 51
68 93 48
24 34 58
66 13 45
25 89 16
21 96 96
26 88 77
83 85 27
90 68 84
3 72 52
76 52 38
16 4 0
71 53 89
15 20 40
65 79 25
51 77 46
82 68 34
63 57 80
36 38 10
89 94 86
27 13 80
