96 68
91 22
39 51
3 101
119 99
43 105
101 92
73 85
50 10
68 2
56 71
49 83
13 73
87 38
23 11
0 59
27 32
119 126
60 90
101 44
11 9
25 35
69 66
76 25
66 10
40 50
124 8
10 99
122 4
70 110
72 11
97 56
116 125
10 105
94 38
80 101
34 103
126 88
36 68
109 113
15 18
101 1
19 59
13 127
26 30
48 124
106 20
70 60
116 59
3 25
103 38
2 19
97 10
78 115
49 32
53 55
39 122
60 85
124 84
33 42
25 114
30 21
70 65
102 1
36 43
71 43
18 108
110 68
121 3
116 20
45 80
114 30
81 121
36 33
42 23
127 108
29 4
121 81
100 38
106 105
123 83
84 118
92 59
40 21
17 43
47 85
101 11
76 4
11 66
95 11
69 98
9 108
108 64
70 42
54 8
87 9
99 54
32 64
4 14
112 103
101 46
86 97
58 119
103 13
15 39
96 38
45 114
119 68
73 103
84 96
64 1
21 35
4 42
40 44
20 91
89 20
9 19
67 109
47 123
9 106
11 54
26 31
87 70
42 46
106 67
1 104
61 7
10 64
69 86
42 73
69 99
2 89
98 96
93 10
58 2
27 18
127 44
72 64
120 109
60 39
19 58
102 29
86 75
23 15
96 87
3 102
66 74
34 87
119 57
10 80
116 73
31 106
107 91
60 48
86 125
25 127
60 22
51 66
98 112
39 22
54 87
5 111
37 44
78 77
25 15
119 20
109 57
59 96
43 1
28 120
79 77
60 122
30 54
82 89
125 118
59 47
59 94
26 52
35 71
66 111
3 40
72 87
120 36
35 94
109 117
121 44
59 3
101 8
67 41
123 117
52 16
30 52
120 48
107 50
0 69
107 21
7 43
83 124
90 21
116 57
17 77
46 85
32 6
22 59
12 78
53 119
51 127
15 12
16 3
16 16
117 55
117 23
91 63
114 126
79 59
28 60
70 25
90 37
65 3
104 37
22 23
48 98
56 53
97 14
28 66
68 65
59 121
82 28
59 69
113 45
96 99
48 74
27 16
59 38
60 101
18 93
83 98
96 11
104 39
118 87
4 115
72 103
41 61
125 91
111 99
72 25
62 88
106 12
59 48
1 40
89 17
121 116
118 22
29 108
52 104
75 27
117 1
101 27
24 55
46 83
6 43
94 54
53 59
62 101
18 92
0 18
80 31
81 22
30 19
126 89
122 39
103 23
20 42
84 59
41 93
126 8
20 122
40 42
93 87
21 108
60 110
41 48
70 56
97 45
63 103
33 124
58 49
45 119
121 9
19 23
85 119
26 93
126 122
88 9
44 13
126 115
85 35
3 67
101 72
25 38
7 89
119 38
61 58
116 110
55 87
102 121
2 39
127 60
50 56
85 58
2 69
3 26
28 121
52 9
20 76
51 99
127 51
91 90
108 90
52 44
118 37
91 123
29 59
103 2
66 75
117 77
10 8
115 102
117 15
19 70
119 36
103 22
124 77
20 62
57 73
11 11
125 123
117 38
67 8
87 52
46 27
1 16
50 114
96 57
95 22
41 122
51 22
122 84
41 81
73 101
112 60
23 88
0 52
123 86
3 39
115 94
44 115
109 22
74 70
2 110
40 22
96 35
71 52
27 96
119 70
117 58
113 78
0 13
8 18
24 87
41 106
18 35
66 102
42 21
58 53
43 92
98 87
50 66
42 15
77 100
21 6
35 126
68 1
5 3
68 118
115 100
0 21
89 36
18 15
42 104
82 33
81 102
17 32
125 36
8 37
86 96
42 60
42 8
71 18
51 28
20 21
58 87
60 89
31 8
65 120
51 117
23 34
114 9
79 47
93 50
80 60
98 111
80 12
24 40
2 116
25 16
41 16
71 22
27 94
59 77
46 105
100 93
81 68
8 34
56 117
103 0
19 77
71 51
97 126
122 49
37 92
67 119
41 51
9 123
96 82
83 6
37 38
26 40
43 74
60 18
90 11
109 92
119 109
82 122
115 54
88 35
106 1
59 79
112 44
87 42
98 35
2 117
95 118
36 55
64 28
108 69
115 22
93 88
32 116
19 33
71 119
26 39
104 76
16 106
23 127
34 124
66 1
104 36
126 70
4 16
78 117
116 3
72 58
104 62
42 123
126 30
75 101
18 101
26 59
32 63
121 39
53 7
60 41
92 52
93 37
7 33
19 114
113 125
117 72
107 47
31 90
50 116
34 125
35 105
14 4
0 1
96 119
41 60
51 59
113 100
119 24
98 95
18 75
80 120
51 120
54 40
87 56
96 115
9 82
22 22
109 77
96 58
71 32
72 89
58 58
12 82
16 40
69 58
93 110
102 10
27 19
31 36
49 80
98 86
72 88
18 76
100 43
56 51
100 26
81 112
26 87
4 65
106 45
61 55
121 49
1 99
58 69
48 72
43 30
26 25
8 35
51 23
3 15
76 23
25 13
97 23
89 38
102 44
90 95
18 74
112 126
69 7
75 17
4 25
111 14
127 37
98 41
111 80
21 114
52 40
48 80
92 106
40 92
86 55
68 110
108 76
75 79
40 34
84 18
82 37
88 70
78 116
52 53
121 74
84 42
101 108
123 45
95 116
95 27
94 10
73 62
87 15
39 85
93 28
65 10
58 76
1 20
62 53
115 56
38 51
44 2
44 88
44 75
105 37
21 70
97 54
39 7
91 46
120 86
50 100
13 10
91 107
59 91
30 109
125 84
80 46
61 84
15 102
92 74
105 104
115 125
75 78
16 126
30 90
108 100
97 119
45 107
78 87
3 113
11 74
45 25
123 1
94 24
111 112
6 7
16 4
126 29
55 92
39 79
16 76
0 15
80 92
80 127
32 85
81 40
15 3
94 107
1 18
49 10
52 65
108 10
20 90
34 127
103 104
33 108
7 54
97 47
69 21
106 18
92 37
116 38
118 78
95 88
124 35
68 64
81 37
48 97
0 16
100 39
40 89
22 89
28 23
19 100
107 57
49 54
10 84
9 53
115 19
31 84
22 21
60 119
116 82
124 2
90 52
116 55
15 38
123 6
86 15
66 11
21 90
98 54
107 19
20 115
36 11
120 7
116 21
58 91
103 26
83 123
31 1
67 62
40 38
9 121
80 126
53 105
57 95
51 16
98 118
118 126
19 55
96 46
30 123
92 88
93 118
19 116
125 2
20 108
38 92
49 79
115 15
71 108
61 104
111 28
79 45
17 105
26 118
47 82
116 94
82 125
93 126
29 14
46 76
3 116
8 96
90 45
18 24
15 50
39 91
80 114
119 3
96 123
79 88
105 27
116 98
25 56
25 93
16 78
33 92
50 84
23 32
16 12
71 9
16 17
59 95
75 22
114 77
112 29
48 25
60 105
96 60
65 60
99 74
59 39
19 102
37 70
86 100
22 35
70 94
8 95
2 60
94 23
29 92
72 21
112 125
122 86
51 107
4 112
59 109
107 94
13 3
62 110
118 110
109 101
87 67
58 95
26 60
53 17
6 114
124 118
82 39
110 66
7 107
106 37
89 52
78 114
32 86
99 85
85 125
60 34
126 45
95 57
28 19
54 118
43 57
30 27
28 94
120 0
38 74
19 98
87 98
70 62
17 107
55 116
66 119
65 12
8 122
127 59
58 48
94 117
119 1
0 38
17 36
85 75
119 59
17 103
30 65
108 56
102 43
43 114
110 98
87 34
82 38
16 92
77 126
93 20
99 90
20 20
87 99
111 79
60 86
27 119
12 119
69 83
78 59
61 38
10 96
22 73
88 16
38 0
86 36
108 54
30 58
9 22
70 27
13 75
14 76
67 101
13 94
28 34
124 98
15 63
52 27
37 127
31 89
42 107
33 117
73 44
59 67
55 118
57 52
60 49
47 4
43 61
99 61
4 111
92 8
102 86
109 79
13 120
99 92
70 30
79 120
7 123
126 119
27 66
93 120
27 24
126 36
119 72
124 123
40 8
102 53
18 41
16 102
2 118
12 120
95 114
102 45
19 94
41 41
57 41
41 17
44 91
116 15
26 96
12 74
127 46
79 126
20 24
56 70
75 74
62 54
70 26
96 55
104 12
3 41
1 105
79 11
27 59
98 37
87 53
102 107
12 52
51 93
17 10
15 70
68 7
43 87
10 97
36 108
111 0
6 24
49 76
30 92
43 80
106 47
102 103
31 91
111 55
22 122
80 75
97 110
74 76
101 36
59 59
119 46
0 104
32 56
67 113
33 119
70 31
38 45
30 113
70 111
20 59
108 48
51 119
71 30
110 57
2 81
50 16
97 17
39 44
1 51
17 1
118 9
61 59
72 10
108 58
92 54
92 102
12 53
0 81
120 73
67 16
49 104
98 51
104 105
2 65
92 121
26 11
120 57
92 89
93 109
85 53
57 88
35 106
32 54
36 107
40 15
100 11
53 4
39 38
38 115
108 5
87 76
115 101
123 48
20 89
106 123
19 53
93 53
79 117
44 86
113 87
90 38
117 60
40 121
27 41
15 71
16 14
60 68
73 4
15 75
52 57
85 16
29 22
19 97
90 110
50 126
18 39
57 69
116 81
57 117
100 29
118 58
86 43
93 74
107 36
87 51
93 0
79 113
81 44
36 34
118 98
60 15
126 91
59 15
97 37
79 76
43 21
123 46
118 72
11 96
47 22
35 86
71 107
124 116
96 17
121 7
30 37
55 41
48 118
48 104
120 27
112 69
29 53
58 72
39 20
68 21
119 8
47 28
56 94
7 70
116 111
102 73
126 71
60 36
127 7
34 23
54 107
7 32
24 126
119 25
4 26
10 9
2 103
75 75
100 37
66 109
59 118
111 67
34 47
78 62
79 48
58 86
61 23
83 59
9 36
6 80
98 125
15 78
127 22
52 106
120 127
115 93
71 57
101 87
27 26
80 37
98 49
99 34
91 95
98 43
19 95
10 54
29 122
74 3
8 124
68 27
124 7
30 16
3 2
20 96
44 14
20 78
114 57
66 0
28 18
70 8
45 76
97 50
21 69
57 54
111 69
97 59
96 27
58 70
117 75
17 44
96 101
81 93
50 102
71 7
84 55
116 112
45 78
38 52
39 92
66 110
116 28
86 76
34 93
63 89
50 29
43 49
42 86
124 47
18 43
14 124
117 111
124 0
118 1
126 13
103 75
47 81
61 40
92 105
83 125
81 32
120 66
86 85
49 64
37 6
29 112
97 124
27 33
84 36
69 84
60 106
39 50
66 9
94 127
65 125
70 9
4 3
13 78
26 23
94 92
70 120
49 112
15 11
86 52
94 1
54 38
29 118
27 51
71 47
77 83
61 8
121 83
71 65
86 8
8 55
102 35
71 26
95 68
6 115
12 8
116 14
90 107
26 47
61 88
97 100
95 46
39 19
83 36
102 14
109 100
43 14
30 66
117 125
20 5
28 58
80 45
85 17
38 32
86 41
61 102
126 92
22 68
8 54
105 21
82 68
25 41
60 54
76 74
11 75
1 60
52 118
120 45
4 17
69 120
0 109
28 119
51 106
92 21
127 93
50 111
108 93
17 15
121 35
91 94
114 58
78 48
93 72
18 37
81 122
35 80
108 94
61 121
16 105
113 104
60 53
70 23
49 30
31 55
48 23
21 74
107 9
113 30
18 90
71 105
47 105
70 51
91 21
70 21
91 75
85 4
123 122
53 39
117 81
54 14
33 52
102 59
69 28
17 37
127 82
117 70
61 56
127 118
79 61
118 81
78 75
86 126
1 90
47 24
33 82
53 28
24 85
46 24
115 5
92 51
65 28
9 55
126 83
88 69
4 41
101 28
41 87
78 78
125 8
77 19
66 59
48 83
41 49
18 102
80 122
11 83
14 72
110 110
121 103
125 112
2 67
71 59
95 102
85 54
74 16
61 37
107 99
122 82
97 123
17 12
45 74
61 109
58 120
88 36
109 91
18 70
38 33
67 12
72 44
26 35
49 75
97 44
119 21
60 9
118 25
101 122
127 72
74 28
66 61
113 99
38 36
69 29
62 109
103 60
99 89
77 4
59 76
36 87
73 27
98 48
65 2
113 59
49 117
68 85
72 75
83 28
23 29
92 108
35 11
98 91
38 39
9 76
94 87
17 13
95 69
73 28
5 44
98 60
1 109
38 94
40 117
112 56
60 21
69 57
51 116
21 115
60 67
51 84
61 19
31 3
41 90
95 120
16 2
40 86
91 47
86 18
111 111
67 75
3 71
67 0
6 36
97 61
100 123
34 83
42 114
83 89
69 64
37 36
47 26
33 1
111 30
3 1
4 110
92 75
38 86
120 2
105 10
75 124
2 24
52 93
108 4
62 103
33 87
119 47
102 61
90 18
48 4
1 49
120 26
82 88
84 5
115 126
59 42
105 46
109 80
95 106
32 83
39 89
57 92
72 26
50 64
113 88
120 39
103 42
27 93
74 23
115 80
110 58
122 48
13 65
53 106
103 62
48 33
121 58
91 24
51 9
19 75
29 113
2 1
69 61
18 104
20 41
125 93
53 58
68 98
36 93
50 30
20 34
117 76
108 22
93 25
122 68
31 87
24 13
59 16
74 102
121 73
5 43
45 87
71 24
53 56
3 66
12 93
108 116
33 53
49 99
72 19
39 43
9 63
4 67
14 51
31 63
4 106
71 46
118 28
44 120
70 17
24 54
114 101
28 52
19 34
108 115
122 77
31 88
108 51
22 33
34 72
103 106
46 73
37 56
102 46
121 87
21 123
70 95
105 11
17 102
14 10
109 114
41 45
85 7
104 28
51 56
125 115
67 28
118 125
57 86
98 40
100 36
44 58
21 75
26 17
120 9
98 88
104 26
40 23
26 95
95 115
5 47
117 74
1 17
85 60
52 92
91 51
99 47
1 0
120 82
99 125
123 81
34 88
20 99
50 21
20 57
92 9
29 15
59 52
100 2
7 53
59 8
43 20
25 11
119 87
59 71
72 59
21 34
107 85
15 19
3 109
77 76
29 90
70 119
60 14
23 13
32 118
99 38
31 108
43 90
82 22
31 116
66 27
89 35
82 43
100 97
81 43
58 40
114 94
43 9
60 59
5 81
46 86
83 60
58 78
39 37
48 53
51 65
32 7
95 98
105 42
119 73
92 25
87 81
54 117
10 81
33 0
11 82
1 68
99 95
89 7
59 19
83 34
56 93
123 76
104 25
118 59
127 90
60 17
85 74
38 6
79 101
86 101
115 99
35 123
73 63
121 4
110 79
86 59
120 126
26 49
91 73
28 68
44 79
35 40
19 21
33 83
47 73
37 35
121 6
19 40
120 34
115 109
117 27
5 113
59 30
95 113
0 94
65 58
42 99
8 107
97 62
48 82
53 13
116 22
114 99
117 71
24 34
15 64
37 87
104 21
93 106
126 1
112 99
119 101
2 70
2 88
76 125
14 71
109 78
112 86
28 96
48 29
34 73
54 4
86 56
80 74
6 4
71 27
71 63
5 40
42 82
84 126
36 39
35 108
123 84
45 106
97 18
64 2
25 33
95 39
32 82
14 79
34 81
100 124
112 127
25 24
11 80
59 35
69 59
127 12
113 57
29 67
90 19
76 18
29 17
9 33
85 57
58 47
32 52
95 60
127 9
103 24
1 100
122 75
0 58
125 47
127 36
16 43
42 0
17 108
87 37
23 30
84 125
65 74
83 87
46 77
69 96
93 26
88 68
44 15
89 51
41 8
99 96
111 59
11 98
94 0
122 5
49 17
17 76
20 56
110 31
6 81
50 78
127 2
61 24
22 52
41 105
107 13
72 20
32 105
76 79
75 24
25 51
46 79
50 55
103 29
106 49
115 29
19 38
33 125
21 121
127 53
76 77
84 97
39 35
22 77
116 5
92 26
46 87
100 25
112 77
14 15
60 69
2 101
0 23
41 50
14 64
57 50
90 23
40 62
22 84
38 90
36 67
110 65
95 122
32 107
21 60
56 72
11 118
25 48
42 91
29 20
113 102
37 93
24 14
109 93
118 26
8 43
52 17
68 62
8 26
89 24
13 51
29 60
109 65
27 34
32 57
74 85
109 69
25 14
113 8
44 81
108 91
41 7
10 60
49 113
116 40
3 114
57 53
11 79
1 14
117 26
0 60
120 56
74 78
20 120
106 10
122 85
72 32
5 36
51 85
18 56
50 115
30 7
8 106
115 57
84 6
17 91
19 41
54 39
99 42
93 9
8 97
41 22
73 79
18 53
42 41
91 109
18 117
19 36
112 100
112 14
108 63
34 107
53 54
81 125
83 43
118 24
44 106
62 100
2 15
50 53
61 14
100 73
67 114
120 100
68 100
1 24
59 1
105 40
75 71
21 76
37 54
15 125
13 63
75 4
0 90
49 24
85 42
81 106
12 99
109 55
122 117
93 73
115 4
35 104
32 2
127 89
37 53
97 87
54 120
126 117
84 34
31 26
97 36
31 83
127 84
121 104
10 65
103 74
96 121
104 41
37 66
87 35
69 118
103 76
118 76
95 83
12 118
71 96
84 35
46 104
50 52
18 32
112 78
72 47
59 20
48 75
35 34
48 31
77 0
88 39
103 11
15 49
50 24
73 86
56 42
102 9
25 60
46 124
10 62
14 70
12 66
94 27
108 117
27 12
61 69
21 24
12 10
51 58
95 54
49 103
91 38
96 22
17 42
16 90
11 61
37 71
85 56
20 70
19 117
15 16
25 50
55 13
99 5
14 50
118 69
94 119
18 54
63 53
71 106
38 34
79 118
31 65
80 121
117 39
51 103
25 86
108 66
86 99
51 101
73 22
9 122
36 36
3 88
33 105
24 12
105 123
92 122
53 37
51 54
43 3
87 30
79 119
91 23
19 89
32 92
42 81
17 39
78 127
110 113
57 118
106 91
23 31
127 69
127 83
21 21
37 50
99 39
99 94
58 123
16 36
76 76
6 3
16 11
118 55
29 93
32 36
85 118
105 17
0 92
43 15
63 109
89 10
52 8
41 116
127 15
121 76
36 72
46 81
