95 68
90 21
39 52
3 101
121 98
43 105
102 92
72 85
50 9
68 1
56 71
51 83
13 72
87 38
23 11
127 59
26 32
118 124
60 90
103 43
11 8
24 35
70 69
76 25
67 10
40 51
123 6
10 99
121 2
70 110
73 11
97 56
115 123
10 105
94 38
80 102
33 101
125 89
37 67
108 112
13 20
100 2
19 58
13 127
25 30
49 125
107 21
71 63
116 60
3 25
105 37
1 18
98 9
78 115
50 34
53 55
37 121
61 85
123 84
33 43
24 113
30 21
71 68
101 2
36 43
72 42
18 107
111 69
120 1
116 20
47 80
114 30
81 121
36 33
43 24
125 108
28 5
120 81
100 38
106 105
122 83
84 118
92 58
41 22
16 43
48 86
102 11
78 5
12 66
96 10
69 98
9 108
109 65
71 41
54 7
87 8
99 54
33 65
3 13
112 103
103 45
86 97
59 118
104 13
14 39
96 38
45 114
119 68
73 102
84 96
64 0
20 35
5 43
40 44
20 90
88 19
10 18
67 109
48 124
9 106
11 54
25 31
87 72
42 46
105 68
1 104
60 8
11 64
69 86
43 72
69 99
1 90
99 96
94 9
58 2
27 18
127 44
73 67
122 108
61 39
19 57
103 30
87 75
23 15
97 87
3 102
66 75
34 89
119 58
12 82
116 73
30 104
108 92
61 47
87 125
25 127
59 23
51 67
100 112
40 23
53 88
3 111
37 44
77 79
25 15
119 20
108 58
59 97
43 1
28 120
78 79
60 122
31 53
82 88
124 119
60 46
59 95
27 51
37 70
66 111
4 41
71 87
120 36
35 96
108 116
120 45
59 3
101 8
66 42
122 118
52 16
31 51
119 49
107 51
127 70
108 22
8 44
83 124
89 20
116 58
19 79
47 86
31 6
22 58
14 80
54 118
51 1
15 11
18 4
16 15
117 56
117 23
91 65
113 124
78 59
29 60
70 25
90 37
65 2
106 36
21 21
48 98
55 53
97 14
29 67
69 68
59 121
84 27
59 69
114 44
97 100
49 73
27 16
60 38
60 102
18 92
83 98
97 10
106 38
117 87
2 115
72 102
41 61
124 92
111 99
72 25
62 88
107 12
60 47
1 41
88 16
120 117
118 22
28 106
52 104
75 27
116 127
102 28
24 55
48 83
7 44
94 54
53 59
62 102
18 91
127 17
80 31
81 22
30 19
125 90
122 39
104 24
19 42
83 59
41 95
126 6
20 122
40 42
94 87
21 108
60 110
41 49
71 59
97 45
63 104
33 124
59 48
45 119
121 9
18 21
87 119
26 95
127 122
88 8
43 14
126 115
85 35
2 68
101 73
25 38
8 90
119 38
63 58
118 109
54 88
102 121
3 40
126 60
50 56
84 58
1 70
3 26
28 121
52 8
22 78
51 99
127 51
92 90
108 88
52 44
118 37
91 123
30 59
102 3
66 76
117 77
10 7
115 102
118 16
19 69
119 36
104 23
124 77
20 62
57 73
11 10
126 123
117 38
68 8
86 52
47 29
0 15
51 113
96 57
94 21
39 121
52 24
121 84
43 81
73 100
111 61
23 87
0 52
122 86
4 40
115 94
44 115
110 23
75 70
0 110
41 23
96 35
71 51
27 98
119 70
117 59
113 76
127 12
9 17
24 86
41 106
17 35
66 102
43 22
59 52
43 94
99 87
50 67
41 16
78 99
21 6
35 126
68 0
7 3
68 118
115 100
127 20
89 36
18 14
42 104
82 33
81 103
16 32
125 36
8 37
86 96
42 60
44 8
71 18
52 30
19 19
58 85
60 89
30 8
65 120
52 116
22 34
115 9
79 47
93 50
79 60
100 111
79 10
24 40
0 116
25 16
40 17
71 22
27 96
59 77
46 105
101 93
81 68
9 33
57 116
103 0
21 79
71 50
97 126
121 50
37 94
67 119
41 52
8 122
95 81
83 5
37 38
26 40
44 73
59 19
90 10
110 93
121 108
82 122
115 55
88 35
107 1
59 79
113 43
87 42
98 35
0 117
95 118
36 59
64 28
109 70
115 22
94 88
32 116
18 33
71 119
26 39
104 77
16 105
23 127
34 124
66 0
106 35
125 71
4 17
78 117
116 3
73 61
104 62
40 122
125 30
75 100
18 100
27 59
33 64
121 39
53 6
61 41
92 52
93 37
8 32
19 114
112 123
117 72
109 45
31 92
51 115
34 125
34 103
16 5
2 1
96 119
41 60
51 59
113 100
119 24
99 95
18 75
80 120
52 119
53 40
86 56
96 115
11 84
21 20
109 75
96 58
71 32
70 90
59 60
14 84
15 40
70 61
93 110
103 10
27 19
31 36
51 80
99 86
71 88
20 78
102 42
57 50
101 27
82 111
26 86
5 64
108 43
62 54
120 50
0 99
58 69
49 71
43 30
26 25
9 34
52 25
2 14
76 23
25 13
96 22
89 38
104 43
91 93
18 74
111 124
70 7
75 17
4 25
111 14
127 37
98 41
111 78
21 114
51 40
50 80
92 106
40 94
85 55
68 110
108 74
74 81
40 34
83 17
82 37
88 72
78 116
52 53
121 74
84 42
101 108
122 46
95 116
94 26
95 9
74 65
86 14
39 85
93 29
66 10
58 76
0 19
63 52
115 57
38 52
44 2
45 89
45 74
107 36
21 69
97 54
41 7
91 46
119 86
50 100
13 9
91 107
59 91
29 107
124 84
80 46
62 84
15 101
92 74
105 104
114 123
74 80
16 127
30 92
108 100
97 119
45 107
78 86
1 113
11 73
46 27
125 1
93 23
110 111
6 7
18 5
125 29
55 93
39 79
16 76
127 14
80 92
80 127
31 86
81 40
17 4
94 107
0 17
49 9
52 66
109 10
20 89
34 127
103 104
32 106
7 54
97 47
69 21
107 19
92 37
116 38
118 78
96 88
124 35
69 67
81 37
48 97
127 15
100 39
40 91
22 88
28 23
19 99
106 58
49 54
9 88
9 53
115 19
30 85
21 19
61 118
115 82
126 2
90 52
116 56
14 38
122 4
85 14
67 11
21 89
98 54
108 20
20 115
36 11
119 5
116 21
58 91
104 27
83 123
31 1
68 65
40 38
8 120
80 126
53 105
57 96
51 16
98 118
117 124
19 54
96 46
30 123
93 88
93 118
19 116
127 2
20 108
38 94
51 79
116 16
71 108
61 105
111 28
79 45
17 104
26 118
49 82
116 94
82 125
92 126
29 14
47 75
1 116
8 96
90 45
17 22
15 50
39 93
80 114
118 1
96 123
79 87
106 28
116 98
25 56
25 95
18 80
33 94
52 84
22 32
16 11
72 9
14 19
59 96
75 22
114 75
112 29
49 27
60 106
96 60
66 63
99 75
60 39
19 101
39 69
86 100
21 35
70 94
8 95
4 60
93 22
29 94
72 21
111 123
121 86
51 107
2 112
59 109
108 95
15 4
62 110
120 109
109 101
87 69
58 96
27 60
53 17
4 114
123 119
82 39
111 67
7 107
108 36
89 52
78 114
32 88
100 85
86 125
61 34
126 45
95 57
28 19
55 117
44 58
30 27
28 96
119 126
39 76
19 97
87 98
71 65
17 106
56 115
66 119
66 13
7 121
126 59
59 47
94 117
118 127
0 38
14 35
86 75
119 60
17 102
31 66
107 57
104 42
43 114
110 98
87 34
82 38
16 91
77 126
92 19
100 90
19 18
87 99
111 77
61 86
27 119
11 120
69 83
77 59
62 38
10 96
24 75
87 15
38 0
86 36
107 55
31 58
10 23
70 27
13 74
14 76
67 101
13 93
27 34
124 98
16 63
53 29
37 127
31 91
42 107
33 117
74 43
59 67
56 117
58 51
61 48
49 3
43 61
99 61
2 111
93 5
102 86
109 77
13 120
100 92
70 30
79 120
6 122
125 120
28 67
93 120
27 24
126 36
119 72
125 123
42 8
102 53
17 41
16 101
0 118
11 121
95 114
104 44
19 93
41 41
56 41
40 18
44 93
117 16
26 98
12 73
127 46
79 126
19 22
56 70
74 76
63 53
70 26
96 55
105 12
4 42
1 105
78 9
28 59
98 37
86 53
102 107
12 52
51 93
17 9
15 69
69 7
44 88
10 97
35 106
110 126
6 22
50 75
30 94
45 80
108 45
102 103
31 93
110 55
23 122
79 77
99 110
73 78
101 36
60 61
118 47
0 104
33 55
67 113
33 119
70 31
38 45
30 113
70 111
20 58
110 46
52 118
71 30
109 58
1 82
50 16
97 17
39 44
1 51
19 2
118 9
63 59
73 10
107 59
92 54
92 102
12 53
127 81
120 73
67 17
49 104
98 51
104 105
3 64
92 121
26 11
120 58
93 89
93 109
84 53
57 86
34 104
33 53
35 105
39 16
101 11
52 4
39 38
37 114
108 5
88 76
115 101
122 49
20 88
106 123
19 52
93 53
79 117
45 87
112 88
90 38
117 61
38 120
27 41
15 70
16 13
60 68
75 5
15 75
52 57
84 15
29 22
19 96
90 110
50 0
17 39
57 69
115 81
58 116
101 30
118 59
86 43
93 74
109 35
86 51
92 0
79 113
81 44
36 34
120 97
59 16
125 92
58 16
97 37
78 78
44 22
122 47
118 72
11 96
48 24
34 86
71 107
123 117
96 17
120 5
30 37
54 41
49 117
48 104
120 27
113 70
30 52
58 72
40 21
68 21
119 8
48 30
56 95
8 71
118 110
102 74
125 72
61 36
127 5
34 23
54 107
8 31
24 126
119 25
4 26
10 8
2 103
74 77
100 37
66 109
60 117
112 68
34 46
77 62
79 48
58 84
61 24
82 59
9 36
6 80
98 125
17 80
126 21
52 106
119 125
115 93
72 60
101 87
27 26
80 37
98 49
99 34
92 93
98 43
19 94
10 54
29 122
76 4
7 123
68 27
123 5
30 16
5 2
20 95
43 15
22 80
114 58
66 127
28 18
71 8
46 75
97 50
21 68
58 53
112 70
97 59
95 26
58 70
117 75
16 44
97 102
81 93
50 102
72 7
83 55
118 111
46 77
38 53
39 94
66 110
116 28
87 76
34 95
63 89
51 31
44 48
43 87
123 48
17 43
14 125
119 110
126 0
117 127
125 12
103 76
49 81
62 40
92 105
83 125
81 32
118 65
89 84
49 65
39 6
29 112
97 124
26 33
84 36
69 84
60 107
39 51
67 9
93 127
65 124
71 9
6 3
15 80
26 23
94 92
70 120
50 111
15 10
85 52
93 1
53 38
29 118
28 50
69 48
78 84
60 9
120 83
72 68
86 7
8 55
102 35
71 26
94 68
4 115
12 7
117 15
90 107
27 46
61 88
98 101
95 46
40 20
83 36
103 14
109 100
42 15
31 67
116 123
20 5
29 58
80 45
84 16
38 32
86 41
61 103
125 93
22 67
8 54
106 22
82 68
25 41
61 53
75 76
11 74
1 60
53 117
119 46
4 18
69 120
126 109
28 119
51 106
91 20
126 94
52 109
109 94
17 14
121 35
92 92
114 59
78 48
93 72
17 37
81 122
34 81
109 95
61 121
16 104
113 104
61 52
70 23
50 32
32 54
49 25
23 76
108 9
113 30
18 89
71 105
47 105
70 50
90 20
70 21
91 75
85 3
124 122
52 39
116 81
55 15
34 50
102 59
69 28
16 37
126 82
117 70
62 55
126 119
78 61
117 81
77 77
87 126
0 91
48 26
32 83
54 30
24 84
47 26
115 5
92 51
65 28
9 55
125 83
88 71
5 42
102 29
42 88
77 80
124 6
77 19
67 62
50 83
41 50
18 101
80 122
13 85
14 71
109 109
121 103
124 111
1 68
72 62
96 103
84 54
74 16
62 37
107 99
121 82
97 123
17 11
46 73
61 109
59 119
88 36
110 92
18 69
38 33
68 12
73 43
25 35
50 74
97 44
119 21
59 10
118 25
101 122
126 73
74 28
67 64
113 99
38 36
69 29
62 109
103 60
100 89
79 5
59 76
36 87
73 27
98 48
65 1
113 60
50 116
68 85
71 76
85 27
22 29
92 108
35 11
99 91
38 39
9 77
95 87
17 12
94 69
73 28
6 45
98 60
127 109
38 96
40 118
111 56
59 22
70 60
52 115
21 115
60 67
53 84
60 20
31 3
41 92
95 120
18 3
40 86
91 47
85 17
110 110
67 76
2 72
67 127
5 37
97 61
100 123
33 84
42 114
83 88
70 67
37 36
48 28
33 1
111 30
5 1
2 110
92 75
38 86
119 0
106 10
75 124
2 24
52 93
108 4
62 104
33 89
118 48
102 61
89 17
50 3
1 49
120 26
82 87
84 4
114 124
60 42
107 44
109 78
95 106
31 84
39 91
57 93
72 26
50 65
112 89
120 39
105 41
27 95
74 23
114 80
109 59
121 49
14 65
53 106
103 62
49 35
121 59
90 23
51 8
21 77
29 113
4 1
70 64
18 103
19 41
124 94
53 58
68 98
36 95
51 32
19 34
117 76
109 23
92 24
123 69
31 89
24 13
58 17
74 101
121 73
6 44
46 88
71 24
53 56
4 65
12 92
107 115
34 51
49 99
72 19
39 43
10 63
5 66
14 51
32 64
4 106
69 47
118 28
44 120
70 17
24 54
114 101
29 51
18 34
107 114
122 77
31 90
108 52
21 33
36 71
103 106
47 72
37 60
104 45
120 87
21 123
70 95
106 11
17 101
14 9
108 113
41 45
85 6
105 29
51 56
124 116
67 28
117 123
57 84
98 40
100 36
45 59
23 77
26 17
120 9
99 88
105 27
41 24
26 97
95 115
4 48
117 74
0 16
84 60
52 92
91 51
99 47
3 0
119 82
99 125
122 81
34 90
20 98
51 23
20 56
93 8
29 15
60 51
99 3
7 53
58 9
44 21
25 11
118 87
59 71
73 62
20 34
109 84
13 21
1 109
76 78
27 91
70 119
59 15
23 13
32 118
99 38
30 106
43 92
82 22
31 116
66 27
89 35
82 43
101 97
81 43
57 40
114 94
45 9
61 61
5 81
47 87
82 60
58 78
39 37
48 53
51 66
31 7
96 99
107 41
119 73
91 24
86 81
55 116
12 83
33 0
13 84
0 69
100 95
90 6
58 20
83 34
56 94
123 76
105 26
118 60
126 91
59 18
86 74
40 6
79 102
86 101
115 99
35 123
74 66
120 2
110 77
85 59
119 124
27 48
91 73
29 69
46 79
35 40
18 19
32 84
48 72
37 35
120 4
18 40
120 34
115 109
117 27
3 113
59 31
95 113
127 95
66 61
43 100
8 107
97 62
50 82
54 14
116 22
114 99
117 71
23 34
16 64
37 87
105 22
93 106
0 1
112 99
121 100
1 71
3 87
76 125
14 70
109 76
111 87
28 98
49 31
36 72
53 4
85 56
79 76
8 4
71 27
72 66
6 41
44 82
85 126
36 39
34 106
122 84
45 106
97 18
64 1
24 33
95 39
31 83
16 81
33 82
100 124
111 125
25 24
13 82
60 35
70 62
126 11
113 58
30 68
89 18
76 18
29 17
10 32
84 57
59 46
33 50
95 60
127 7
104 25
0 100
122 75
127 58
124 48
127 36
15 43
42 0
17 107
87 37
22 30
85 125
65 75
83 86
47 76
69 96
92 25
88 70
43 16
89 51
43 8
100 96
110 60
11 98
93 0
121 3
49 17
17 76
20 55
110 31
6 81
52 78
1 2
61 25
22 52
41 105
108 13
72 20
31 103
75 81
75 24
26 50
48 79
50 55
104 30
106 50
115 29
18 38
33 125
21 121
127 53
75 79
84 97
39 35
24 79
116 5
91 25
47 88
101 26
112 75
14 14
60 69
2 101
127 22
41 51
15 64
58 49
89 22
40 62
22 84
38 92
37 66
111 66
95 122
31 105
21 59
56 72
10 116
26 47
42 93
29 20
113 102
37 95
24 14
110 94
118 26
9 44
52 17
69 65
8 26
88 23
13 51
30 60
110 66
26 34
33 56
73 85
110 70
25 14
114 8
46 81
109 92
43 7
11 60
50 112
116 40
1 114
58 52
13 81
0 13
117 26
127 60
120 57
73 80
20 120
107 10
121 85
72 32
4 37
53 85
18 55
51 114
28 8
8 106
115 58
84 5
17 90
18 41
53 39
99 42
94 8
8 97
42 23
72 81
18 52
43 41
91 109
18 117
18 36
112 100
112 14
109 64
33 105
53 54
81 125
83 43
118 24
44 106
62 101
1 14
50 53
60 15
100 74
67 115
122 99
68 100
1 24
59 1
107 39
76 71
23 78
37 58
15 126
14 63
77 5
127 91
50 26
85 42
80 106
12 99
108 56
121 118
93 73
115 4
34 102
32 2
126 90
37 54
98 87
55 119
125 118
84 34
31 26
97 36
30 84
126 84
121 104
11 65
103 75
96 121
106 40
38 65
87 35
69 118
103 77
118 76
94 82
11 116
71 96
84 35
46 104
50 52
17 32
112 76
70 48
58 21
49 74
35 34
49 33
77 0
88 39
104 11
15 49
51 26
72 86
55 42
103 9
26 60
47 125
11 62
14 69
13 66
93 26
107 116
27 12
61 69
20 22
12 9
51 58
95 54
49 103
91 38
95 21
16 42
16 89
12 61
39 70
84 56
20 69
19 117
15 15
26 49
56 14
99 5
14 50
118 69
94 119
18 53
64 52
71 106
38 34
79 118
32 66
80 121
117 39
51 103
25 85
109 67
86 99
51 101
73 22
8 121
36 36
4 87
32 103
24 12
105 123
92 122
52 37
51 54
43 3
87 30
79 119
90 22
19 88
32 94
44 81
16 39
78 127
109 112
58 117
107 92
22 31
126 70
126 83
20 19
37 51
99 39
100 94
57 124
13 35
75 78
8 3
16 10
118 56
29 95
32 36
87 118
106 18
127 93
42 16
63 109
89 9
52 7
41 117
126 14
121 76
38 71
48 81
