99 70
90 20
41 57
3 99
122 98
44 106
102 92
73 84
50 11
70 127
55 71
51 82
10 74
88 41
21 9
127 57
26 32
121 122
64 94
105 42
8 11
24 35
69 72
77 24
69 8
43 54
124 5
8 99
122 1
70 111
75 12
98 56
117 122
11 106
94 38
77 103
35 105
124 85
37 65
108 114
12 21
100 2
19 59
10 0
24 29
47 123
107 21
71 60
117 60
3 27
107 35
1 21
98 9
76 113
48 37
53 51
36 120
62 84
122 88
31 40
23 111
33 19
71 70
101 2
37 44
70 44
16 108
111 69
121 0
117 18
46 80
113 30
80 120
36 29
42 25
126 107
28 5
117 82
102 36
110 107
121 86
84 116
91 59
39 22
16 46
50 86
101 11
79 7
15 66
96 10
68 97
8 109
107 64
69 43
54 9
86 9
100 54
34 67
3 13
115 105
104 44
89 96
60 116
105 15
12 43
97 36
47 113
118 64
73 102
82 94
61 2
20 35
4 43
42 45
21 91
85 19
8 17
69 106
46 121
10 107
10 54
24 30
89 71
44 47
104 69
1 103
63 8
9 62
69 86
42 67
68 98
4 90
99 96
94 9
58 4
28 17
127 44
74 68
122 110
61 37
19 58
102 31
88 76
20 15
96 85
4 101
66 74
32 88
121 57
12 81
115 72
31 107
106 93
66 47
88 126
25 127
60 22
52 65
102 113
39 24
54 88
4 110
36 46
80 78
23 15
120 17
107 57
60 98
44 127
28 121
81 78
58 123
30 53
82 86
122 119
61 45
60 95
24 49
37 72
66 108
5 40
72 86
121 34
34 98
108 118
119 46
59 5
102 6
66 42
119 118
52 17
31 50
118 50
106 51
127 70
108 22
7 44
82 123
89 19
117 58
21 78
49 86
34 6
24 58
14 79
54 119
50 3
13 13
17 3
14 17
116 54
118 21
90 63
112 124
78 58
28 64
69 27
90 36
62 4
108 34
22 24
47 97
57 54
95 13
29 68
68 71
57 122
84 24
62 66
113 43
97 100
48 71
26 15
60 36
59 100
18 92
81 99
97 10
108 36
114 91
3 114
72 102
42 63
126 90
113 98
72 24
67 91
108 14
65 47
126 42
86 16
118 116
119 19
28 107
54 101
75 28
117 126
100 26
23 54
47 83
6 44
95 54
53 60
61 100
18 91
127 20
77 30
78 20
34 17
127 88
123 43
102 22
20 46
85 63
40 97
0 8
18 122
42 43
93 85
23 107
60 111
43 51
72 55
99 43
62 102
33 124
60 47
47 115
119 9
19 24
86 116
24 96
127 122
89 9
45 14
127 117
85 34
2 67
99 73
26 38
7 90
118 38
63 60
116 110
55 88
103 118
5 38
126 58
50 52
87 62
1 69
3 28
28 122
52 10
26 76
50 98
126 48
89 89
109 88
51 45
117 37
91 123
29 63
103 2
65 76
117 77
7 10
119 106
120 14
19 69
120 34
102 21
124 77
21 63
60 72
8 13
126 123
116 38
68 3
84 49
45 30
126 16
51 113
95 58
94 24
39 121
52 25
119 88
41 81
72 100
110 61
23 87
0 52
120 90
6 38
117 94
44 111
113 25
76 69
1 109
40 24
96 32
73 52
27 101
118 66
118 59
112 77
124 10
7 16
24 86
40 106
14 35
66 102
42 23
62 51
42 96
98 85
51 65
40 14
77 98
22 6
35 126
70 126
5 5
72 113
119 104
125 21
89 34
16 16
43 105
79 33
77 106
12 33
125 32
8 36
87 92
44 62
43 9
72 17
53 31
20 22
58 85
62 91
33 8
66 120
52 117
22 34
113 7
77 47
96 48
79 59
100 111
77 14
25 40
1 115
21 18
39 15
71 21
25 97
59 76
47 106
101 93
80 65
9 30
58 114
103 127
26 78
73 51
95 126
120 51
36 96
70 116
44 55
8 123
96 82
81 1
36 39
27 40
43 68
59 18
91 11
108 94
120 110
81 121
114 52
88 33
106 127
59 81
112 42
87 44
98 32
1 118
92 115
35 59
64 26
108 70
112 22
94 88
33 114
15 33
73 118
27 39
105 79
14 106
21 127
34 124
66 126
108 33
125 71
4 18
77 116
115 2
74 60
103 62
40 122
127 29
75 100
16 101
25 61
34 66
122 43
53 8
61 39
93 52
93 37
8 29
18 113
111 122
116 71
112 46
29 93
51 116
34 125
36 107
14 2
3 0
94 119
42 62
51 55
115 102
120 22
99 95
20 75
79 119
51 122
53 40
86 55
96 114
11 83
22 23
107 75
95 59
75 35
68 89
55 57
17 83
13 44
70 58
89 111
102 10
27 20
32 36
55 77
98 84
72 87
22 77
104 41
58 49
99 25
82 111
26 87
5 64
108 43
65 54
119 51
127 97
61 66
47 68
43 30
29 23
10 32
52 26
0 15
77 22
24 12
96 25
90 40
106 42
91 94
20 74
112 126
70 2
74 16
4 27
111 12
127 34
100 39
109 81
21 110
50 41
53 76
87 106
39 96
85 54
71 108
106 74
75 81
41 34
81 15
82 36
92 72
77 115
52 49
120 73
84 44
102 109
121 46
95 115
94 29
95 9
75 66
85 13
39 85
94 32
68 8
58 75
0 22
66 52
114 55
40 57
45 0
47 89
43 71
109 34
24 69
98 54
38 9
92 44
116 90
49 99
11 11
87 108
63 95
29 108
123 88
79 47
63 82
13 102
94 75
109 105
116 122
75 80
18 125
28 93
107 101
98 117
46 108
75 89
2 112
8 75
44 26
124 0
93 26
112 112
7 7
17 4
127 27
56 91
39 79
18 76
125 15
83 90
79 126
28 84
77 41
16 3
92 108
0 20
49 11
53 64
109 7
20 89
34 127
102 103
34 110
5 56
98 46
67 21
107 19
92 37
115 38
120 79
95 86
122 30
67 69
78 37
47 96
125 16
102 37
39 93
22 88
31 21
18 100
105 58
49 50
9 87
8 53
115 19
27 83
22 22
62 116
114 81
125 1
91 52
115 54
12 42
123 3
84 13
69 9
21 89
99 54
108 20
17 116
36 10
120 4
117 19
60 89
103 26
82 122
31 1
69 64
41 38
6 119
79 125
55 102
58 97
51 17
100 116
119 123
18 53
97 45
31 124
91 85
90 115
16 117
0 1
22 107
37 96
55 76
115 13
75 109
60 103
108 27
78 44
15 105
26 119
48 82
118 94
81 124
93 0
29 12
45 72
2 115
6 98
91 43
16 23
11 49
38 95
79 111
119 0
94 123
76 90
105 29
118 97
24 55
23 96
19 78
32 96
52 83
22 32
14 13
74 10
13 20
60 97
76 21
113 76
111 29
48 29
61 105
96 62
66 62
99 78
60 37
17 102
40 70
89 100
21 35
73 92
6 96
3 58
93 25
27 95
73 20
110 122
119 90
53 104
3 111
59 110
106 96
13 1
62 112
120 113
108 102
91 68
59 97
25 62
53 19
5 113
121 119
79 39
111 67
6 108
110 34
90 52
77 111
30 87
101 85
87 126
62 30
126 45
94 58
28 20
54 115
43 60
30 30
26 97
122 124
40 75
19 97
90 97
72 66
15 107
57 113
69 119
64 12
6 121
126 57
60 46
92 113
119 126
0 38
12 38
85 77
121 59
15 103
32 68
106 56
106 41
40 112
113 95
87 32
79 38
14 95
76 125
92 18
99 88
20 21
90 99
109 77
62 85
27 120
11 121
68 83
77 54
62 36
8 95
28 73
86 14
39 2
86 35
106 54
31 58
6 25
69 29
10 76
16 76
67 101
11 93
27 34
124 101
17 60
54 30
40 127
28 91
41 107
35 114
73 40
60 63
57 115
61 50
66 49
46 4
45 63
99 63
3 110
95 6
106 88
107 77
16 122
96 92
74 33
78 119
5 123
123 120
28 68
90 117
30 22
126 32
118 71
125 123
39 10
104 54
18 44
14 102
1 119
11 124
95 113
106 43
19 93
43 42
55 42
39 16
44 93
117 13
26 101
9 75
127 46
78 125
20 25
55 70
77 73
67 54
69 28
97 55
106 14
3 42
127 105
77 10
27 63
98 34
84 50
103 108
11 52
50 94
15 11
11 70
69 2
43 89
8 96
37 110
109 0
8 22
50 74
28 95
44 81
109 50
101 102
29 94
108 53
24 121
82 75
99 110
75 76
103 34
57 59
117 48
0 103
32 55
68 112
35 118
74 34
39 47
29 113
70 112
20 59
113 48
52 119
75 33
108 57
1 82
50 17
96 16
41 45
2 51
18 0
116 9
63 61
75 11
106 59
92 55
93 101
11 53
2 78
119 72
68 17
50 104
98 51
105 106
3 64
90 120
24 9
123 56
91 86
89 110
82 50
57 86
36 108
32 53
37 109
38 14
100 11
53 4
40 38
37 113
109 5
89 77
119 105
121 50
20 88
103 123
19 49
94 53
78 116
47 87
113 87
91 40
118 61
38 120
28 41
12 72
14 15
61 64
76 7
17 75
52 53
83 14
32 20
19 96
86 111
49 2
18 42
58 68
115 79
60 113
99 28
119 59
87 47
95 75
111 33
84 48
91 4
78 110
80 43
36 30
121 97
57 13
127 90
55 13
97 34
81 76
43 23
122 48
117 71
9 95
47 22
33 86
75 108
120 117
95 16
121 4
32 38
53 42
48 118
49 104
121 25
113 70
29 52
62 72
38 21
66 21
117 8
46 31
56 97
5 70
116 111
101 72
126 75
61 34
1 4
33 23
57 106
8 28
22 126
120 23
4 28
7 11
3 102
77 74
102 35
68 106
61 115
112 68
33 47
77 61
79 50
58 84
63 22
83 62
9 34
4 79
96 125
18 78
125 23
54 103
122 123
117 93
73 56
104 88
30 24
77 37
98 49
99 31
92 94
100 41
19 94
9 54
30 122
77 6
6 124
67 29
124 4
30 14
7 1
20 95
45 15
22 82
115 58
66 125
29 17
73 6
44 72
97 50
21 68
61 52
112 70
97 59
95 29
61 67
116 74
16 47
97 102
84 91
53 95
75 5
79 54
116 112
46 76
40 58
38 96
66 107
114 27
88 77
33 97
67 93
52 32
44 49
42 88
123 49
17 46
15 125
118 113
125 127
118 126
122 10
104 78
52 77
62 38
87 105
82 124
78 32
122 65
86 86
48 62
36 8
28 112
95 124
26 33
84 35
68 84
61 106
42 54
69 7
94 1
64 123
72 10
4 5
15 79
27 23
93 91
72 119
49 111
13 12
83 49
92 5
54 37
29 119
25 48
69 49
80 82
60 12
118 85
73 69
82 11
5 58
104 33
70 28
95 67
5 114
9 10
117 12
86 108
24 44
63 90
98 101
96 45
38 20
83 35
102 14
108 101
43 14
32 69
119 121
21 5
28 59
79 44
83 15
38 28
86 43
60 101
127 94
23 66
6 53
104 20
81 65
26 41
64 53
78 73
8 76
127 61
53 118
118 47
4 19
71 119
127 108
28 120
53 103
91 19
0 95
54 110
107 95
15 16
122 33
92 93
115 59
78 50
95 73
18 40
80 121
35 80
107 96
60 122
14 105
116 106
64 52
70 22
48 33
31 54
48 24
27 74
107 6
112 30
18 89
73 105
50 106
70 52
90 19
68 21
93 76
84 0
124 122
51 39
116 79
52 14
35 49
101 58
68 30
17 40
125 80
116 66
65 57
124 119
78 60
117 79
80 75
88 127
2 89
46 25
33 82
55 31
24 84
45 25
114 4
94 50
65 26
7 58
124 81
92 71
6 41
100 27
41 89
80 79
125 5
76 18
67 61
50 82
44 53
16 102
79 121
13 84
11 73
106 108
123 104
125 111
1 67
72 59
96 103
80 53
73 14
62 35
104 98
118 83
95 123
15 13
44 70
61 110
60 117
88 34
108 93
18 69
38 29
68 12
72 44
25 35
52 71
99 42
120 18
59 10
119 25
102 119
127 76
74 29
69 62
115 98
39 36
68 31
62 110
102 59
99 87
82 5
59 75
35 88
72 29
99 47
62 3
114 60
49 117
67 85
72 74
85 24
22 29
88 109
35 10
99 91
37 40
10 79
94 85
15 14
96 70
72 30
5 46
98 62
0 108
39 100
41 117
109 54
60 21
71 56
52 116
22 114
61 63
54 81
62 17
31 3
40 94
93 120
17 1
40 86
91 47
84 16
107 109
67 75
3 74
69 125
5 36
97 63
101 120
34 83
39 112
83 86
70 68
38 36
46 29
33 1
110 30
7 0
3 109
94 76
38 86
120 127
105 7
74 123
3 25
51 94
109 4
61 102
31 88
117 49
101 60
87 17
48 6
2 46
121 24
82 85
83 1
113 124
60 40
108 47
107 78
93 105
28 82
38 93
59 93
71 28
51 63
113 88
120 42
107 40
25 96
75 22
114 78
108 59
120 50
15 62
55 103
102 62
47 38
124 57
90 26
51 10
25 75
28 113
6 0
71 62
16 104
20 44
125 94
53 54
66 96
35 97
49 33
16 34
116 75
109 23
92 27
122 70
29 88
22 11
58 16
74 101
120 72
5 44
48 88
71 23
53 52
4 65
10 92
107 117
35 50
48 98
73 18
41 44
8 61
7 66
13 51
33 66
6 103
69 48
122 27
44 118
71 16
23 53
118 105
26 49
15 34
107 116
122 78
28 90
110 52
21 33
36 73
104 107
45 69
37 59
106 44
117 91
19 123
73 93
107 13
15 102
12 11
108 115
43 46
85 7
104 30
51 52
125 116
66 30
120 121
57 84
100 38
102 34
48 60
27 75
23 17
118 9
98 86
104 26
40 25
25 99
95 114
5 49
116 73
0 18
87 65
51 92
92 51
100 46
4 127
116 83
100 122
121 82
32 89
22 100
51 24
19 55
93 8
29 13
63 50
99 3
5 55
58 9
43 22
23 9
115 91
63 68
74 61
20 34
109 83
13 23
2 108
79 77
25 90
72 118
57 12
21 11
34 117
101 36
31 109
43 92
79 20
31 116
66 25
89 33
81 42
102 96
80 42
56 41
116 94
44 10
58 59
6 84
49 87
83 63
58 77
40 37
48 49
52 64
34 7
96 99
109 41
118 72
91 27
86 81
56 114
12 82
33 0
13 83
0 68
100 95
88 3
57 18
82 33
56 96
123 76
104 25
119 60
0 89
59 17
85 76
37 8
76 103
89 101
117 98
35 123
75 67
121 1
108 77
88 63
122 122
24 46
92 74
30 71
44 78
34 41
17 20
33 83
46 69
37 31
121 3
19 43
117 32
111 109
118 27
4 112
59 30
95 110
1 96
66 60
40 103
7 108
97 64
53 78
49 15
117 20
116 98
116 67
23 34
17 61
37 87
103 20
89 107
1 0
114 98
122 100
2 73
2 86
75 124
11 72
107 76
112 86
28 101
47 32
36 74
54 4
85 55
83 73
9 5
70 29
73 67
7 40
42 82
86 127
35 40
36 110
120 88
46 107
96 17
61 3
24 33
96 37
28 81
16 80
34 81
101 121
113 0
26 24
13 81
59 34
70 59
123 9
114 58
31 70
87 18
75 17
30 16
10 29
85 58
58 45
34 49
95 62
1 9
102 23
127 98
122 75
127 56
124 49
127 32
15 46
43 126
15 108
87 36
22 30
86 126
64 75
84 83
47 75
70 93
92 28
92 69
45 16
90 51
42 9
100 96
109 60
9 97
94 2
122 2
48 17
19 76
19 54
109 31
9 82
56 75
2 1
63 23
22 50
40 105
109 15
73 19
30 104
78 82
76 23
23 48
47 79
50 51
103 31
105 50
114 29
19 41
33 125
19 121
127 53
78 78
82 98
40 35
28 77
115 4
91 28
49 88
99 24
111 76
12 16
63 66
2 99
126 24
44 54
16 61
59 48
89 25
41 64
20 84
37 94
37 64
111 66
93 122
32 108
21 60
55 72
11 112
23 45
41 95
32 18
116 104
38 99
22 12
108 95
119 26
8 44
52 19
70 64
9 24
88 26
12 51
29 64
110 66
26 34
32 56
74 84
109 70
24 13
112 6
45 82
107 93
42 8
12 57
49 112
115 41
2 113
61 51
13 80
127 12
118 26
127 58
123 55
74 80
18 120
106 7
119 89
76 35
4 36
54 83
17 54
51 115
27 7
6 105
116 58
83 2
17 90
19 44
53 39
101 40
94 8
6 99
41 24
73 81
18 49
46 41
87 110
15 118
22 38
114 102
112 15
107 63
35 109
53 50
80 124
82 42
119 22
45 107
63 97
127 15
50 49
58 12
98 75
67 115
123 99
66 98
1 26
59 3
109 37
77 70
27 76
36 55
16 126
15 60
78 7
1 89
49 26
85 44
80 108
12 98
107 55
118 118
95 74
114 3
36 106
32 2
0 88
39 59
97 85
55 120
123 118
84 33
31 29
97 33
27 82
125 82
123 107
9 63
104 77
94 121
108 38
38 63
87 33
73 113
104 79
118 76
95 83
12 112
74 96
84 34
47 105
50 48
14 32
111 77
70 49
57 20
51 71
33 32
47 35
78 3
89 42
105 13
12 47
51 27
73 85
54 43
102 9
24 62
45 122
9 60
10 70
16 66
93 29
107 118
27 13
65 65
21 25
9 12
51 54
96 54
51 101
92 40
95 24
16 45
16 89
13 58
40 71
84 55
20 69
16 118
13 17
23 47
53 13
98 5
10 49
117 65
91 116
18 50
67 52
75 107
38 30
78 117
33 68
79 120
116 39
54 97
25 85
109 67
89 99
54 94
74 21
7 121
37 36
6 87
31 104
22 10
102 123
90 121
53 36
51 50
44 1
88 29
78 118
90 25
19 88
31 96
42 81
17 42
77 126
109 114
59 115
105 93
22 31
126 70
125 81
21 22
39 55
101 37
100 94
56 126
11 38
78 77
7 4
14 12
119 53
27 96
33 36
86 115
105 18
1 94
43 15
63 110
90 10
52 9
42 116
124 15
121 77
38 73
47 81
