99 71
90 20
42 57
3 99
122 98
44 106
102 92
74 84
49 12
72 0
55 71
51 82
11 75
86 40
21 8
0 56
26 32
120 121
64 93
104 42
9 12
24 35
69 72
77 25
69 8
43 54
123 5
9 100
122 0
70 111
75 12
100 56
117 122
11 106
94 38
77 104
35 105
124 85
37 66
108 114
12 21
100 2
19 59
10 0
23 30
47 123
107 21
71 60
117 60
3 28
107 35
2 20
99 8
75 114
49 36
53 51
35 120
62 84
122 88
31 40
23 111
34 19
71 70
101 2
37 44
71 45
15 107
111 69
120 0
117 18
46 79
114 30
80 120
36 29
42 25
126 107
28 5
117 82
101 36
110 107
121 86
84 116
91 59
39 21
16 46
50 86
101 11
79 7
14 66
96 10
68 97
8 109
107 64
70 44
54 9
87 9
102 54
34 67
3 13
115 105
104 44
89 96
61 117
105 14
11 42
97 36
47 113
118 64
73 102
82 94
61 2
19 36
4 43
42 45
21 91
85 19
8 17
70 106
46 121
10 107
10 54
23 31
89 71
44 47
104 69
1 103
63 8
9 62
69 86
41 67
68 98
4 90
99 96
94 9
59 5
28 17
127 44
74 68
123 111
61 38
19 58
102 31
88 76
20 15
96 85
4 101
66 74
33 89
121 57
12 80
114 73
31 107
106 93
66 47
88 126
25 127
60 22
54 66
102 113
39 24
54 88
4 110
36 46
80 78
23 15
121 16
107 57
60 98
44 127
28 121
81 78
58 123
29 53
83 86
122 119
61 45
60 95
24 49
37 72
64 106
5 40
72 86
122 33
34 98
108 118
119 46
60 6
102 6
65 41
119 118
52 17
31 50
118 50
106 51
127 70
108 22
7 44
82 123
89 19
117 58
21 78
48 86
33 6
24 58
14 78
54 119
50 3
14 13
17 4
15 17
116 54
118 21
90 63
112 124
78 58
28 64
69 26
90 36
62 4
108 34
21 24
48 98
57 54
95 13
29 67
68 71
57 122
84 24
62 66
113 43
97 100
48 71
25 16
60 37
59 100
17 91
81 99
98 9
108 36
112 91
3 114
72 102
42 63
125 91
113 98
72 24
66 90
108 13
65 47
126 42
86 16
118 116
119 19
28 107
54 101
75 28
116 126
100 26
23 54
47 84
6 44
95 54
53 60
61 100
17 90
0 19
77 30
78 20
34 17
126 89
123 43
102 22
20 46
85 63
42 99
0 8
19 123
42 43
93 85
24 108
60 111
42 51
72 55
98 43
62 102
34 123
60 47
47 115
119 9
18 24
86 116
23 95
0 123
89 9
45 14
127 117
86 35
2 67
99 73
26 38
8 91
118 38
63 60
115 109
55 88
103 118
5 38
127 57
49 51
86 61
1 69
3 29
28 122
51 11
26 75
51 99
126 48
89 89
109 88
51 45
117 37
91 123
29 63
103 2
65 76
118 77
7 10
119 105
120 14
19 69
121 33
102 21
124 77
21 63
60 72
9 14
127 124
116 38
68 4
84 49
44 30
126 16
51 113
95 58
94 24
39 121
52 25
119 88
41 81
71 99
110 61
23 87
0 50
120 90
6 38
117 94
44 111
113 25
76 69
1 109
40 24
96 32
73 52
27 101
118 66
118 59
112 77
124 9
7 16
24 86
40 107
14 35
66 102
42 23
61 52
43 95
98 85
53 66
40 14
77 98
22 6
35 126
72 127
5 5
73 112
119 103
125 21
89 34
17 16
43 105
79 33
78 107
12 33
126 31
8 36
86 92
44 62
43 9
71 18
52 32
19 22
57 84
62 91
32 8
66 120
52 117
21 35
113 7
77 47
96 48
79 59
100 112
77 14
25 40
1 115
21 18
39 15
71 21
24 96
59 76
46 107
101 93
80 65
10 30
59 115
103 127
25 78
73 51
95 126
120 51
36 96
70 116
44 55
8 123
96 82
81 1
36 39
27 40
42 68
59 18
91 11
108 94
120 109
81 121
115 52
87 32
106 127
59 81
111 41
87 44
98 32
1 118
92 115
35 60
64 26
108 70
111 23
94 88
33 114
15 33
74 118
27 39
104 80
13 105
21 127
35 123
66 126
108 33
124 72
4 18
77 116
115 2
74 60
103 62
40 122
127 29
75 100
16 99
26 60
34 65
122 43
53 8
61 40
93 52
93 37
9 29
18 113
110 122
117 71
112 46
30 93
51 116
35 124
36 107
14 2
3 0
94 119
42 62
51 55
115 102
120 22
99 95
20 75
79 119
51 122
53 40
85 54
96 114
11 83
21 23
107 75
95 59
74 34
68 89
55 57
17 83
12 43
70 58
88 113
102 10
27 20
32 36
55 77
98 84
72 87
22 77
103 40
58 49
99 25
82 111
26 87
5 64
108 43
65 54
119 51
126 98
61 66
47 68
42 29
28 24
10 32
52 26
0 15
77 22
25 11
96 25
90 40
106 42
91 94
20 74
112 126
70 2
74 16
4 28
111 12
127 34
99 39
109 81
21 110
50 41
52 75
87 107
41 98
84 53
72 109
106 74
75 81
41 34
81 15
82 36
92 72
77 115
51 48
121 73
83 44
101 108
121 46
95 115
94 29
95 9
75 66
85 13
39 85
94 32
68 8
58 75
0 22
66 52
114 55
41 57
45 0
46 89
43 71
111 34
24 69
100 54
38 9
92 44
116 90
50 100
12 11
86 109
63 95
29 108
123 88
79 48
63 82
12 101
94 75
109 104
116 122
75 80
18 125
29 93
107 101
98 117
45 109
75 89
2 112
9 76
44 26
124 127
93 26
113 113
7 7
17 5
127 27
56 91
39 79
18 76
125 15
83 90
79 126
28 84
76 41
16 4
92 109
1 19
48 12
55 65
109 7
19 88
34 127
102 103
34 110
6 56
100 47
67 21
107 19
92 37
115 38
120 79
95 86
122 30
67 69
78 37
48 97
125 16
101 37
40 92
21 87
30 22
18 100
105 58
48 49
9 88
8 53
114 20
27 83
21 22
63 117
114 81
125 0
91 52
115 54
11 41
122 3
84 13
69 9
20 88
101 54
108 20
17 116
36 10
119 4
117 19
60 89
103 27
82 122
31 2
69 64
41 38
6 119
79 125
55 102
58 97
51 17
100 115
119 123
18 53
99 46
32 125
91 85
89 116
16 117
0 1
23 108
39 98
55 76
115 13
74 109
60 103
108 27
78 44
14 104
26 119
49 84
118 94
81 124
93 0
29 11
45 72
2 115
6 98
91 43
16 23
11 49
40 97
80 112
118 0
94 123
76 91
105 29
118 97
24 55
22 95
19 78
32 96
52 83
21 33
15 13
74 10
14 19
60 97
76 21
113 76
112 29
48 29
61 105
96 62
66 62
99 78
60 38
17 102
39 70
89 100
20 36
73 92
6 96
3 58
93 25
26 94
73 21
109 122
119 90
53 104
3 111
59 110
106 96
13 1
62 112
120 113
108 102
91 68
59 97
26 61
54 19
5 113
121 119
79 39
111 67
6 108
112 34
90 52
78 112
30 87
101 85
87 126
62 30
126 45
94 58
28 20
54 115
43 59
30 30
25 96
122 124
40 75
18 96
90 97
72 66
14 106
58 114
70 118
64 12
6 121
127 56
60 46
92 113
118 126
0 37
12 38
85 77
121 59
14 102
32 68
106 56
106 41
40 112
113 95
86 31
79 38
14 95
76 125
92 18
99 88
19 21
90 99
109 77
62 85
26 121
11 121
68 83
77 54
62 37
8 95
28 72
86 14
39 2
87 36
106 54
31 58
6 25
69 28
11 77
16 76
67 101
11 93
27 34
125 101
17 60
54 30
40 127
28 91
41 108
35 114
73 38
59 63
58 116
60 51
66 49
46 4
45 63
99 63
3 110
95 6
106 88
107 77
15 121
96 92
73 32
78 119
5 123
123 120
27 68
89 118
29 23
127 31
119 71
125 123
39 10
104 54
18 44
13 101
1 119
11 124
95 113
106 43
18 92
43 42
56 41
39 16
44 93
117 12
26 101
10 76
127 46
78 125
19 25
55 70
77 73
67 54
69 27
99 55
106 13
2 43
126 105
78 11
27 63
98 34
84 50
102 107
11 52
50 94
16 11
10 70
69 2
43 90
8 96
37 110
109 0
8 22
50 74
29 95
44 81
109 50
101 102
30 94
108 53
24 121
82 75
99 111
75 76
102 34
57 59
117 48
0 103
32 55
68 112
36 118
73 33
39 47
29 113
70 112
20 59
113 48
52 119
74 32
108 57
1 82
50 17
96 16
41 45
2 51
18 0
114 9
63 61
75 11
106 59
92 55
93 101
11 53
2 78
120 72
68 17
50 104
99 52
104 105
3 64
89 120
24 8
123 56
91 86
88 112
82 50
56 85
36 108
32 53
37 109
38 14
100 11
52 5
40 38
37 113
109 5
89 77
119 104
121 50
19 87
104 121
19 49
94 53
78 116
46 87
113 87
91 40
118 61
38 120
28 41
13 73
15 15
59 65
76 7
17 75
52 53
83 14
33 20
18 95
85 112
50 0
17 42
58 68
115 79
61 114
99 28
119 59
87 47
96 76
113 33
84 48
91 4
79 111
80 43
36 30
121 97
57 13
126 91
55 13
97 34
81 76
43 23
122 48
118 71
9 95
48 21
34 86
74 108
120 117
95 16
120 4
31 38
53 42
48 118
49 104
122 25
114 70
29 51
62 72
38 20
66 21
115 8
45 31
56 97
4 70
115 110
101 72
126 75
61 35
1 4
33 23
57 106
9 28
22 126
120 23
4 29
7 11
3 102
77 74
101 35
69 106
62 116
112 68
33 47
77 61
79 51
57 83
63 22
83 62
9 34
5 79
96 125
18 78
125 23
54 103
122 123
117 93
73 56
104 88
30 25
77 37
98 49
99 31
92 94
99 41
18 93
9 54
30 122
77 6
6 124
67 28
123 4
30 13
7 1
20 93
45 15
22 82
115 58
66 125
29 17
73 6
44 72
97 50
21 68
61 54
113 70
97 59
95 29
61 67
115 75
16 47
97 102
84 91
53 95
75 5
79 54
115 111
47 76
41 58
40 98
64 105
114 27
88 77
33 97
67 93
51 33
44 49
42 89
123 49
17 46
15 125
118 113
125 126
117 126
122 9
104 78
51 76
62 39
87 106
82 124
78 32
123 66
86 86
48 62
36 8
28 112
95 124
26 33
85 36
68 84
61 106
42 54
69 7
94 1
64 123
72 10
4 5
15 78
27 22
93 91
73 120
49 111
14 12
83 49
92 5
54 37
30 120
25 48
69 49
80 82
60 12
118 85
73 69
82 11
5 58
104 33
70 27
95 67
5 114
10 11
117 11
85 109
24 44
62 89
98 101
98 46
38 19
83 35
101 15
108 101
43 14
33 70
118 120
21 5
28 59
79 44
83 15
38 27
86 43
60 101
127 95
23 66
6 53
104 20
81 65
26 41
64 53
78 73
9 77
127 61
53 118
118 47
4 19
72 120
127 108
28 120
53 103
91 19
0 96
53 111
107 95
16 16
123 32
92 93
115 59
78 51
95 73
17 40
80 121
35 81
107 96
60 122
13 104
116 106
64 52
70 22
48 33
31 54
48 24
27 73
107 6
113 30
16 88
73 105
50 106
71 52
90 19
68 21
93 76
84 0
124 122
51 39
116 79
52 14
35 49
101 58
68 29
16 40
125 80
116 66
65 57
126 119
78 60
117 79
80 75
88 127
1 90
46 25
33 83
55 31
24 84
45 25
114 4
94 50
65 26
7 58
124 81
92 71
6 41
100 27
41 90
80 79
124 5
76 18
67 61
50 82
44 53
16 100
79 121
13 84
12 74
106 108
123 104
125 111
1 67
72 59
96 103
80 53
74 14
62 36
104 98
118 83
95 123
16 13
44 70
61 110
61 118
88 34
108 93
18 69
38 30
68 12
73 44
25 35
52 71
98 42
121 17
59 10
119 25
102 119
127 76
74 29
69 62
115 98
39 36
68 30
62 110
102 59
99 87
82 5
59 75
35 88
71 30
101 48
62 3
114 60
49 117
66 85
72 74
86 25
21 30
87 110
35 10
99 91
37 40
10 79
94 85
16 14
97 70
71 31
5 46
98 62
0 108
40 101
42 118
109 54
60 21
71 56
52 116
23 113
60 63
54 81
62 17
31 4
41 93
93 120
17 1
40 86
91 47
84 16
107 109
67 75
3 74
71 126
5 36
97 63
101 120
34 84
39 112
84 86
70 68
38 36
45 29
33 2
111 30
7 0
3 109
94 76
38 86
119 127
105 7
75 122
4 25
51 94
109 4
61 102
31 88
117 49
101 60
87 17
48 6
2 46
122 24
83 85
83 1
113 124
60 41
108 47
107 78
93 105
28 82
39 92
59 93
71 27
53 62
113 88
120 42
107 40
24 95
75 23
114 78
108 59
120 50
15 62
55 103
102 62
48 37
124 57
90 26
50 11
25 74
28 113
6 0
71 62
15 103
20 44
125 94
53 54
67 95
35 97
49 33
16 34
115 76
109 23
92 27
122 70
29 88
22 11
58 16
74 101
121 72
5 44
47 88
71 23
53 52
4 65
10 92
107 117
35 50
49 99
73 19
41 44
8 61
7 66
13 51
33 65
6 103
69 48
122 27
44 118
70 16
23 53
118 104
26 49
15 34
107 116
122 78
28 90
110 52
20 34
36 73
103 106
45 69
37 59
106 44
117 91
20 124
73 93
107 12
15 100
13 11
108 115
43 46
85 7
104 30
50 51
125 116
66 29
119 120
56 83
99 38
101 34
48 59
27 74
23 17
118 9
98 86
104 27
40 25
25 99
95 114
5 49
115 74
1 17
88 64
50 92
92 51
102 47
4 127
116 83
100 123
121 82
33 90
22 100
51 24
19 55
93 8
29 12
63 50
99 3
6 55
58 9
43 22
23 8
115 91
62 69
74 61
19 35
109 83
13 23
2 108
79 77
25 90
72 118
57 12
21 11
34 118
100 36
31 109
43 92
79 20
31 116
66 25
88 32
81 42
102 96
80 42
57 40
116 94
44 10
58 59
6 84
48 87
83 63
58 77
40 37
47 48
54 65
33 7
96 99
109 41
119 72
91 27
86 81
57 115
12 81
33 1
13 82
0 68
100 95
88 3
57 18
82 33
56 96
123 76
105 24
119 60
127 90
59 17
85 76
37 8
76 104
89 101
117 98
36 122
75 67
120 1
108 77
87 62
121 121
24 46
92 74
31 72
43 77
34 41
17 20
33 84
46 69
37 32
120 3
19 43
117 33
113 109
118 27
4 112
59 30
95 110
1 97
66 60
40 103
7 108
97 64
52 77
49 15
117 20
116 98
116 67
23 34
17 61
37 87
103 20
90 106
1 0
114 98
122 100
2 73
2 86
75 124
11 72
107 76
112 86
28 101
45 33
36 74
54 4
84 54
83 72
9 4
70 28
73 67
7 40
42 82
86 127
35 40
36 110
120 88
45 108
96 17
61 3
24 33
96 37
28 81
16 80
34 82
101 121
113 0
26 24
13 80
59 34
70 59
123 8
114 58
32 71
87 18
75 17
30 16
11 29
85 58
56 43
34 49
94 63
1 9
102 23
126 99
122 75
0 55
124 49
0 31
15 46
43 126
14 107
88 37
21 31
86 126
64 75
84 83
48 75
70 93
92 28
92 69
45 16
90 51
42 9
100 96
109 60
9 97
94 2
121 2
47 18
19 76
19 54
109 31
8 82
56 74
2 1
63 23
22 50
40 105
109 15
73 20
29 105
78 81
76 24
23 48
47 78
49 50
103 31
105 50
115 29
18 41
34 124
20 122
127 51
78 78
82 98
40 35
28 76
115 4
91 28
48 88
99 24
111 76
12 16
63 66
2 99
126 24
44 54
16 61
59 48
89 25
41 64
20 84
38 93
37 65
111 66
93 122
32 108
21 60
55 72
10 111
23 45
42 94
32 18
116 104
39 100
22 12
108 95
119 26
8 44
53 19
70 64
9 24
88 26
12 51
29 64
109 66
26 34
32 56
75 84
109 70
25 12
112 6
45 82
107 93
42 8
12 57
49 112
115 41
2 113
60 52
13 79
127 12
118 26
0 57
123 55
74 80
18 120
106 7
119 89
75 34
4 36
54 83
17 54
51 115
27 7
6 105
116 58
83 2
15 89
19 44
53 39
100 40
94 8
6 99
41 24
73 81
18 49
46 42
86 111
15 118
22 38
114 102
112 15
107 63
35 109
52 49
80 124
82 42
119 22
44 108
63 97
127 15
49 48
58 12
98 75
67 115
123 99
66 98
1 26
59 3
109 37
77 70
27 75
36 55
16 126
15 60
78 7
0 90
49 26
85 44
80 108
12 98
107 55
118 118
95 74
114 3
36 106
32 3
127 89
40 59
97 85
55 120
125 118
84 33
31 29
97 33
27 82
125 82
124 107
9 63
104 77
94 121
108 38
38 64
86 32
74 112
103 80
119 76
95 83
11 111
74 96
85 35
47 105
49 47
14 32
111 77
70 49
57 20
51 71
33 32
47 35
78 3
87 41
105 12
13 47
51 29
74 85
54 43
102 9
24 62
45 122
9 60
9 70
15 66
93 29
107 118
27 13
66 64
20 25
10 13
51 54
98 54
51 102
92 40
95 24
16 45
14 88
13 58
39 71
83 54
20 69
16 118
14 17
23 47
53 13
97 6
10 49
117 65
90 117
18 50
67 52
74 107
38 31
78 117
33 68
79 120
116 39
54 97
25 85
108 67
89 99
54 94
74 22
7 121
36 35
7 87
30 105
22 9
103 121
89 121
53 36
50 49
44 1
88 29
78 118
90 25
17 87
31 96
42 81
16 42
77 126
109 114
60 116
105 93
21 32
126 70
125 81
20 22
39 55
100 37
100 94
56 126
11 38
78 77
7 4
15 12
119 53
26 95
33 36
86 115
104 18
1 93
43 15
63 110
90 10
52 9
42 116
124 15
121 77
38 73
47 82
