95 66
80 27
38 50
123 100
118 96
46 104
102 90
75 91
44 5
61 0
62 71
46 86
11 76
79 37
28 9
4 57
25 35
117 126
61 95
93 43
11 8
23 38
67 64
70 27
54 5
39 49
122 8
11 104
120 4
73 112
60 6
88 53
114 125
10 104
86 37
79 106
27 105
118 88
36 69
106 111
15 17
105 3
21 59
15 4
24 33
54 120
98 23
68 58
105 53
5 21
95 37
4 15
93 15
82 116
44 27
45 61
47 119
63 91
114 87
27 45
26 104
35 19
68 63
106 3
27 43
69 42
16 115
111 69
119 3
113 24
42 83
111 34
85 122
28 35
40 18
1 118
31 3
111 84
92 37
106 104
113 86
84 120
85 57
38 16
15 46
46 87
95 16
72 6
10 72
91 16
75 101
9 107
109 65
68 41
48 3
85 13
90 51
35 61
6 10
112 99
93 45
81 98
64 119
97 18
13 42
88 37
48 116
117 66
74 107
80 97
57 127
19 38
7 42
31 44
18 98
78 25
8 20
71 111
53 119
9 105
15 56
24 34
83 67
33 46
101 64
121 103
52 2
9 70
70 89
39 76
75 102
122 89
99 94
89 15
58 122
32 16
3 40
70 62
114 109
60 43
21 58
94 32
80 77
28 13
97 85
123 101
67 74
33 89
108 51
8 83
114 71
24 108
104 90
58 49
90 126
28 1
51 13
60 71
98 113
37 17
53 84
7 121
28 44
76 79
30 13
116 24
98 51
60 101
40 1
21 118
77 79
66 122
32 54
80 95
1 126
57 48
60 99
28 52
34 71
70 113
6 40
74 93
124 36
34 96
106 115
126 40
59 123
95 13
62 41
127 125
49 15
32 52
125 44
100 47
1 71
99 24
10 43
87 125
79 26
105 51
15 80
45 87
33 6
24 59
10 81
59 119
48 0
15 11
18 5
16 15
106 49
114 27
93 65
112 126
73 55
29 62
64 27
82 36
58 1
96 36
26 22
51 97
54 54
93 17
31 63
66 63
65 121
76 30
65 69
119 42
96 104
45 77
32 14
59 42
69 105
16 100
79 99
92 16
96 38
108 90
6 125
73 107
37 58
117 91
111 95
66 27
63 93
100 17
57 49
4 40
78 22
125 124
115 26
22 110
55 103
69 29
115 1
93 30
25 59
43 86
9 43
85 51
45 65
71 105
16 99
2 14
72 30
71 24
35 17
118 89
126 39
95 26
18 45
76 56
40 95
124 8
14 123
31 42
94 85
18 116
66 112
40 47
68 54
89 44
72 107
34 126
56 50
52 118
119 9
23 22
85 121
25 95
1 0
86 13
44 10
2 123
77 34
4 69
104 69
21 39
3 85
123 38
62 58
110 110
54 84
102 123
5 39
3 58
42 62
77 55
3 71
5 22
21 119
46 4
18 79
54 98
5 53
92 88
105 89
55 47
122 37
91 125
30 61
107 4
67 75
115 75
10 7
115 98
113 17
18 75
123 36
95 25
122 75
25 63
63 73
11 10
0 1
121 38
55 3
79 49
41 22
3 12
56 114
87 54
84 27
49 119
46 17
112 87
38 84
74 105
101 54
21 95
6 54
113 89
6 39
112 93
47 117
101 25
74 74
4 120
38 17
88 34
69 53
26 98
117 68
106 52
112 72
2 9
7 19
22 94
44 105
16 38
72 105
40 16
56 54
42 94
99 85
59 71
42 12
77 105
26 6
36 0
61 127
2 5
71 118
115 96
2 17
81 35
18 14
45 103
74 32
80 107
15 35
1 36
11 41
81 97
38 57
42 8
65 20
46 23
24 20
61 92
61 94
32 8
68 120
57 117
21 37
115 8
72 45
84 47
74 56
98 112
78 12
20 41
4 126
30 14
41 13
65 24
26 96
65 75
49 104
101 91
81 68
11 38
62 117
107 2
17 80
69 52
97 0
127 45
36 94
70 119
40 50
8 1
99 83
81 10
29 40
22 41
40 77
51 9
88 15
106 91
113 109
86 123
104 48
80 34
108 1
65 77
118 41
80 40
90 34
4 127
95 120
35 54
58 30
109 70
112 26
94 86
23 114
17 36
74 119
22 40
107 73
14 113
26 1
35 126
59 127
96 35
127 72
6 12
82 118
115 2
70 56
102 63
50 120
2 22
76 105
16 108
27 61
35 60
125 39
47 2
60 45
83 49
85 36
10 37
14 117
111 125
115 70
98 44
30 92
56 116
35 127
28 107
16 6
125 3
96 121
37 57
43 65
113 96
116 28
99 93
16 78
84 121
57 120
54 44
79 53
96 117
7 85
26 21
108 71
87 55
65 34
74 95
59 58
10 85
14 43
67 56
95 114
96 15
32 17
25 41
46 83
99 84
74 94
16 79
92 42
54 52
92 29
82 113
24 94
5 67
97 42
59 56
126 45
121 98
64 69
45 75
41 24
31 23
11 39
46 18
5 11
70 25
30 11
86 28
81 37
94 43
83 98
16 77
110 126
57 2
70 11
6 21
103 15
3 37
90 40
110 74
16 117
52 44
45 83
94 110
39 94
78 52
72 112
107 70
73 81
32 36
73 23
74 36
84 67
82 117
44 59
119 72
77 40
101 107
0 41
95 118
84 32
90 15
71 60
76 20
38 87
82 33
53 5
64 74
3 16
60 54
104 50
37 50
41 2
43 90
41 78
97 36
20 75
88 51
39 7
86 44
110 89
53 99
13 9
93 111
60 96
23 111
115 87
73 44
64 90
13 109
93 83
105 103
113 125
73 80
14 3
29 92
107 100
97 121
48 106
76 93
5 123
9 77
40 20
120 3
83 29
108 110
2 7
18 6
2 21
56 97
35 82
14 79
2 11
78 95
84 0
31 87
73 39
17 5
96 111
3 14
43 5
61 70
102 15
18 97
35 1
103 103
26 110
11 56
89 46
63 23
98 21
84 36
120 38
116 76
96 86
0 35
66 62
73 36
51 96
2 12
92 38
39 91
20 96
33 21
17 107
96 51
41 60
8 87
13 55
112 23
30 86
26 20
66 119
115 78
121 4
81 49
105 49
13 41
121 6
75 20
54 6
19 97
89 51
99 22
15 118
35 8
118 7
113 25
59 96
95 29
87 124
32 3
65 60
32 40
8 127
84 127
56 104
58 100
48 15
98 120
116 126
21 55
88 45
23 121
93 86
93 120
14 119
122 4
17 116
37 94
46 82
111 17
74 112
70 108
108 32
72 43
15 112
19 116
44 85
113 93
86 126
95 0
34 12
43 79
5 126
7 103
85 43
22 23
19 52
38 93
84 115
117 3
96 125
77 94
97 30
116 94
26 60
24 95
14 81
32 94
47 87
21 35
16 11
59 4
16 16
60 100
69 24
113 71
109 33
43 20
69 109
87 57
63 58
102 71
59 43
17 109
36 70
81 101
20 38
77 98
7 102
6 58
83 28
28 94
66 23
110 125
112 89
54 106
6 122
65 111
104 93
15 5
68 112
112 110
108 101
83 64
59 100
27 62
50 16
8 124
0 126
74 38
111 67
7 106
98 36
80 49
82 115
31 88
100 83
89 126
60 38
2 41
86 54
33 17
60 118
37 55
32 26
27 96
118 0
35 79
17 105
82 99
68 60
15 114
61 116
69 119
53 7
7 0
3 57
56 49
94 119
117 1
4 38
15 39
79 77
108 53
15 110
33 62
97 50
94 42
46 116
110 94
79 33
74 37
14 99
81 127
82 25
100 88
24 19
82 100
110 73
63 92
20 117
10 127
70 86
72 55
61 42
11 101
20 76
77 21
38 0
78 35
97 48
31 60
9 21
64 29
11 78
12 79
73 104
13 100
26 37
120 98
14 69
47 22
37 127
30 91
45 106
24 115
71 43
65 67
61 118
55 53
58 50
42 3
39 58
90 58
6 121
88 13
103 88
108 73
11 0
100 90
64 32
83 121
6 1
2 127
30 63
93 122
32 22
2 36
117 70
127 1
40 8
92 46
16 44
14 109
4 0
10 0
95 116
94 44
17 101
32 41
57 45
41 14
43 93
112 17
25 98
10 77
3 42
83 127
24 23
62 70
73 76
60 55
64 28
87 52
98 17
6 41
121 104
77 11
28 61
90 36
79 50
102 106
16 54
54 97
17 9
13 73
56 2
42 89
11 102
29 110
109 0
6 20
46 79
29 94
40 83
97 44
102 102
30 93
100 49
16 123
78 77
97 111
72 78
93 35
60 59
124 42
120 103
34 56
72 114
24 117
64 33
29 45
23 113
73 113
22 59
99 45
57 119
65 32
99 51
119 83
47 15
85 17
30 44
7 53
19 3
116 9
62 59
60 5
97 52
83 51
94 104
16 55
118 84
118 71
59 6
52 103
90 50
104 104
3 67
92 123
31 9
109 51
93 87
95 113
77 50
60 93
28 108
34 54
29 109
40 12
94 16
47 1
31 40
42 117
108 3
81 78
115 97
0 44
18 96
109 124
21 53
84 50
83 118
43 88
107 90
82 37
106 54
48 118
23 42
13 74
16 13
66 68
69 6
13 78
44 63
74 21
34 20
17 104
92 114
47 127
16 42
63 69
115 77
63 117
92 32
107 52
79 41
94 83
99 35
79 48
95 2
83 114
74 42
28 36
117 95
51 6
118 91
50 6
89 36
77 78
41 16
0 42
116 70
12 101
42 17
34 88
74 111
0 124
84 17
119 7
24 42
55 45
54 118
51 103
117 31
113 70
31 53
64 72
37 15
62 23
117 8
42 23
57 99
6 69
110 111
105 70
127 73
60 40
125 7
36 17
57 106
10 36
27 0
116 29
6 22
10 8
122 102
73 77
92 36
70 111
65 118
112 68
29 46
72 58
72 46
61 91
52 14
75 56
12 40
5 74
98 127
13 81
1 18
55 105
118 127
112 92
69 55
102 89
32 24
72 36
90 48
91 33
84 98
90 42
17 102
14 56
22 120
70 5
7 2
62 29
122 7
35 14
0 4
18 103
44 11
18 81
103 51
59 126
33 16
58 3
42 79
89 49
20 74
55 55
112 70
88 56
85 32
64 70
115 73
15 47
96 106
79 96
53 101
59 2
76 52
110 112
42 81
37 51
38 94
70 112
113 32
80 78
33 95
64 94
45 24
41 50
41 88
1 43
16 46
12 1
111 111
121 2
116 1
0 9
106 72
44 84
61 44
94 109
87 126
73 31
120 58
87 81
58 69
37 6
22 112
97 126
25 36
76 35
70 87
69 110
38 49
54 4
96 1
64 123
58 4
1 5
11 81
31 21
91 97
73 120
55 112
15 10
78 49
96 3
54 42
22 116
29 51
68 44
81 83
52 3
111 86
69 63
84 12
12 57
94 34
65 28
94 66
8 125
12 7
112 16
92 111
28 47
62 93
97 105
87 45
37 14
75 35
96 19
108 100
43 11
33 63
115 125
25 5
29 60
73 43
74 22
30 34
79 39
70 106
118 92
21 73
12 56
97 24
82 68
21 42
58 55
74 76
9 78
5 58
58 118
125 41
6 13
72 120
2 119
21 117
54 105
81 26
119 93
56 111
105 92
17 14
125 35
84 97
103 52
71 46
94 81
16 40
85 123
34 82
105 93
67 121
14 112
113 100
58 54
64 25
44 25
33 55
43 18
19 77
101 14
110 34
16 97
74 109
50 104
68 52
80 26
64 23
92 84
83 8
126 0
53 43
116 77
48 6
35 52
100 60
63 30
15 40
117 85
115 68
59 57
3 126
73 57
117 77
76 77
90 127
121 90
42 19
32 84
48 23
22 92
41 19
114 4
83 48
59 30
13 57
116 86
84 66
7 41
93 31
40 89
76 80
123 8
72 13
64 57
45 86
40 48
16 109
84 123
9 86
12 75
107 108
120 105
119 107
3 69
69 57
95 107
77 51
69 10
61 41
106 99
112 85
97 125
17 11
42 77
67 111
64 120
80 35
106 90
17 75
30 35
55 7
70 43
24 38
46 78
89 43
116 25
51 4
115 29
101 124
0 74
68 30
64 59
113 95
30 38
63 31
68 111
101 61
100 87
73 6
65 74
35 89
67 29
90 47
58 0
102 53
55 117
69 88
71 78
77 30
21 32
94 112
34 8
99 89
30 41
8 79
95 85
17 12
94 67
67 30
8 44
89 57
3 119
37 96
43 118
101 50
51 12
67 55
57 116
16 118
66 67
48 87
52 10
32 5
40 92
95 122
18 4
39 88
86 45
75 23
108 109
68 75
4 73
60 126
10 39
88 58
100 125
33 85
45 116
81 95
67 62
29 38
42 21
34 3
108 34
0 3
6 120
93 84
37 88
118 2
99 15
79 125
4 20
55 97
108 2
71 107
32 89
124 43
100 62
79 23
43 3
4 52
117 30
80 94
82 9
113 126
59 46
96 43
108 74
97 110
31 85
38 91
58 97
66 28
59 69
107 91
124 39
95 41
26 95
68 25
114 76
99 52
127 44
12 71
56 105
101 63
43 28
110 52
80 29
45 4
17 78
22 113
127 3
67 59
16 111
18 44
117 93
45 64
74 101
35 95
45 25
18 37
115 74
100 25
82 30
2 67
30 89
29 11
50 7
75 106
119 71
8 43
44 89
65 26
45 62
4 68
12 99
105 114
35 53
52 98
66 21
30 43
8 69
5 69
18 53
34 60
122 103
68 43
115 32
51 119
64 19
25 58
114 97
30 52
17 37
105 113
120 75
30 90
101 48
20 36
33 72
103 105
43 76
36 55
94 45
111 90
15 124
77 99
99 16
15 109
14 9
106 112
32 45
83 11
96 31
43 62
1 123
61 30
116 125
60 91
90 39
92 35
38 56
19 78
31 15
118 9
99 86
96 29
38 18
25 97
95 117
9 45
115 72
3 13
77 57
55 96
82 48
91 46
126 2
110 85
99 127
113 84
33 90
18 106
45 16
22 57
88 14
34 13
57 53
104 4
11 55
50 3
41 15
30 9
109 90
65 71
70 57
19 37
104 88
15 18
5 119
75 78
28 92
73 119
51 5
28 11
23 116
91 37
24 110
42 92
72 24
22 114
60 29
81 34
75 41
101 95
74 41
58 44
111 93
43 9
61 59
4 75
45 88
75 57
64 76
31 39
40 59
60 70
33 7
95 103
97 41
117 71
81 30
82 79
60 117
8 84
34 2
9 85
2 70
100 93
86 12
50 10
75 33
57 98
121 74
96 28
107 53
119 90
51 8
79 76
38 6
78 106
81 102
115 95
36 125
71 61
119 4
109 73
78 56
118 126
28 49
92 82
31 65
41 82
27 42
23 20
32 85
44 76
29 37
119 6
17 43
124 34
109 109
114 31
7 123
57 31
95 115
120 94
63 56
46 102
8 106
88 59
45 85
47 5
113 26
114 95
115 69
22 37
14 70
36 89
96 24
95 110
123 3
112 95
118 98
3 72
122 88
80 126
12 74
108 72
106 89
27 98
43 24
33 73
48 1
78 53
78 76
3 6
65 29
69 61
8 40
39 85
88 127
28 41
28 110
113 87
48 105
85 18
57 0
23 36
87 38
31 84
12 82
33 83
100 126
110 127
30 22
9 83
59 39
67 57
1 8
102 51
32 64
79 24
71 12
34 15
12 37
77 54
56 48
34 52
86 57
125 9
95 27
121 99
120 73
4 56
2 43
3 36
14 46
39 0
15 115
79 36
21 33
88 126
66 74
81 93
43 80
76 100
82 31
84 65
44 12
80 48
41 8
100 94
100 53
12 103
96 2
120 5
46 16
15 79
22 56
107 35
5 75
47 81
124 4
52 15
22 52
44 104
101 18
66 22
25 107
74 81
69 26
27 51
43 82
42 61
95 32
99 46
112 33
17 41
34 127
15 122
5 55
74 79
80 98
31 37
20 80
115 4
81 31
45 89
92 28
111 71
14 14
66 69
122 100
2 19
40 49
13 70
55 51
79 28
36 59
15 84
37 92
36 68
111 66
95 124
25 109
23 60
62 72
9 126
27 48
41 93
34 18
113 98
36 95
29 12
106 92
115 30
11 43
49 16
66 60
9 25
78 29
17 53
30 62
110 66
25 37
34 57
76 91
110 70
30 12
114 7
41 84
105 90
41 7
9 66
55 113
120 40
5 124
55 54
9 82
3 10
114 30
4 58
109 50
72 80
14 121
100 15
112 88
66 34
9 39
48 88
20 56
56 115
31 7
8 105
104 51
82 10
15 98
17 44
54 43
91 41
89 14
7 104
39 17
71 81
20 53
33 41
93 113
13 120
17 39
112 96
104 15
109 64
27 109
45 60
85 126
76 41
115 28
47 105
71 104
4 11
42 59
52 5
103 70
72 115
119 97
74 103
3 20
59 121
97 39
75 75
19 79
36 53
13 2
12 69
71 6
120 90
44 19
78 40
81 108
13 104
98 49
126 125
94 82
114 3
28 106
33 4
119 89
36 52
98 85
60 120
2 125
76 33
33 25
89 35
30 85
117 87
120 106
9 71
106 71
96 123
96 40
37 67
79 34
72 118
106 73
116 74
98 84
10 126
78 100
76 34
49 103
42 58
16 35
111 72
69 44
50 11
45 78
27 36
43 26
81 1
80 38
97 16
19 51
45 19
75 92
56 46
96 14
26 62
52 120
9 68
12 73
11 72
83 32
105 115
32 10
67 69
25 23
12 9
43 64
86 51
52 102
83 37
85 27
15 45
14 97
10 67
36 71
77 53
19 75
14 120
15 15
27 50
49 5
103 7
18 52
116 67
94 121
20 54
61 54
74 110
30 36
83 119
34 62
84 122
121 39
54 102
23 93
109 67
81 100
54 100
67 24
8 0
28 38
123 88
26 107
29 10
108 124
92 124
53 41
43 60
40 3
78 30
83 120
80 28
17 96
31 94
39 84
15 42
82 0
107 111
63 118
103 90
21 34
0 71
117 86
25 20
36 49
91 38
100 92
65 122
14 39
74 78
3 5
16 10
107 49
28 95
26 41
85 120
97 20
120 92
43 12
69 111
87 14
46 3
44 117
1 11
119 74
35 72
43 84
