95 67
85 27
38 50
125 100
120 96
46 101
101 90
74 91
46 7
63 2
61 73
46 84
14 77
84 37
28 10
3 53
25 35
117 124
61 92
98 43
11 9
23 38
68 65
75 27
56 7
39 49
122 6
11 102
120 2
72 112
62 8
93 53
114 123
10 102
91 37
78 106
27 103
122 86
38 67
102 112
15 18
105 1
21 59
15 2
24 33
52 121
103 23
69 59
109 57
5 19
100 37
4 13
98 15
82 116
44 28
48 61
45 120
63 88
118 85
27 45
26 102
35 20
69 64
106 1
27 43
74 42
16 113
110 70
119 1
116 21
42 81
114 31
85 122
28 35
40 19
1 116
31 4
115 82
97 37
105 106
117 84
84 120
90 57
38 17
15 46
46 85
100 16
71 4
13 73
96 16
74 101
9 105
108 66
73 41
50 5
90 13
95 51
35 61
6 8
114 99
98 45
80 98
62 120
102 18
13 42
93 37
46 114
116 67
73 107
79 97
59 1
19 38
7 42
31 44
18 96
83 25
8 18
70 111
51 120
9 103
15 56
24 34
84 68
33 46
103 63
123 103
54 4
12 71
69 87
39 74
74 102
126 87
98 94
94 15
56 123
32 17
1 39
71 63
110 110
61 44
21 58
99 32
80 77
28 14
96 85
125 101
66 76
33 87
112 55
11 84
113 72
24 106
108 88
59 50
90 126
29 127
53 15
59 73
98 113
37 18
54 86
7 119
28 44
76 79
30 14
119 21
102 55
60 98
40 2
21 116
77 79
64 123
32 54
79 95
1 124
58 49
60 96
28 52
36 69
69 113
6 40
73 93
122 35
34 94
102 116
124 39
57 124
100 13
63 42
127 123
49 16
32 52
123 43
104 51
1 69
104 24
10 43
87 125
84 26
109 55
18 81
45 85
33 7
24 59
13 82
57 120
50 2
15 12
18 3
16 16
110 53
117 24
93 66
112 124
78 55
29 62
69 27
87 36
60 3
101 36
25 20
51 94
55 55
98 17
31 63
67 64
63 122
81 30
64 71
116 45
96 101
45 75
32 15
60 43
68 105
16 98
78 99
97 16
101 38
112 88
6 123
72 107
37 58
121 89
113 95
71 27
63 90
105 17
58 50
4 40
83 22
125 122
118 23
22 108
55 100
74 29
115 127
98 30
25 59
43 84
9 43
90 51
48 65
70 105
16 97
2 12
77 30
76 24
35 18
122 87
124 38
100 26
18 45
81 56
40 93
124 6
14 121
31 42
93 85
18 114
65 112
40 47
69 55
94 44
71 107
34 127
57 51
50 119
119 7
22 20
85 121
25 93
1 126
91 13
44 11
2 121
82 34
4 67
103 70
21 39
6 87
121 37
63 59
106 111
55 86
102 123
5 39
2 54
45 62
82 55
3 69
5 20
21 117
48 6
21 80
54 95
4 49
91 88
109 87
56 48
120 36
91 125
30 61
107 2
66 77
114 76
10 8
117 98
113 17
21 76
121 35
100 25
121 76
25 63
62 75
11 11
0 127
119 37
57 5
84 49
41 23
3 10
54 115
92 54
89 27
47 120
46 18
116 85
38 82
73 105
105 58
21 93
5 50
117 87
6 39
114 93
45 115
106 25
74 74
4 118
38 18
93 34
70 54
26 96
116 69
110 56
111 73
2 7
7 17
22 92
44 102
16 38
71 105
40 17
57 55
42 92
98 85
58 73
42 13
76 105
28 7
36 1
63 1
2 3
69 119
117 96
2 15
86 35
18 15
45 100
79 32
79 107
15 35
1 36
11 41
80 97
38 57
42 9
70 20
46 24
23 18
61 89
61 91
32 9
66 121
55 118
21 37
115 6
77 45
89 47
79 56
98 112
82 12
20 41
4 124
30 15
41 14
70 24
26 94
64 77
49 101
100 91
82 69
11 38
60 118
107 0
20 81
70 53
97 0
125 44
36 92
68 120
40 50
8 127
98 83
86 10
29 40
22 41
40 75
53 11
93 15
110 89
109 110
86 123
108 52
85 34
108 127
64 79
115 44
85 40
95 34
4 125
95 120
35 54
63 30
108 71
115 23
93 86
23 112
17 36
72 120
22 40
106 74
14 111
27 127
35 127
61 1
101 35
127 70
6 10
82 118
115 0
71 57
104 62
48 121
2 20
75 105
16 106
27 61
35 60
123 38
49 4
61 46
88 49
90 36
10 37
14 115
111 123
114 71
103 44
30 90
54 117
35 0
28 105
16 4
125 1
96 121
37 57
46 65
115 96
119 25
98 93
19 79
84 121
55 121
55 45
84 53
96 117
10 86
25 19
107 72
92 55
70 34
73 95
60 59
13 86
14 43
68 57
95 114
101 15
32 18
25 41
46 81
98 84
73 94
19 80
97 42
55 53
97 29
82 113
24 92
5 65
102 42
60 57
124 44
123 98
63 71
45 73
41 25
31 24
11 39
46 19
5 9
75 25
30 12
91 28
86 37
99 43
82 98
19 78
110 124
59 4
71 10
6 19
108 15
3 37
95 40
109 75
16 115
53 45
45 81
94 110
39 92
83 52
71 112
106 71
73 81
32 36
78 23
79 36
85 68
82 117
47 59
118 73
82 40
100 109
126 40
95 118
89 32
95 15
72 61
81 20
38 85
87 33
55 7
63 76
3 14
61 55
108 54
37 50
41 3
43 88
41 76
102 36
23 76
93 51
39 8
91 44
114 87
53 96
13 10
93 111
60 93
23 109
119 85
78 44
64 87
13 107
92 83
104 105
113 123
73 80
14 1
29 90
109 101
97 121
48 103
75 93
5 121
12 78
40 21
120 1
88 29
104 111
2 5
18 4
2 19
56 94
35 80
17 80
2 9
77 95
84 0
31 85
78 39
17 3
96 111
3 12
45 7
60 72
107 15
18 95
35 2
102 105
26 108
11 56
94 46
68 23
103 21
89 36
118 37
115 77
95 86
0 35
67 63
78 36
51 93
2 10
97 38
39 89
20 94
33 22
17 105
100 55
44 60
11 88
13 55
115 20
30 84
25 18
64 120
114 79
121 2
86 49
109 53
13 41
121 4
80 20
56 8
19 95
94 51
104 22
15 116
35 9
118 5
116 22
59 93
100 29
87 124
32 4
66 61
32 40
8 125
84 127
56 101
58 97
48 16
98 120
116 124
21 55
93 45
23 119
92 86
93 120
14 117
122 2
17 114
37 92
46 80
111 17
73 112
69 108
111 29
77 43
15 110
19 114
44 83
115 93
86 126
95 0
34 13
43 77
5 124
7 101
90 43
21 21
19 52
38 91
84 115
117 1
96 125
76 94
102 30
118 94
26 60
24 93
17 82
32 92
47 85
21 35
16 12
61 6
16 17
60 97
74 24
112 72
112 30
43 21
68 109
92 57
64 59
101 72
60 44
17 107
38 68
80 101
20 38
76 98
7 100
5 54
88 28
28 92
71 23
110 123
116 87
54 103
6 120
64 111
108 91
15 3
67 112
108 111
110 102
84 65
59 97
27 62
50 17
8 122
0 124
79 38
110 68
7 104
103 36
85 49
82 115
31 86
99 83
89 126
61 39
0 40
91 54
33 18
58 119
37 55
32 27
27 94
118 126
36 76
17 103
81 99
69 61
15 112
59 117
67 120
55 9
7 126
2 53
57 50
94 119
117 127
4 38
15 39
79 77
112 57
15 108
33 62
101 54
99 42
44 114
112 94
84 33
79 37
14 97
81 127
87 25
99 88
23 17
81 100
109 74
63 89
20 115
10 125
69 84
77 55
62 43
11 99
23 77
82 21
38 1
83 35
101 52
31 60
9 19
69 29
14 79
15 80
72 104
13 98
26 37
122 98
17 70
47 23
37 0
30 89
45 103
24 113
76 43
64 69
59 119
56 54
59 51
42 4
39 58
95 58
6 119
93 13
102 88
107 74
11 126
99 90
69 32
83 121
6 127
2 125
30 63
93 122
32 23
2 36
116 71
127 127
40 9
97 46
16 44
14 107
4 126
10 126
95 116
99 44
17 99
32 41
58 46
41 15
43 91
112 17
25 96
13 78
1 41
83 127
23 21
61 72
73 76
61 56
69 28
92 52
103 17
6 41
123 104
81 11
28 61
95 36
84 50
101 108
16 54
54 94
17 10
16 74
58 4
42 87
11 100
29 108
109 126
6 18
46 77
29 92
40 81
102 44
101 104
30 91
104 53
16 121
78 77
97 111
72 78
98 35
61 60
122 41
122 103
34 56
71 114
24 115
69 33
29 45
23 111
72 113
22 59
104 45
55 120
70 32
103 55
123 81
47 16
86 18
30 44
6 49
19 1
116 7
63 60
62 7
101 56
88 51
94 101
16 55
122 82
117 72
61 8
52 100
95 50
103 106
3 65
92 123
31 10
113 55
92 87
95 113
82 50
60 90
28 106
34 54
29 107
40 13
99 16
49 3
31 40
40 115
108 1
81 78
117 97
126 43
18 94
109 122
21 53
89 50
83 118
43 86
111 88
87 37
110 58
46 119
23 42
16 75
16 14
65 70
68 4
16 79
47 63
79 21
34 21
17 102
92 114
49 1
16 42
62 71
114 78
61 118
97 32
111 56
84 41
93 83
104 35
84 48
95 2
83 114
79 42
28 36
119 95
53 8
122 89
52 8
94 36
77 78
41 17
126 41
115 71
12 99
42 18
34 86
73 111
0 122
85 18
119 5
24 42
56 46
52 119
51 100
120 28
112 71
31 53
63 74
37 16
67 23
117 6
42 24
57 96
6 67
106 112
104 71
127 71
61 41
125 5
36 18
57 103
10 36
28 126
119 26
6 20
10 9
124 102
73 77
97 36
69 111
63 119
111 69
29 46
77 58
77 46
61 88
54 16
80 56
12 40
4 79
98 127
16 82
1 16
55 102
118 125
114 92
70 56
101 89
32 25
77 36
95 48
96 33
83 98
95 42
17 100
14 56
22 118
69 3
7 0
67 29
122 5
35 15
0 2
18 101
44 12
21 82
107 55
61 0
33 17
60 5
42 77
94 49
23 75
56 56
111 71
93 56
90 32
63 72
114 74
15 47
96 103
78 96
53 98
61 4
81 52
106 113
42 79
37 51
38 92
69 112
116 29
80 78
33 93
64 91
45 25
41 50
41 86
127 42
16 46
12 127
107 112
121 0
116 127
0 7
105 73
44 82
62 45
94 109
87 126
78 31
119 59
87 82
57 71
37 7
22 110
97 126
25 36
81 35
69 85
68 110
38 49
56 6
96 1
62 124
60 6
1 3
14 82
31 22
93 97
71 121
53 113
15 11
83 49
96 3
55 43
22 114
29 51
73 44
82 81
54 5
115 84
70 64
89 12
12 57
99 34
70 28
94 67
8 123
12 8
112 16
92 111
28 47
62 90
97 102
92 45
37 15
80 35
101 19
110 101
43 12
33 63
115 123
27 6
29 60
78 43
79 22
30 34
84 39
69 106
122 90
24 74
12 56
102 24
83 69
21 42
59 56
74 76
12 79
4 54
56 119
123 40
6 11
70 121
2 117
21 115
54 102
86 26
123 91
54 112
109 90
17 15
123 34
83 97
107 56
76 46
93 81
16 40
85 123
34 80
109 91
65 122
14 110
115 100
59 55
69 25
44 26
33 55
43 19
22 78
106 14
113 31
16 95
73 109
50 101
69 53
85 26
69 23
91 84
88 8
126 126
54 44
115 78
50 8
35 52
102 59
68 30
15 40
121 83
114 69
60 58
3 124
78 57
116 78
76 77
90 127
125 88
42 20
32 82
48 24
22 90
41 20
114 2
88 48
64 30
13 57
120 84
85 67
7 41
98 31
40 87
76 80
123 6
73 12
65 58
45 84
40 48
16 107
84 123
12 87
15 76
103 109
121 106
120 109
3 67
70 58
95 104
82 51
70 9
62 42
108 100
116 83
97 125
17 12
42 75
66 111
62 121
85 35
110 88
20 76
30 35
57 9
75 43
24 38
46 76
94 43
119 22
53 6
118 26
101 124
0 72
73 30
65 60
115 95
30 38
68 31
67 111
103 60
99 87
72 4
64 76
35 87
72 29
95 47
60 2
106 57
53 118
68 86
71 78
82 30
21 32
94 112
34 9
98 89
30 41
11 80
94 85
17 13
94 68
72 30
8 44
94 57
3 117
37 94
41 116
105 54
53 14
68 56
55 117
16 116
65 69
48 85
54 12
32 6
40 90
95 122
18 2
39 86
91 45
80 23
104 110
67 77
4 71
62 0
10 39
93 58
100 125
33 83
43 114
80 95
68 63
29 38
42 22
34 4
111 31
0 1
6 118
92 84
37 86
118 0
104 15
79 125
4 18
55 94
108 0
70 107
32 87
122 42
102 61
84 23
43 4
3 48
120 27
79 94
87 9
113 124
60 47
101 43
107 75
97 110
31 83
38 89
58 94
71 28
58 71
111 89
122 38
100 41
26 93
73 25
113 77
103 56
125 43
15 72
56 102
103 62
43 29
114 56
85 29
47 6
20 79
22 111
127 1
68 60
16 109
18 44
121 91
48 64
73 101
35 93
45 26
18 37
114 75
105 25
87 30
2 65
30 87
29 12
52 9
74 106
118 72
8 43
44 87
70 26
48 62
4 66
12 97
101 115
35 53
52 95
71 21
30 43
11 70
5 67
18 53
34 60
124 103
73 43
118 29
49 120
69 19
25 58
116 97
30 52
17 37
101 114
119 76
30 88
105 52
20 36
35 70
102 107
43 74
36 55
99 45
115 88
15 122
76 99
104 16
15 107
14 10
102 113
32 45
88 11
101 31
46 62
1 121
66 30
116 123
60 88
95 39
97 35
38 56
22 79
31 16
118 7
98 86
101 29
38 19
25 95
95 117
9 45
114 73
3 11
82 57
55 93
87 48
96 46
126 0
114 83
99 127
117 82
33 88
18 104
45 17
22 57
93 14
34 14
58 54
104 2
11 55
52 5
41 16
30 10
113 88
64 73
71 58
19 37
108 86
15 19
5 117
75 78
28 90
71 120
53 7
28 12
23 114
96 37
24 108
42 90
77 24
22 112
65 29
86 34
80 41
100 95
79 41
59 45
113 93
43 10
62 60
3 80
45 86
80 57
63 78
31 39
43 59
59 72
33 8
95 100
102 41
116 72
86 30
82 79
58 118
11 85
34 3
12 86
2 68
99 93
91 12
52 12
80 33
57 95
120 75
101 28
111 57
123 88
53 10
79 76
38 7
77 106
80 102
117 95
36 126
72 62
119 2
108 74
83 56
118 124
28 49
91 82
31 65
41 80
27 42
22 18
32 83
44 74
29 37
119 4
17 43
122 33
105 110
117 28
7 121
62 31
95 115
124 92
64 57
46 99
8 104
93 59
45 83
49 7
116 23
116 95
114 70
22 37
17 71
36 87
101 24
95 110
123 1
114 95
120 98
3 70
126 86
80 126
15 75
107 73
110 87
27 96
43 25
35 71
50 3
83 53
78 76
3 4
70 29
70 62
8 40
39 83
88 127
28 41
28 108
117 85
48 102
86 19
59 2
23 36
92 38
31 82
15 83
33 81
100 126
110 125
30 23
12 84
60 40
68 58
1 6
106 55
32 64
84 24
72 11
34 16
12 37
82 54
57 49
34 52
91 57
125 7
100 27
123 99
119 74
3 52
0 42
3 36
14 46
39 1
15 113
84 36
21 33
88 126
65 76
80 93
43 78
75 100
87 31
85 66
44 13
85 48
41 9
99 94
104 57
12 101
96 2
120 3
46 17
18 80
22 56
110 32
4 80
47 79
124 2
54 17
22 52
44 101
106 18
71 22
25 105
74 81
74 26
27 51
43 80
45 61
100 32
103 50
115 30
17 41
34 0
15 120
4 51
74 79
79 98
31 37
23 81
115 2
86 31
45 87
97 28
110 72
14 15
65 71
124 100
2 17
40 49
16 71
56 52
84 28
36 59
19 85
37 90
38 66
110 67
95 124
25 107
23 60
61 74
9 124
27 48
41 91
34 19
115 98
36 93
29 13
110 90
118 27
11 43
49 17
67 61
10 26
83 29
17 53
30 62
109 67
25 37
34 57
75 91
109 71
30 13
114 5
41 82
109 88
41 8
12 67
53 114
118 39
5 122
56 55
12 83
3 8
117 27
3 54
113 54
72 80
14 119
105 15
116 86
71 34
9 39
48 86
20 56
54 116
31 8
8 103
108 55
87 10
15 96
17 44
55 44
96 41
94 14
7 102
39 18
71 81
20 53
33 41
93 113
13 118
17 39
114 96
109 15
108 65
27 107
48 60
85 126
81 41
118 25
47 102
70 104
4 9
45 59
54 7
102 71
71 115
121 97
73 103
3 18
57 122
102 39
75 75
22 80
36 53
13 0
15 70
70 4
124 88
44 20
83 40
80 108
13 102
102 53
126 123
93 82
114 1
28 104
33 5
123 87
36 52
97 85
58 121
2 123
81 33
33 26
94 35
30 83
121 85
121 107
12 72
105 72
96 123
101 40
39 65
84 34
70 119
105 74
115 75
97 84
10 124
77 100
81 34
49 100
45 58
16 35
110 73
74 44
52 13
45 76
27 36
43 27
81 1
85 38
102 16
19 51
45 20
74 92
57 47
101 14
26 62
50 121
12 69
15 74
14 73
88 32
101 116
32 11
66 71
24 21
12 10
46 64
91 51
52 99
88 37
90 27
15 45
14 95
13 68
38 69
82 53
22 76
14 118
15 16
27 50
51 7
101 8
18 52
115 68
94 121
20 54
62 55
73 110
30 36
83 119
34 62
84 122
119 38
54 99
23 91
108 68
80 100
54 97
72 24
8 126
28 38
127 86
26 105
29 11
108 122
92 124
54 42
46 60
40 4
83 30
83 120
85 28
17 94
31 92
39 82
15 42
82 0
103 112
61 119
107 88
21 34
0 69
121 84
24 18
36 49
96 38
99 92
63 123
14 39
74 78
3 3
16 11
111 53
28 93
26 41
85 120
102 20
124 90
43 13
68 111
92 14
48 5
42 115
1 9
118 75
37 70
43 82
