83 75
70 44
36 53
121 105
116 101
37 111
100 95
71 95
42 5
59 0
62 83
50 92
8 87
69 54
25 6
5 64
23 38
121 2
52 102
83 60
12 13
21 41
57 80
60 44
52 5
37 52
126 12
15 110
124 8
69 116
58 6
78 70
118 1
14 110
76 54
75 110
31 111
116 93
23 69
111 115
16 22
109 7
19 62
19 8
22 36
49 122
88 40
58 74
95 70
9 25
85 54
8 19
83 32
91 120
41 24
43 64
42 121
54 98
112 92
25 48
30 110
32 16
58 79
110 7
25 46
59 59
20 121
113 78
123 7
111 12
46 89
109 22
94 126
26 38
37 15
5 122
28 0
109 89
82 54
110 106
111 91
93 124
75 74
35 13
13 49
50 93
85 33
90 124
7 83
81 33
71 105
13 113
111 74
58 58
46 3
75 30
80 68
33 64
10 14
110 104
83 62
77 102
59 121
87 35
11 45
78 54
43 118
119 75
70 111
76 101
55 127
17 41
5 45
29 47
22 104
68 42
12 24
67 115
48 121
13 111
13 59
22 37
77 80
31 49
85 80
119 108
50 2
6 81
73 94
43 82
71 106
120 94
97 99
79 32
53 124
29 13
1 43
60 78
119 113
50 59
19 61
84 49
78 86
25 10
95 90
121 106
67 86
37 95
98 68
5 94
116 80
28 114
102 95
48 65
99 2
18 3
49 13
60 83
107 117
34 14
52 88
11 125
26 47
74 88
27 10
114 12
88 68
51 108
37 126
25 124
75 88
61 124
30 57
76 99
5 2
47 64
51 106
26 55
21 71
66 117
4 43
70 97
122 39
38 102
111 119
124 43
54 125
85 30
52 57
3 1
46 12
30 55
123 47
90 64
127 83
89 41
8 46
96 1
69 43
95 68
12 91
49 93
30 3
22 62
7 92
54 121
46 0
16 16
22 9
17 20
96 66
112 15
81 74
116 2
63 72
27 65
54 44
72 53
56 1
86 53
26 21
42 104
44 70
83 34
29 66
56 79
60 123
66 47
65 81
121 46
103 109
49 83
29 11
49 58
65 109
20 106
75 103
82 33
86 55
106 95
10 1
69 111
35 61
115 96
109 100
56 44
54 100
90 34
47 65
2 43
68 39
1 0
113 14
26 116
46 110
59 46
119 5
83 47
23 62
47 92
7 46
75 68
43 68
67 109
20 105
6 18
62 47
61 41
32 14
116 94
124 42
85 43
16 48
66 73
44 101
0 12
18 1
29 45
92 90
22 122
62 116
38 50
58 70
79 61
68 111
31 123
46 66
47 120
123 13
23 21
94 125
29 101
5 4
76 30
41 7
6 127
67 51
2 81
106 78
19 42
1 88
121 41
52 74
115 114
53 88
111 127
3 42
4 65
40 65
67 72
1 83
9 26
25 125
44 4
15 90
45 105
6 60
90 93
103 94
45 63
120 40
100 1
28 64
111 8
67 87
117 84
11 12
113 103
112 10
15 86
121 39
85 42
124 84
23 66
63 85
12 15
4 5
119 41
53 3
69 66
38 19
7 16
51 116
77 71
74 44
44 121
43 14
110 92
42 90
70 109
91 71
25 101
7 61
111 94
4 42
110 98
42 119
91 42
72 83
8 124
35 14
78 51
59 69
30 104
119 77
96 69
114 81
6 13
11 23
26 100
35 112
14 41
68 109
37 13
46 70
46 100
97 90
59 83
39 9
73 109
22 12
33 125
59 127
6 9
66 120
113 101
6 21
71 52
19 19
36 110
64 49
76 111
13 38
127 39
9 44
77 101
36 60
39 5
55 37
43 20
24 19
52 99
52 101
29 5
63 122
52 119
19 40
119 12
62 62
74 64
64 73
107 116
70 28
18 44
8 2
27 11
38 10
55 41
30 102
65 87
40 111
99 96
75 81
9 41
57 119
111 6
14 91
59 68
106 4
125 48
40 100
65 121
38 53
12 5
97 88
71 27
27 43
20 44
44 83
49 9
78 32
104 96
118 113
95 127
94 65
70 51
112 5
65 89
120 45
70 57
80 51
8 3
104 124
33 57
48 47
111 79
110 14
92 91
27 120
15 39
69 121
20 43
109 82
18 119
16 3
32 123
57 127
86 52
125 84
10 16
91 122
119 6
60 72
86 79
45 122
6 26
72 109
20 114
25 64
33 63
123 42
45 2
50 61
73 66
75 53
8 40
18 123
115 1
117 79
88 61
34 98
51 118
32 124
32 113
20 10
1 7
105 125
35 60
41 68
111 101
114 16
97 98
13 89
93 125
52 122
44 60
69 70
105 121
4 96
26 20
110 80
77 72
55 51
70 99
49 74
7 96
12 46
57 72
104 118
86 32
29 14
23 44
50 89
97 89
70 98
13 90
82 59
44 68
82 46
91 117
28 100
3 79
87 59
49 72
124 48
119 103
64 81
49 81
38 21
28 20
9 42
43 15
9 15
60 42
27 8
76 45
71 54
84 60
79 102
13 88
114 2
55 2
86 125
10 25
93 32
1 40
80 57
112 83
20 123
42 60
49 89
103 114
43 100
68 69
68 116
109 79
71 90
30 39
63 40
64 53
78 80
91 121
42 62
121 81
67 57
105 109
126 44
104 122
74 49
80 32
61 76
66 37
42 93
72 50
51 5
64 86
7 20
50 70
94 67
35 53
38 127
47 96
45 84
87 53
17 86
78 68
36 4
76 61
108 94
44 106
14 14
102 115
51 103
27 117
113 92
63 61
55 97
17 115
91 88
109 105
117 1
71 89
18 7
33 98
106 103
106 125
39 113
72 97
9 127
6 88
37 17
124 7
73 46
113 114
6 11
22 10
6 25
47 104
39 88
11 90
6 15
74 99
93 4
35 93
63 56
21 9
105 115
7 18
41 5
61 82
92 32
22 103
32 126
107 105
30 116
9 59
79 63
53 40
88 38
74 53
118 41
118 85
94 91
126 38
56 78
63 53
42 103
6 16
82 55
43 97
24 102
30 18
21 113
86 68
39 63
5 98
11 58
110 11
34 92
26 19
61 121
117 87
125 8
71 66
95 66
11 44
125 10
65 37
52 6
23 103
79 68
89 39
19 124
32 5
122 11
111 13
50 103
85 46
96 0
29 0
55 76
30 43
12 3
93 3
47 111
49 107
45 12
107 124
120 2
19 58
78 62
27 127
91 91
102 124
18 125
126 8
21 122
41 100
50 88
110 10
70 116
66 112
106 20
62 60
19 118
23 122
48 91
111 98
95 2
104 4
31 9
47 85
9 2
11 109
75 60
22 22
17 55
42 99
93 119
121 7
105 1
73 98
87 47
114 99
24 63
28 101
11 92
36 100
51 93
19 38
17 16
57 4
17 21
51 107
59 41
115 80
107 21
40 17
65 113
77 74
53 74
104 80
49 59
21 115
23 70
77 105
18 41
73 102
11 108
7 65
73 45
32 100
56 40
114 1
110 94
45 113
10 126
61 115
102 98
19 9
64 116
117 114
107 104
77 77
50 107
25 65
47 13
12 0
4 2
64 55
113 76
11 112
88 53
70 66
91 119
35 94
98 88
98 2
50 54
0 44
76 71
30 14
55 120
35 58
29 23
31 102
122 4
39 87
21 111
78 103
58 76
19 120
56 118
64 121
51 7
11 4
4 64
46 65
103 123
121 5
2 41
13 42
77 86
98 70
19 116
31 65
87 67
84 59
41 118
108 99
69 50
64 54
18 105
90 3
72 42
98 93
24 18
78 104
112 82
54 99
24 123
14 3
73 91
62 72
51 58
15 107
17 87
67 38
35 125
68 52
87 65
29 63
13 25
54 46
8 89
9 90
69 108
17 106
24 40
118 103
11 80
44 19
34 124
34 97
36 113
28 121
61 60
65 79
56 120
45 69
48 66
39 0
37 61
80 75
10 125
78 30
101 93
110 82
15 4
98 95
54 49
92 125
10 5
6 3
28 66
102 126
29 19
0 39
119 79
3 5
37 5
82 63
14 47
18 115
8 4
14 4
104 120
84 61
21 107
30 44
47 61
38 11
47 99
111 10
29 104
7 88
1 45
92 3
24 22
62 82
71 85
50 71
54 45
77 69
88 34
4 44
119 109
69 27
26 64
80 53
69 67
106 108
14 57
45 104
18 14
10 84
54 2
46 95
15 108
33 116
113 4
10 24
50 85
33 100
44 89
87 61
106 104
34 99
90 66
20 1
76 86
106 115
70 87
83 52
50 75
122 45
118 108
32 59
68 118
28 123
54 50
27 48
27 119
69 117
20 62
89 62
52 121
55 49
89 68
117 88
44 12
73 41
28 47
8 60
23 7
120 13
52 75
58 5
87 69
73 68
101 109
14 58
116 89
120 80
57 6
43 110
80 67
108 106
1 79
101 127
28 6
99 68
91 92
104 117
67 67
51 100
32 114
32 57
33 115
37 9
84 33
45 1
29 43
37 119
112 7
79 87
113 102
126 47
22 102
113 0
19 56
74 67
92 122
47 94
105 95
72 54
96 71
43 120
21 45
10 85
17 18
66 80
87 124
10 89
42 66
64 38
31 17
21 110
101 118
45 127
14 45
63 81
117 86
58 119
82 49
97 69
69 58
92 88
89 52
69 65
104 6
92 118
64 59
26 39
115 100
49 6
116 96
48 6
79 53
75 87
38 13
126 45
118 79
16 107
39 14
38 94
70 115
4 0
72 41
123 11
22 45
45 61
49 120
42 110
115 19
115 79
29 56
64 84
34 12
52 40
121 12
39 20
48 106
4 81
115 115
107 79
125 85
50 56
1 11
33 14
48 113
8 39
17 2
114 17
10 26
11 13
120 107
71 86
82 53
66 115
60 120
114 77
27 49
62 75
62 63
52 98
50 14
65 73
10 43
3 86
107 3
10 92
5 22
46 112
122 3
110 97
59 71
100 94
29 21
62 53
80 65
81 50
80 102
80 59
21 108
12 59
26 126
88 123
11 6
52 46
126 11
32 11
4 8
22 109
41 8
15 92
93 68
57 126
30 13
56 3
46 85
79 66
17 85
45 71
114 79
78 73
75 49
64 82
117 82
13 50
103 111
75 100
44 108
57 2
66 69
115 116
46 87
35 54
42 100
66 116
111 20
78 87
37 101
55 101
42 21
39 53
45 94
127 46
14 49
16 5
116 115
125 6
120 5
4 13
108 81
48 90
51 60
103 113
96 2
63 48
120 75
89 87
58 81
34 3
26 118
106 2
23 39
66 52
73 92
65 114
36 52
52 4
105 5
59 125
56 4
5 9
8 92
28 18
102 107
68 122
50 114
16 15
68 66
105 7
44 58
26 122
27 54
58 61
74 90
50 3
109 91
59 79
74 29
10 60
84 51
55 45
82 75
12 1
13 12
111 9
101 115
26 50
53 100
104 110
77 62
34 11
65 52
86 36
107 103
40 8
31 66
119 1
21 11
27 63
63 60
64 39
28 37
69 56
66 110
116 97
18 84
10 59
87 41
76 81
19 45
48 71
72 85
6 89
6 65
53 120
123 44
10 17
67 122
6 123
25 123
45 112
71 43
117 98
51 113
103 97
18 19
123 38
80 101
93 69
61 63
92 86
14 43
94 127
38 88
103 98
62 123
18 118
111 105
48 70
54 42
41 22
31 58
40 15
16 88
91 31
108 22
20 103
70 113
41 111
58 68
70 43
54 40
90 89
73 25
2 4
43 59
118 86
46 6
33 55
84 76
53 47
13 43
115 90
117 77
49 73
7 2
63 74
119 86
74 86
99 3
119 95
39 16
36 90
45 20
26 98
38 16
118 8
73 65
49 47
11 60
114 91
78 79
5 44
83 48
44 95
74 89
127 12
88 127
54 73
49 92
38 51
20 115
93 127
6 97
9 86
112 112
118 110
117 112
1 81
59 73
102 112
67 68
85 124
51 57
105 102
110 90
106 1
18 16
46 83
63 115
59 122
70 52
104 95
14 86
28 38
53 7
60 60
22 41
50 84
79 60
114 13
49 4
113 17
110 0
126 86
58 47
54 75
111 100
28 41
53 48
64 115
85 77
98 92
91 124
65 86
39 95
57 46
80 64
56 0
92 70
50 119
72 93
69 87
67 47
19 35
103 116
31 5
97 94
28 44
5 90
93 90
18 17
82 76
57 47
6 47
79 74
7 123
41 102
38 120
91 67
49 12
57 71
52 118
20 124
66 79
52 93
50 10
29 2
44 98
104 126
22 8
43 94
76 62
65 40
113 113
68 87
2 85
58 126
8 42
78 75
109 1
37 91
40 118
77 99
57 78
27 41
39 18
31 0
106 22
4 7
10 124
91 89
41 94
122 6
89 32
88 1
8 24
46 104
112 6
67 111
36 95
122 46
84 78
69 40
40 0
5 59
115 18
76 98
72 26
117 2
49 62
86 60
110 83
106 114
35 91
42 97
49 104
56 45
59 81
105 96
122 42
85 58
30 101
58 42
116 85
89 69
125 47
9 82
47 112
85 79
40 25
100 69
70 46
43 4
14 89
26 119
3 7
57 75
20 117
16 47
115 98
43 67
70 105
39 101
42 22
16 40
117 83
90 42
72 47
0 79
34 95
26 8
48 7
71 110
121 80
6 46
48 95
55 43
43 65
2 80
16 105
110 118
33 56
43 105
56 38
28 46
5 80
3 81
16 56
32 63
120 108
58 60
113 20
46 121
54 36
23 61
112 102
28 55
15 40
110 117
122 84
34 96
91 65
18 39
20 72
107 107
47 82
34 58
84 62
109 95
19 2
73 103
89 33
19 115
15 14
111 116
30 48
73 28
86 48
41 65
5 127
51 47
120 1
51 98
80 56
82 52
36 59
16 89
28 12
122 13
97 91
86 46
35 15
29 103
104 121
7 48
117 81
7 17
67 74
46 103
72 65
81 63
2 6
108 90
108 3
111 89
37 96
22 112
42 13
20 60
78 31
31 10
47 69
108 8
9 58
48 3
38 12
27 6
107 95
65 83
60 73
17 40
102 93
16 23
9 123
73 87
32 98
68 121
49 5
25 8
27 122
81 54
28 116
46 98
62 41
26 120
50 46
71 51
65 58
99 100
64 58
48 60
109 98
40 6
51 75
2 87
49 94
65 74
64 88
29 42
38 62
60 82
30 4
102 108
87 58
119 80
71 47
80 88
55 119
5 95
31 127
6 96
0 82
98 98
76 29
48 10
65 50
48 105
123 83
86 45
97 70
117 95
49 8
77 85
35 3
74 110
77 106
113 100
33 122
61 77
123 8
111 82
68 73
122 2
26 52
90 87
29 68
45 88
25 45
23 19
36 91
48 82
27 40
123 10
15 46
122 37
114 113
112 19
11 127
47 48
104 119
118 99
53 72
37 109
12 112
78 76
49 91
45 5
111 14
112 100
117 78
20 40
11 81
40 95
86 41
104 114
127 7
110 100
116 103
1 84
120 93
89 2
9 85
110 81
104 94
31 104
40 21
20 73
46 1
68 70
76 85
7 10
55 46
59 77
6 43
43 91
97 3
26 44
32 116
111 92
39 112
73 42
55 0
21 39
77 55
35 90
9 93
37 89
109 2
114 3
27 19
6 94
49 55
57 73
5 12
92 68
30 67
69 41
87 126
31 12
10 40
67 71
46 64
32 55
76 74
1 13
85 44
119 104
122 82
5 63
0 46
1 39
12 49
36 125
19 121
69 53
19 36
97 2
66 86
77 97
47 86
72 104
72 48
78 78
41 9
70 65
38 5
98 99
90 70
16 109
105 6
124 9
43 13
12 90
20 59
105 23
3 87
51 87
0 8
50 15
20 55
35 111
91 35
56 39
29 113
72 90
59 43
25 54
47 88
40 64
85 49
89 63
110 21
15 44
31 124
19 0
6 62
72 88
76 102
29 40
17 91
119 8
71 48
49 95
82 45
113 80
15 19
66 81
120 105
6 23
38 52
10 81
45 67
69 45
34 62
10 94
41 98
23 68
113 75
104 0
29 115
21 63
62 84
13 2
25 51
45 99
31 15
111 103
40 101
26 9
104 97
113 18
9 46
46 13
56 76
19 34
68 46
15 56
28 65
112 75
23 40
32 60
72 95
112 79
27 9
118 11
45 90
103 95
38 4
6 77
50 115
118 43
9 0
45 70
6 93
7 14
112 18
5 65
99 67
70 89
18 127
90 32
110 93
56 51
7 42
52 94
18 59
51 117
28 4
12 111
94 68
72 27
19 104
15 47
44 59
81 58
79 31
11 110
36 14
69 90
18 56
31 44
102 117
17 126
15 42
110 101
94 32
111 73
31 115
43 63
94 2
66 58
113 16
38 112
67 108
8 15
40 62
50 5
105 79
68 119
117 102
70 107
7 24
54 123
87 56
73 84
16 90
34 56
17 6
9 80
89 124
118 95
41 16
68 57
77 112
17 110
88 66
2 1
92 87
118 7
32 112
30 1
117 94
34 55
96 90
55 122
6 1
66 50
30 22
79 52
34 91
115 92
118 111
6 82
108 80
105 127
86 57
24 67
69 51
67 120
108 82
118 83
96 89
14 2
74 104
66 51
40 110
40 61
14 38
113 81
59 61
48 11
49 84
25 39
40 23
90 5
70 55
87 33
17 54
42 16
71 96
46 62
86 31
24 65
47 122
6 79
9 84
8 83
73 49
110 119
29 7
67 81
25 22
13 14
41 67
76 68
43 109
73 54
75 44
13 48
18 103
7 78
23 71
67 70
16 86
18 126
16 20
25 53
47 5
107 9
16 55
118 76
103 125
18 57
51 70
70 114
28 39
92 123
32 65
93 126
119 42
45 109
27 99
111 76
77 104
45 107
57 41
12 4
26 41
121 93
30 113
26 7
112 0
101 0
43 57
41 63
37 0
68 47
92 124
70 45
21 102
35 100
43 90
13 45
91 4
112 115
58 120
101 95
19 37
126 83
115 91
25 19
34 52
81 55
98 97
60 124
12 42
72 87
7 9
17 15
97 66
32 101
24 44
94 124
87 37
118 97
40 9
65 115
77 31
44 3
39 119
5 15
121 83
22 72
47 90
