95 67
90 21
41 54
4 100
121 98
43 105
101 91
72 85
50 10
67 1
56 71
52 80
12 73
87 38
21 11
127 57
26 33
120 122
63 92
104 42
10 10
24 36
69 71
77 26
68 10
42 53
123 6
8 99
121 2
70 112
74 11
96 57
117 121
11 105
94 38
78 103
34 102
126 89
38 67
109 111
13 21
100 2
19 58
13 0
25 31
47 124
106 20
71 63
117 59
3 26
106 36
0 19
98 9
78 113
50 35
53 52
37 120
62 85
123 87
33 43
24 113
30 21
70 70
101 2
37 43
72 43
18 108
111 69
120 1
115 20
46 80
112 30
80 120
34 31
41 25
126 108
28 5
118 82
101 37
109 105
122 86
83 119
92 59
39 23
16 44
48 86
101 12
79 6
13 66
96 10
68 97
9 108
109 65
71 42
54 8
86 9
98 55
34 66
2 12
113 104
104 44
88 98
59 117
103 14
14 40
97 37
45 113
119 67
74 102
83 96
63 0
20 36
5 43
41 44
20 91
88 19
10 18
68 107
46 123
10 106
10 54
25 32
89 72
43 46
104 69
2 103
61 7
10 62
69 86
43 68
68 98
2 90
98 95
94 9
58 3
25 18
127 44
73 67
121 108
60 39
19 57
102 29
87 75
21 15
96 86
4 101
66 75
33 89
120 57
16 80
116 72
31 105
107 91
64 47
87 125
24 126
59 23
52 65
102 113
38 24
52 87
4 111
38 44
78 79
23 15
118 20
108 58
60 98
43 1
27 120
79 79
60 122
31 54
82 87
123 119
63 46
60 96
25 51
37 70
67 109
4 41
71 87
119 36
34 96
109 115
120 45
59 4
101 7
65 41
121 118
54 18
31 52
119 49
107 52
127 71
107 21
8 44
82 123
89 20
117 57
23 77
47 86
33 5
22 58
18 78
54 117
50 1
14 13
17 4
15 17
117 54
116 23
91 63
115 122
79 58
29 60
71 26
90 37
64 2
107 35
22 24
48 96
55 54
96 13
30 68
68 70
59 121
84 26
60 68
114 44
96 101
49 69
25 16
59 38
60 101
18 93
82 98
97 10
107 37
117 90
3 115
73 102
41 62
125 92
113 98
73 26
66 90
106 13
63 47
127 41
88 16
119 117
117 22
29 107
52 104
76 28
116 127
101 27
23 55
47 83
7 44
93 55
53 56
62 101
18 92
126 18
79 30
81 21
30 19
126 90
121 39
103 23
19 43
85 60
40 95
126 5
18 122
41 42
93 86
23 109
60 111
43 51
71 59
98 44
63 103
32 123
62 48
46 118
122 9
19 24
87 119
25 95
0 123
88 8
44 15
126 115
84 34
2 69
100 73
24 38
7 90
118 38
63 59
117 109
53 87
103 118
3 40
126 58
50 53
86 59
1 71
3 27
27 121
52 9
26 76
51 97
127 50
91 89
108 87
52 45
117 37
90 122
30 59
102 3
66 76
117 76
9 9
116 103
119 14
19 68
118 36
103 22
124 76
20 63
58 72
10 12
127 124
116 38
69 8
85 53
47 29
127 14
51 112
95 58
94 23
39 120
52 24
121 87
42 81
74 100
111 61
23 88
0 52
122 89
4 40
116 94
44 114
112 24
77 69
1 110
39 24
97 34
71 53
26 98
119 69
118 58
112 77
126 11
9 17
24 87
41 106
17 36
65 101
41 23
62 52
42 94
98 86
51 65
40 16
78 97
22 7
34 125
67 0
8 4
72 114
116 101
126 21
88 35
17 16
42 104
81 32
79 104
16 33
124 35
8 36
86 93
42 61
42 9
72 19
52 30
20 22
58 85
63 91
32 7
67 119
52 115
22 35
114 8
77 47
95 47
80 59
100 111
79 12
23 40
1 116
23 16
39 17
72 23
26 96
59 77
46 105
100 92
80 67
8 30
57 115
103 127
25 77
71 52
96 125
121 50
36 94
71 115
43 54
8 122
97 82
83 4
38 38
25 40
44 69
59 18
90 10
109 92
120 108
81 121
115 53
87 34
108 0
59 79
113 43
88 43
99 34
1 117
94 117
35 59
64 27
109 70
114 22
93 87
32 115
18 34
73 118
25 39
104 77
16 106
22 126
33 123
65 0
107 34
125 72
4 18
77 116
116 3
73 61
103 63
40 121
127 28
76 100
18 101
27 59
34 65
120 39
53 7
60 41
91 53
93 37
7 29
18 115
114 121
117 71
110 46
30 92
51 114
33 124
35 104
15 5
4 0
95 118
41 61
51 56
114 101
118 24
98 94
21 74
79 119
52 121
53 40
88 57
96 114
15 82
22 23
108 76
95 59
72 33
71 90
56 59
18 82
15 41
70 61
91 109
102 11
26 20
32 36
52 77
98 85
71 88
24 76
103 41
60 50
100 26
82 110
26 87
5 64
110 43
65 54
120 50
127 98
59 68
49 67
43 30
26 25
8 31
52 25
1 13
77 24
23 13
96 24
89 38
105 42
91 93
21 73
112 125
71 7
74 16
4 26
112 14
126 36
99 40
110 79
20 112
51 40
51 77
90 105
39 94
87 56
69 108
107 75
75 81
41 34
83 17
81 36
90 72
77 115
52 50
121 73
85 43
103 108
122 46
95 115
94 28
95 9
74 65
86 14
39 85
93 31
67 10
58 76
127 20
66 52
115 55
40 54
44 2
45 89
45 70
108 35
22 69
96 55
39 8
91 45
119 89
50 98
12 11
89 106
62 93
30 108
124 87
80 48
63 84
15 102
96 75
108 104
116 121
75 80
16 127
29 92
107 101
97 118
45 107
75 87
2 113
10 74
45 26
125 127
93 25
111 110
6 7
17 5
127 27
56 93
39 79
19 75
126 13
81 91
79 126
30 85
80 39
16 4
92 106
127 18
49 10
53 64
108 10
20 90
33 126
105 104
33 107
6 54
98 46
67 21
106 18
92 37
115 38
118 77
95 87
123 33
68 69
80 36
48 95
126 14
101 38
39 91
22 89
28 23
19 100
106 58
49 51
9 87
8 53
114 19
29 84
22 22
61 117
113 82
126 0
89 53
116 54
14 39
122 4
85 14
68 11
21 90
97 55
107 19
19 116
35 11
119 5
115 21
59 92
103 26
82 122
30 0
68 65
41 38
8 120
79 125
53 105
58 97
53 18
98 117
119 122
19 54
97 45
29 123
92 87
92 117
18 117
1 1
22 109
37 94
52 76
116 14
72 109
61 104
108 28
78 44
17 105
25 118
48 82
117 94
81 124
92 126
27 14
47 71
2 116
5 96
90 44
18 25
12 48
38 93
79 111
118 1
95 122
76 88
105 27
118 97
24 56
24 95
22 78
32 94
53 81
22 33
15 13
73 9
14 20
60 97
76 23
113 76
110 29
49 27
60 105
95 61
66 63
99 76
59 39
19 102
39 69
88 101
21 36
70 93
5 95
4 60
93 24
28 94
73 22
113 121
121 89
51 107
3 112
59 110
107 94
14 4
62 111
119 109
108 102
89 69
59 97
27 60
55 19
5 114
122 119
81 38
111 67
7 107
109 35
88 53
77 111
31 88
101 84
86 125
60 34
126 45
94 58
27 20
55 116
44 57
31 28
27 96
121 124
40 75
19 98
89 99
71 65
17 107
56 114
68 118
66 13
7 121
126 57
62 47
93 116
118 127
127 37
13 36
86 75
120 59
17 103
32 67
107 57
105 41
42 113
111 96
86 33
81 37
16 92
76 125
92 19
99 89
20 21
89 100
110 78
62 86
26 119
11 122
69 83
77 58
61 38
8 96
28 73
87 15
39 2
85 35
107 55
31 58
8 24
71 28
12 75
17 75
66 100
13 91
27 35
124 98
17 63
53 29
39 0
30 91
42 107
33 116
74 44
60 66
56 116
61 51
64 48
46 5
43 62
98 62
3 111
93 6
104 86
108 78
15 120
99 91
71 31
78 119
6 123
124 120
29 68
92 119
27 24
125 35
119 71
126 124
40 9
102 53
17 42
16 102
1 118
11 123
95 113
105 43
19 94
42 41
56 42
39 18
44 92
117 14
25 98
11 74
127 46
78 125
20 25
56 70
75 76
66 53
71 27
95 56
104 13
4 42
2 104
78 11
28 59
99 36
85 54
104 107
11 52
51 93
16 11
14 70
70 7
44 88
8 97
36 107
111 127
7 21
50 71
29 94
44 80
109 46
104 103
30 93
110 55
24 121
80 77
99 110
74 78
102 35
57 60
118 47
1 103
33 56
67 113
33 118
71 32
39 45
28 112
70 113
20 58
111 47
52 117
72 31
109 58
2 82
52 18
97 16
40 44
1 51
18 0
119 9
63 60
74 10
107 59
91 55
93 102
11 53
127 81
120 72
68 18
49 104
99 50
106 105
3 64
91 120
24 11
121 57
92 88
91 108
83 54
57 86
35 105
33 54
36 106
38 16
100 12
53 4
40 38
37 113
109 5
88 76
116 102
122 49
20 89
105 124
19 52
92 54
78 116
45 87
112 89
90 38
118 60
38 119
26 41
14 71
15 15
61 67
76 6
18 74
52 54
84 15
29 22
19 97
88 109
49 0
17 40
58 68
113 81
58 115
100 29
119 58
88 47
97 75
110 34
85 52
92 0
78 110
80 43
34 32
120 97
59 15
126 92
58 15
98 36
79 78
42 23
122 47
118 71
9 96
47 23
35 85
72 108
122 117
96 16
120 5
31 37
54 42
49 116
48 104
119 27
113 70
30 53
59 71
38 22
66 21
120 8
48 30
57 96
7 70
117 110
101 74
125 73
60 36
127 4
33 22
54 107
7 28
23 125
118 25
4 27
9 10
3 102
75 77
101 36
67 107
60 116
112 68
33 47
78 61
78 49
58 84
63 23
84 60
9 35
7 80
97 124
21 78
125 22
52 106
121 123
116 93
72 60
103 87
27 26
79 36
99 48
100 33
92 93
99 42
19 95
9 54
28 122
77 5
7 124
69 28
123 5
28 16
7 1
20 96
44 16
21 81
115 57
65 127
26 18
72 8
46 71
98 49
21 67
61 53
112 70
96 60
95 28
59 69
117 74
16 45
96 103
82 92
50 102
73 7
82 56
117 111
46 75
40 55
38 94
67 108
114 28
87 76
33 95
67 91
51 31
44 48
43 87
123 48
17 44
14 125
118 110
126 126
117 127
124 11
103 76
50 78
61 40
90 104
82 124
80 31
120 64
88 85
50 63
37 7
27 111
96 123
26 34
83 35
69 84
60 106
41 53
68 9
93 127
65 123
72 9
7 4
19 78
26 23
94 91
72 119
50 110
14 12
84 53
93 1
53 38
28 118
26 50
69 48
80 84
61 8
118 84
72 68
85 8
7 55
103 34
72 27
94 67
5 115
11 9
117 13
88 106
25 46
64 90
97 102
96 45
38 21
82 35
102 15
108 101
41 15
32 68
118 121
21 6
29 58
79 44
84 16
36 30
87 42
61 102
126 93
22 66
7 54
105 21
81 67
24 41
64 53
76 76
10 75
1 61
53 116
119 46
4 19
71 119
127 109
27 119
51 106
91 20
127 94
53 110
108 93
16 16
120 35
92 92
115 58
77 49
97 73
17 38
80 121
33 80
108 94
61 121
16 105
114 105
64 52
71 24
50 32
32 55
48 24
27 74
107 9
111 30
18 90
72 106
47 105
70 52
90 20
68 21
95 76
85 2
125 123
52 39
114 81
52 14
35 50
102 59
70 29
16 38
126 82
117 69
65 55
125 119
79 60
115 81
78 77
87 126
1 91
47 25
31 82
54 30
24 85
46 25
115 5
94 48
65 27
8 55
125 83
90 71
5 42
101 28
42 88
78 80
124 6
76 18
67 62
51 80
43 52
18 102
79 121
17 83
13 72
110 108
120 103
125 112
1 69
72 62
95 104
83 55
73 15
61 37
106 100
119 83
96 122
16 13
46 69
61 110
59 118
87 35
109 91
18 68
36 31
69 12
73 44
25 36
50 70
98 43
118 21
59 10
117 25
102 119
126 74
75 29
67 64
115 98
39 36
70 30
62 110
103 60
99 88
80 6
59 76
36 87
74 28
99 47
64 1
114 59
50 115
68 85
73 74
85 26
22 30
90 107
34 11
98 90
39 39
10 78
94 86
16 14
94 68
74 29
6 45
97 61
0 109
37 96
41 117
111 56
59 22
70 60
52 114
21 114
61 66
54 81
61 18
30 2
40 92
94 119
17 1
40 86
91 46
85 17
111 109
67 76
4 74
66 127
5 36
96 62
101 120
32 83
41 113
83 87
70 68
38 36
48 28
32 0
109 30
7 0
3 110
96 76
38 86
119 0
105 10
74 123
2 25
52 93
109 4
62 103
32 89
118 48
102 61
89 17
48 5
0 48
119 26
82 86
84 3
116 122
59 42
108 45
108 79
93 105
30 83
38 91
58 94
73 27
51 63
112 90
119 39
106 40
26 95
75 24
112 80
109 59
121 49
15 65
53 106
102 63
49 36
122 58
90 25
51 9
25 75
27 112
6 0
70 64
18 104
19 42
125 94
53 55
66 96
35 95
51 32
19 35
117 75
108 22
92 26
123 69
30 89
22 13
58 16
75 101
121 72
6 44
46 88
72 25
53 53
4 65
12 90
108 114
35 51
49 97
73 20
40 43
9 61
5 66
13 51
33 65
4 105
69 47
117 28
45 119
71 18
23 54
115 102
27 51
18 35
108 113
122 76
30 90
109 51
21 34
36 71
105 106
47 68
36 60
105 44
120 90
19 123
70 94
105 12
17 102
13 11
109 112
42 45
85 5
104 28
51 53
124 115
68 29
119 121
57 84
99 39
101 35
46 60
27 75
24 17
121 9
98 87
104 26
39 25
25 97
95 114
5 47
117 73
127 17
86 61
52 92
90 52
100 46
5 127
117 83
100 122
120 82
33 90
21 100
51 23
20 56
93 8
27 15
63 51
99 3
6 53
58 9
42 22
23 11
118 90
60 70
73 62
20 35
109 84
13 22
2 109
77 78
26 89
72 118
59 14
21 13
32 117
100 37
31 107
43 91
82 21
31 115
66 26
88 34
81 42
100 96
80 42
57 41
115 94
43 10
58 60
6 81
47 87
84 61
58 78
40 37
48 50
52 64
33 6
95 100
108 40
119 72
91 26
87 81
55 115
16 81
32 127
17 82
0 70
99 94
88 5
58 19
82 33
57 95
123 75
104 25
119 59
127 91
59 17
86 74
38 7
77 103
88 102
117 98
34 122
74 66
120 2
109 78
87 60
121 122
25 48
93 73
30 70
45 79
36 40
19 22
31 83
48 68
35 33
120 4
18 41
118 34
115 108
116 27
4 113
59 31
95 112
0 95
66 61
42 101
8 107
96 63
51 79
50 14
115 22
116 98
117 70
23 35
17 64
37 87
104 21
91 105
2 0
114 98
121 100
3 73
2 86
75 124
13 71
108 77
111 88
27 98
49 31
36 72
54 4
87 57
80 76
9 5
72 28
72 66
6 41
43 82
85 126
37 39
35 107
122 87
45 106
97 17
63 1
24 34
96 38
30 82
20 79
32 81
101 121
112 126
25 24
17 80
59 35
70 62
125 10
114 57
31 69
89 18
75 17
27 17
9 29
86 58
60 45
34 50
94 61
127 6
103 24
127 99
122 74
127 56
124 48
126 35
15 44
42 0
17 108
86 36
22 31
85 125
65 75
83 85
47 74
69 95
92 27
90 70
44 17
88 52
41 9
99 95
110 60
9 98
93 0
121 3
49 17
20 75
20 55
108 31
7 81
53 75
3 1
63 24
22 52
41 105
107 14
73 21
31 103
76 81
76 25
24 50
47 79
50 52
103 29
106 51
113 29
18 39
32 124
19 121
127 53
76 79
83 97
40 35
28 77
116 5
91 27
47 88
100 25
111 76
13 16
61 68
3 100
126 23
43 53
16 64
61 49
89 24
40 63
20 85
37 92
38 66
111 66
94 121
32 106
21 59
56 72
11 114
24 47
41 93
29 20
114 103
36 95
22 14
109 93
117 26
9 44
54 19
69 65
9 26
88 25
12 51
30 60
110 66
26 35
33 57
73 85
110 70
23 14
113 7
45 81
108 91
41 8
10 58
50 111
115 40
2 114
61 52
17 79
127 12
116 26
127 58
121 56
74 80
18 120
106 10
121 88
73 33
4 36
54 82
18 55
51 113
28 8
8 106
116 57
84 4
17 91
18 42
53 39
100 41
94 8
5 97
40 24
73 81
18 52
45 40
89 108
17 118
18 37
113 101
113 14
109 64
34 106
53 51
80 124
82 42
117 24
44 106
62 100
0 13
50 50
60 14
99 74
67 115
122 99
67 99
1 25
59 2
108 38
78 70
27 76
36 58
15 126
15 63
78 6
0 91
50 26
86 43
80 108
12 98
108 56
120 118
97 74
115 4
35 103
31 1
127 90
39 56
97 86
55 118
124 118
83 33
32 27
98 35
29 83
126 84
120 104
10 63
103 75
95 120
107 39
39 65
86 34
73 114
103 77
118 75
96 83
12 114
71 95
83 34
46 104
50 49
17 33
111 77
70 48
58 20
49 70
33 32
49 33
77 1
88 39
103 12
12 47
51 26
72 86
55 43
102 10
26 60
45 124
10 60
13 70
14 66
93 28
108 115
25 12
63 68
21 25
11 11
51 55
94 55
49 103
91 38
95 23
16 43
16 90
11 59
39 70
86 57
20 68
18 118
14 17
24 49
53 13
99 5
11 48
118 68
93 118
18 53
67 52
72 107
36 32
78 117
33 67
79 120
116 39
51 103
25 86
109 67
88 100
51 101
74 23
8 121
37 36
4 85
32 103
22 12
104 124
91 121
52 37
51 51
43 3
87 31
78 118
90 24
19 89
31 94
43 81
16 40
77 126
110 111
58 116
106 91
22 32
126 71
126 83
21 22
39 53
100 38
99 93
58 124
12 36
76 78
9 4
15 12
118 54
28 95
33 36
87 118
105 17
0 93
41 16
63 110
89 9
52 8
42 116
125 13
121 75
38 71
47 81
