98 69
90 21
41 57
3 99
122 97
44 106
102 92
73 84
50 11
70 127
55 71
51 82
10 74
88 40
22 10
127 57
25 31
120 123
63 93
105 42
8 11
23 34
69 72
76 24
69 8
43 54
123 5
8 99
121 1
70 111
74 12
97 57
117 122
11 105
94 38
77 103
35 104
125 85
37 65
109 114
13 22
100 2
19 59
11 127
24 29
47 123
108 20
71 60
117 60
3 27
107 35
1 21
98 9
77 113
48 37
53 51
36 120
62 84
122 88
31 40
23 111
33 19
71 70
101 2
36 44
71 43
16 108
111 69
120 0
117 18
46 80
113 30
80 120
36 29
42 25
126 108
27 5
117 82
102 36
110 107
121 86
83 116
92 58
39 22
16 46
50 86
101 11
79 7
14 67
96 10
68 97
8 109
107 64
70 42
54 9
86 9
99 55
34 67
2 13
114 105
104 44
89 96
60 116
105 14
14 42
96 35
47 113
118 64
73 102
82 94
61 1
19 34
4 43
42 45
20 90
85 20
8 17
69 106
46 121
10 106
11 54
24 30
88 72
44 47
104 69
1 103
63 9
9 63
69 86
42 67
68 98
4 90
99 96
94 9
58 4
28 17
127 44
74 68
122 110
61 39
19 58
102 29
88 76
20 15
96 85
3 100
65 75
32 88
121 57
13 80
115 72
32 107
106 93
66 47
89 126
25 127
60 23
52 65
101 113
39 24
54 88
4 111
37 46
80 78
23 15
120 17
107 56
60 98
44 127
28 121
81 78
60 123
30 53
82 86
122 119
63 46
60 95
24 49
37 72
66 108
5 40
72 86
121 34
33 97
109 118
119 46
59 5
102 6
66 42
120 118
53 17
30 51
118 50
106 51
127 70
109 21
7 44
82 123
89 20
117 58
21 78
49 86
34 6
24 58
15 78
54 119
50 3
13 13
17 3
14 17
116 55
118 21
91 63
112 124
79 59
28 63
69 27
90 36
62 3
108 34
22 25
47 97
56 54
95 13
30 69
68 71
59 122
84 24
62 66
113 43
97 100
49 70
26 15
60 38
60 100
18 92
82 100
97 10
108 36
114 91
3 115
72 102
42 63
125 90
113 98
72 24
66 90
108 13
65 47
126 41
86 16
118 116
119 19
29 107
54 101
75 28
116 126
100 26
23 54
47 83
6 44
94 55
54 60
62 100
18 91
127 20
77 31
80 21
33 17
126 88
123 43
102 23
20 46
86 63
39 96
0 8
18 122
42 43
93 85
23 107
60 111
44 52
71 56
99 43
63 102
33 124
62 48
47 115
119 9
19 25
86 116
24 96
127 122
89 9
45 14
127 117
84 34
2 68
99 73
26 38
7 90
118 38
63 61
116 110
55 88
103 118
4 39
126 58
50 52
87 62
1 70
3 28
28 122
52 10
26 76
50 98
127 48
89 89
109 88
51 45
117 37
91 123
29 62
103 2
65 76
116 76
7 10
119 106
120 14
19 68
120 34
102 22
124 77
21 63
60 72
8 13
126 123
116 38
68 3
83 50
46 31
126 15
51 114
95 58
94 24
39 121
52 25
119 88
42 82
72 100
110 61
23 87
0 52
120 90
5 39
117 94
44 111
112 24
77 69
1 110
40 24
96 32
72 53
27 101
118 66
118 59
111 76
124 9
7 16
24 86
40 106
14 35
66 102
42 23
62 52
41 95
98 85
51 65
39 15
77 98
21 5
35 126
70 126
6 4
73 114
119 104
125 21
89 34
16 16
43 105
79 33
78 105
13 32
125 33
8 36
87 92
44 62
42 9
71 17
53 31
20 23
58 85
62 91
33 8
67 119
52 117
21 33
115 7
76 47
96 48
80 60
100 111
78 13
25 40
1 116
21 17
38 16
71 21
25 97
59 75
47 106
101 93
80 66
9 30
58 114
103 127
25 77
72 52
95 126
120 51
35 95
70 116
44 55
9 123
96 82
81 1
37 38
27 40
43 68
59 18
91 11
108 94
120 110
81 121
114 52
88 33
107 0
59 80
112 42
87 44
98 32
2 118
92 115
35 59
64 26
108 70
112 22
93 87
33 114
15 33
74 118
27 39
104 79
14 106
21 126
34 124
66 126
108 33
125 71
4 18
77 116
115 2
74 59
103 62
40 122
127 28
75 100
16 101
25 61
34 66
122 43
53 8
61 41
92 53
93 37
8 29
18 113
111 122
116 71
112 46
29 93
51 116
34 125
36 106
14 3
3 0
94 119
42 62
51 55
115 102
120 22
99 95
21 75
79 119
51 122
53 40
86 56
96 114
12 82
22 24
107 75
95 59
74 34
69 90
56 58
18 82
15 43
70 58
88 111
102 10
27 20
33 36
55 77
98 84
72 87
22 77
104 41
60 50
99 25
82 111
26 87
5 64
108 43
65 54
119 51
126 97
61 66
48 67
43 30
29 23
9 31
52 26
0 14
76 22
24 12
96 25
90 40
106 42
90 93
21 74
112 126
70 2
74 16
4 27
112 13
127 34
100 39
109 81
20 111
50 41
53 76
87 107
38 95
85 55
70 109
106 74
75 81
41 34
81 15
81 36
92 71
77 115
52 49
120 73
84 44
102 109
121 46
95 115
94 29
95 9
75 66
85 13
39 85
94 32
68 8
58 74
0 22
66 52
114 56
40 57
45 0
47 89
44 70
109 34
23 69
97 55
38 9
91 44
116 90
49 99
11 11
86 108
62 94
30 108
123 88
80 47
63 82
13 102
95 76
109 105
116 122
75 80
18 125
28 93
107 101
98 117
46 108
75 89
2 113
8 75
44 26
123 127
93 26
111 113
7 7
17 4
127 27
57 92
39 79
19 76
125 14
83 89
79 126
29 84
77 41
16 3
92 108
0 20
49 11
53 64
108 7
20 89
34 127
102 103
34 109
5 56
98 46
67 21
108 18
92 37
115 38
119 78
95 86
122 30
67 69
78 37
47 96
125 15
102 37
38 92
22 88
31 21
18 100
105 58
49 50
9 87
9 53
115 20
28 83
22 23
62 116
114 81
124 0
90 53
115 55
14 41
122 3
84 13
69 9
21 89
98 55
109 19
17 116
36 10
119 4
117 19
60 89
103 26
82 122
31 1
69 65
41 38
7 120
79 125
55 102
58 97
52 17
100 116
119 123
18 53
97 45
30 124
91 85
90 115
16 117
0 1
22 107
36 95
55 76
115 13
75 109
61 103
108 27
78 44
15 105
26 119
48 82
118 94
81 124
93 0
29 11
46 71
2 116
6 97
90 43
16 23
11 49
37 94
79 111
118 0
94 123
76 90
105 27
118 97
24 55
23 96
19 78
31 95
52 83
21 31
14 13
73 10
14 21
60 97
75 21
112 75
111 29
48 29
61 105
95 61
66 62
99 78
60 39
17 102
40 70
89 100
20 34
72 92
6 96
3 58
93 25
27 95
72 20
110 122
119 90
53 104
3 112
59 110
106 96
13 2
62 111
119 112
108 102
91 68
59 97
25 62
53 19
5 114
121 119
79 39
111 67
6 108
110 34
89 53
77 111
30 87
101 85
88 126
62 31
126 45
94 58
28 20
54 115
43 58
31 30
26 97
121 125
40 75
19 97
90 97
72 66
15 107
57 113
68 118
65 11
6 121
126 57
62 47
91 114
118 126
0 38
12 38
86 76
120 60
15 103
32 68
106 55
106 41
40 113
113 95
87 32
79 38
15 96
76 125
92 19
99 88
20 22
90 99
109 77
62 85
27 120
11 121
69 83
76 55
62 38
8 95
28 73
86 14
39 2
85 35
106 53
31 58
6 24
69 29
10 76
17 76
67 101
11 93
26 33
124 101
18 61
54 30
40 127
28 91
41 107
34 115
74 41
60 63
57 115
61 51
66 48
46 4
45 63
98 62
3 111
95 6
105 87
107 77
16 121
96 92
73 32
78 119
5 123
123 120
29 69
90 117
30 22
126 33
118 71
125 123
39 10
104 54
18 44
14 102
2 119
11 124
95 113
106 43
19 93
43 42
55 42
38 17
43 93
117 13
26 101
9 75
127 46
78 125
20 26
55 70
77 73
67 54
69 28
96 56
106 13
3 42
127 105
78 11
27 62
98 34
83 51
103 108
12 52
50 94
15 11
12 71
69 2
43 89
8 96
37 109
110 0
8 22
51 73
28 95
44 81
109 50
101 102
29 94
109 54
24 121
82 75
99 110
75 76
103 34
57 59
117 48
0 103
32 55
68 112
35 118
73 33
40 46
29 113
70 112
20 59
113 48
52 119
74 32
108 56
1 82
51 17
96 16
41 45
2 51
18 0
116 9
63 62
74 11
106 59
92 55
93 101
12 53
1 79
119 72
68 18
50 104
98 51
105 106
3 64
90 120
25 10
123 56
91 86
88 110
81 51
57 86
36 107
32 53
37 108
37 15
100 11
53 4
40 38
37 113
109 5
89 77
119 105
121 50
20 88
104 123
19 49
93 54
78 116
47 87
113 87
91 40
118 61
38 120
28 41
12 72
14 15
61 64
76 7
18 75
52 53
83 14
32 20
19 96
85 111
49 2
18 42
58 68
115 79
60 113
99 28
119 59
87 47
96 76
111 33
83 49
91 4
78 110
80 43
36 30
121 96
57 13
126 90
55 13
97 34
81 76
43 23
121 47
117 71
9 95
47 22
33 86
75 108
121 117
95 16
120 4
32 37
53 42
48 118
49 104
121 25
113 70
29 52
61 71
38 21
66 21
117 8
47 32
56 97
5 70
116 111
101 72
126 73
61 36
1 4
33 23
57 106
8 28
22 125
120 23
4 28
7 11
2 101
77 74
102 35
68 106
61 115
112 68
32 46
78 62
79 50
58 84
63 22
83 62
9 34
4 79
96 125
18 78
125 23
54 103
121 124
117 93
72 57
104 88
30 24
77 37
98 49
99 31
91 93
100 41
19 94
10 54
29 123
77 6
6 124
67 29
123 4
30 13
7 1
20 95
45 15
22 82
115 58
66 125
29 17
73 6
45 71
97 50
21 67
61 53
112 70
97 59
95 29
61 67
116 74
16 47
97 102
84 90
53 96
74 5
80 53
116 112
46 75
40 58
37 95
66 107
114 27
88 77
32 96
67 91
52 32
44 49
42 88
122 48
17 46
14 125
118 113
124 126
117 126
122 9
103 78
52 77
62 40
87 106
82 124
78 32
121 64
87 87
48 62
36 8
28 112
95 124
25 32
83 35
69 84
61 106
42 54
69 7
94 1
65 122
72 10
5 4
16 78
27 23
93 91
73 119
49 111
13 12
82 50
92 5
54 37
29 119
25 48
69 48
80 82
60 12
118 85
73 69
82 11
6 58
104 33
70 28
95 67
5 115
9 10
117 12
85 108
24 44
63 90
98 101
96 45
38 20
82 35
103 14
108 101
42 15
32 69
118 122
20 4
28 59
79 44
83 15
38 28
86 43
61 101
127 94
23 66
8 54
104 21
81 66
26 41
64 53
78 73
8 76
127 61
53 118
118 47
4 19
72 119
127 109
28 120
53 103
91 20
0 95
54 110
107 95
15 16
122 33
91 92
115 59
78 50
96 74
18 40
80 121
34 79
107 96
61 122
14 105
115 106
64 52
70 22
49 34
31 54
48 24
27 74
107 6
112 30
18 89
73 105
50 106
71 52
90 20
68 21
94 77
84 0
124 122
51 39
116 79
52 14
35 50
101 58
68 30
17 40
125 80
116 66
65 56
124 119
79 61
117 79
80 75
89 127
1 89
46 25
32 81
55 31
24 84
45 25
114 4
95 49
65 26
7 58
124 81
92 70
6 41
100 27
41 89
80 79
124 5
76 18
67 61
50 82
44 53
16 102
79 121
14 83
11 73
106 110
123 104
125 111
1 68
72 59
96 103
81 52
73 14
62 37
105 98
118 83
95 123
15 13
45 69
61 110
60 117
88 34
108 93
18 68
38 29
69 11
72 44
24 34
52 71
99 42
120 18
59 10
118 24
102 119
127 74
74 29
69 62
115 98
39 36
68 31
62 110
102 59
99 87
82 6
59 74
35 88
72 29
99 47
62 2
114 60
49 117
68 85
72 73
85 24
21 28
87 109
35 10
99 90
38 39
10 78
94 85
15 14
96 70
72 30
5 46
97 61
0 109
38 99
41 117
110 55
60 22
70 57
52 116
22 114
61 63
54 82
62 17
31 3
39 93
93 120
17 1
40 86
90 46
84 16
107 111
66 76
3 74
69 125
5 36
96 62
101 120
33 82
39 113
83 86
70 68
38 36
47 30
33 1
110 30
7 0
3 110
95 77
38 86
119 127
105 7
74 123
2 26
51 94
109 4
62 102
31 88
117 49
101 60
87 17
48 5
2 46
121 24
82 85
83 1
113 124
60 42
108 47
107 78
92 106
29 82
37 92
59 93
71 28
51 63
113 88
120 42
107 40
25 96
74 22
114 78
108 59
120 50
16 63
55 103
102 62
47 38
124 57
90 26
51 10
25 75
28 113
6 0
71 62
16 104
20 44
125 94
53 54
66 96
34 96
50 34
16 34
116 75
110 22
92 27
122 69
29 88
23 12
58 16
74 101
120 72
5 44
48 88
71 23
53 52
4 65
10 92
108 117
35 51
48 98
72 18
41 44
8 62
7 66
14 51
33 66
6 103
69 47
122 27
45 117
70 16
23 53
118 105
26 49
15 34
108 116
122 77
28 90
110 52
20 32
36 73
104 107
46 68
36 60
106 44
117 91
19 123
72 93
107 12
15 102
12 11
109 115
43 46
85 7
104 28
51 52
124 115
66 30
119 122
57 84
100 38
102 34
48 60
27 75
23 17
118 9
98 86
104 26
40 25
24 98
95 114
5 49
116 73
0 18
87 64
51 92
91 52
100 46
4 127
116 83
100 122
121 82
32 89
23 100
51 24
19 55
93 8
29 12
63 51
99 3
5 55
58 9
43 22
24 10
115 91
63 68
74 60
19 33
109 83
13 23
2 109
79 77
25 90
73 118
57 12
22 12
34 117
101 36
32 109
42 92
81 21
31 116
66 25
89 33
81 42
102 96
80 42
56 41
116 94
43 10
58 59
6 84
49 87
83 63
58 76
40 37
48 49
52 64
34 7
96 99
109 41
118 72
91 27
86 81
56 114
13 81
33 0
14 82
0 69
100 95
88 3
57 19
82 33
56 96
123 76
104 25
119 60
127 89
59 17
86 75
37 8
76 103
89 101
117 98
35 123
75 67
120 1
108 77
88 63
121 123
24 46
92 74
30 71
45 79
35 40
17 20
32 82
47 68
37 31
120 3
19 43
117 33
112 109
117 26
4 113
59 30
95 111
1 96
66 60
40 102
7 108
96 63
53 78
49 15
117 20
116 98
116 67
22 33
18 62
37 87
103 21
89 106
1 0
114 98
122 99
2 73
2 85
75 124
11 72
107 76
112 86
28 101
48 33
36 74
54 4
85 56
82 74
9 5
70 29
73 67
7 40
43 83
87 127
36 39
36 109
120 88
46 107
96 17
61 2
23 32
95 36
29 81
17 79
33 80
101 121
113 0
26 24
14 80
59 34
70 59
123 8
114 58
31 70
87 18
75 17
30 16
10 29
84 59
58 45
34 50
94 61
1 9
102 24
126 98
122 75
127 56
123 48
127 33
15 46
43 126
15 108
86 36
21 29
87 126
64 75
84 83
47 74
71 94
92 28
92 69
45 16
89 52
41 9
100 96
109 60
9 97
94 2
121 2
48 17
20 76
19 54
109 31
9 82
56 75
2 1
63 23
22 50
40 105
109 14
72 19
30 104
77 81
75 23
23 48
47 79
50 51
103 29
105 50
114 29
19 41
33 125
19 121
127 53
78 78
83 99
40 35
28 77
115 4
91 28
49 88
99 24
110 75
12 16
63 66
2 99
126 24
44 54
17 62
61 49
89 25
41 64
20 84
36 93
37 64
111 66
93 122
33 108
21 60
55 72
11 112
23 45
40 94
32 18
115 104
37 98
23 13
108 95
118 25
8 44
52 19
70 65
10 25
88 26
13 51
29 63
110 66
25 33
32 56
74 84
109 70
24 13
114 6
45 82
107 93
41 8
11 57
49 112
115 41
2 114
61 52
14 79
127 12
117 25
127 58
123 55
74 80
18 120
106 7
119 89
75 34
4 36
54 83
17 54
51 115
27 7
7 105
116 58
83 2
17 90
19 44
53 39
101 40
94 8
6 98
41 24
73 81
18 49
46 41
86 110
15 118
22 38
114 102
112 15
107 63
35 108
53 50
80 124
82 42
119 22
45 107
63 97
127 14
50 49
58 12
98 75
67 115
123 98
67 99
1 26
59 3
109 37
78 70
27 76
35 55
15 126
16 61
78 7
0 89
50 27
85 44
80 108
12 98
107 54
119 118
96 75
114 3
36 105
32 2
127 88
39 59
97 85
55 120
123 118
83 33
32 29
97 33
28 82
125 82
123 107
9 64
103 77
94 121
108 38
38 63
87 33
74 114
103 79
117 75
95 83
12 112
74 96
83 34
47 105
50 48
14 32
110 76
70 48
57 20
51 71
33 32
47 35
77 2
89 41
105 12
12 47
51 27
73 85
54 43
102 9
24 62
45 122
9 61
11 71
15 67
93 29
108 118
27 13
65 65
21 26
9 12
51 54
95 55
51 101
92 40
95 24
16 45
16 89
12 58
40 71
84 56
20 68
16 118
13 17
23 47
53 13
98 5
10 49
117 65
91 116
18 50
67 52
75 107
38 30
78 117
33 68
79 120
116 39
54 97
25 85
109 67
89 99
54 95
73 21
7 121
37 36
5 87
31 104
23 11
103 123
90 121
53 36
51 50
44 1
88 29
78 118
90 25
19 88
30 95
43 82
17 42
77 126
110 114
59 115
105 93
21 30
126 70
125 81
21 23
39 55
101 37
100 94
58 126
11 38
78 77
7 4
14 12
119 53
27 96
34 36
86 115
105 18
1 94
42 16
63 110
90 10
52 9
42 116
124 14
121 76
38 73
47 81
