95 67
90 21
42 55
4 100
121 98
44 106
102 92
73 84
49 10
69 1
54 70
53 81
12 72
87 38
21 11
127 57
25 32
120 123
63 93
105 42
10 10
23 35
69 71
76 25
68 9
43 54
123 4
8 99
121 0
70 112
74 10
96 57
117 122
11 105
94 38
77 103
35 103
126 89
37 66
108 113
13 21
100 2
19 59
13 1
24 30
47 124
106 20
71 62
116 60
2 25
107 36
0 19
98 9
78 113
50 35
53 52
36 120
62 85
122 88
32 42
23 112
31 20
71 70
101 2
36 44
72 43
17 109
110 69
120 127
117 17
46 80
113 30
80 120
34 32
41 25
126 108
28 5
118 82
101 37
110 106
121 87
83 118
92 58
39 23
17 45
49 87
101 12
80 6
13 66
96 10
68 97
8 109
108 64
71 42
53 8
85 10
98 55
34 67
2 12
114 105
105 44
89 97
58 117
105 13
15 41
97 37
46 112
120 67
74 101
83 96
62 0
19 35
5 43
41 44
20 91
88 19
9 18
68 107
46 123
10 106
10 55
24 31
89 72
43 46
104 69
2 103
62 8
9 62
69 86
42 67
68 98
2 90
99 96
94 9
58 3
25 18
127 44
73 66
121 109
61 39
19 58
102 29
88 76
21 15
96 86
4 101
66 75
31 88
121 57
15 80
117 72
32 106
107 91
64 47
88 126
25 0
59 23
52 65
101 113
38 24
54 89
4 111
37 45
79 77
23 15
120 17
108 58
60 98
44 0
27 120
80 77
60 122
31 54
82 86
123 119
63 46
60 96
26 50
37 70
67 109
4 41
72 86
120 36
34 97
108 117
119 46
59 4
101 6
65 41
121 118
54 18
31 52
118 50
107 52
127 71
107 21
8 44
82 123
89 20
116 58
22 77
48 87
34 6
22 58
17 78
53 118
50 1
14 13
16 3
15 17
117 54
118 20
91 63
113 123
79 59
28 61
70 25
90 37
63 2
108 35
22 24
47 97
56 54
96 13
30 69
68 70
59 121
83 25
60 68
114 44
96 101
49 70
25 16
60 38
60 100
18 93
82 99
97 10
108 37
116 91
3 115
73 101
41 62
125 92
113 98
72 25
66 90
108 12
63 47
126 41
88 16
119 117
119 19
30 108
53 103
75 27
116 125
101 27
24 55
47 83
7 44
93 55
53 57
62 100
18 92
126 18
77 31
80 22
31 18
126 90
122 39
103 23
20 44
83 61
40 96
0 6
18 122
41 42
93 86
23 109
60 111
44 52
71 58
98 44
63 102
33 124
62 48
46 118
122 8
19 24
87 118
25 96
127 122
90 8
44 15
127 116
85 34
2 69
100 73
24 38
7 90
119 38
63 59
117 110
55 89
103 118
3 40
126 58
50 53
84 60
1 71
2 26
27 121
51 9
25 76
50 98
127 50
91 89
108 87
51 45
118 37
90 122
29 60
102 3
66 76
118 76
9 9
117 104
119 14
19 68
119 36
103 22
125 76
20 63
58 72
10 12
126 123
117 38
69 7
85 53
46 30
127 14
50 113
95 58
94 24
39 121
51 25
120 88
42 82
74 99
111 61
23 88
0 52
121 90
4 40
116 94
44 114
111 24
76 68
1 110
39 24
97 34
71 53
26 99
120 69
117 59
111 77
126 10
8 17
24 87
41 106
16 35
65 101
41 23
62 52
42 95
98 86
51 65
40 16
78 99
22 7
35 126
69 0
8 4
73 115
117 102
126 21
89 35
17 16
43 105
79 33
78 104
15 32
125 35
8 36
87 92
42 61
42 9
71 18
52 30
20 22
58 85
63 92
33 8
68 120
51 116
21 34
114 8
77 47
95 48
80 60
100 111
78 13
23 40
1 116
23 16
39 17
71 22
26 97
60 76
47 106
101 93
80 67
9 30
56 115
104 127
24 77
71 52
95 126
120 51
36 95
70 116
44 55
8 122
97 82
83 4
38 38
25 40
43 68
58 18
92 10
109 92
120 109
81 121
115 53
88 34
108 0
59 79
113 43
87 44
99 34
1 117
93 116
35 59
64 26
108 70
114 21
93 87
33 114
17 33
73 119
25 39
104 77
15 107
22 127
34 124
67 0
108 34
125 72
4 18
77 116
115 2
73 60
103 63
40 122
127 28
76 99
17 102
26 60
34 66
121 39
52 7
61 41
91 53
93 37
8 29
19 115
112 122
118 71
112 47
30 93
50 115
34 125
36 105
14 4
3 1
94 119
41 61
51 56
115 102
120 21
99 95
21 74
79 119
52 121
54 39
86 58
96 114
14 82
22 23
107 76
95 59
72 34
71 90
56 58
18 82
16 42
70 60
90 110
102 11
27 20
31 36
54 77
98 85
72 87
23 76
104 41
60 50
100 26
83 110
26 87
5 63
110 43
65 54
119 51
126 97
59 68
49 68
43 30
27 24
9 31
51 26
1 13
76 23
23 13
96 25
89 38
106 42
90 94
21 73
112 126
71 6
74 16
3 25
112 13
127 36
99 40
109 79
20 111
50 40
53 77
89 106
39 95
85 57
69 108
106 75
76 81
41 34
83 17
82 36
90 72
77 115
52 50
122 73
84 44
103 108
121 47
95 115
94 29
95 9
74 64
86 14
39 85
93 31
67 9
59 75
127 20
66 52
115 55
41 55
45 1
46 90
45 71
109 35
23 69
96 55
39 8
91 45
118 90
49 99
12 11
88 107
62 94
31 109
123 88
81 47
63 84
14 103
95 76
109 105
116 122
76 80
17 126
29 93
107 101
98 119
46 108
75 88
2 113
10 73
45 26
124 0
93 26
110 112
6 7
16 4
127 27
56 93
39 79
19 75
126 13
81 91
79 126
31 84
79 40
15 3
91 107
127 18
48 10
53 64
107 9
20 90
34 127
105 104
34 108
4 56
98 46
66 21
106 18
92 37
116 38
119 78
95 87
123 32
68 69
79 37
47 96
126 14
101 38
39 92
22 89
29 22
18 101
106 58
49 51
9 87
8 54
114 18
30 83
22 22
60 117
113 82
125 1
89 53
116 54
15 40
122 2
85 14
68 10
21 90
97 55
107 19
20 116
36 11
119 3
117 18
60 91
103 26
82 122
31 1
68 64
41 38
8 120
79 125
54 104
58 97
53 18
99 117
119 123
17 54
97 45
29 123
92 87
91 116
19 117
0 2
22 109
37 95
54 76
116 14
74 109
61 103
108 28
78 44
16 106
25 118
48 82
117 94
81 124
91 127
27 14
47 72
2 116
5 96
90 44
17 24
12 48
38 94
79 111
118 127
94 123
76 89
105 27
118 97
25 56
24 96
21 78
32 95
54 82
21 32
15 13
73 8
14 20
60 97
75 22
112 76
111 29
48 28
60 105
95 61
66 62
99 76
60 39
18 103
39 69
89 100
20 35
72 92
5 95
4 60
93 25
28 95
72 21
111 122
120 90
52 106
3 112
59 110
107 94
13 3
62 111
119 110
108 102
89 69
59 97
26 61
55 19
5 114
122 119
80 39
110 67
6 108
110 35
88 53
77 111
29 87
101 84
87 126
61 33
126 45
94 58
28 20
54 116
44 57
31 29
27 97
121 125
40 75
19 98
90 98
71 64
16 108
55 114
69 119
66 13
7 121
126 57
62 47
92 115
118 125
0 37
12 37
87 76
119 60
16 104
32 68
107 57
106 41
41 112
112 96
87 33
80 38
15 93
76 125
92 19
99 89
20 21
90 99
109 78
62 86
26 119
11 122
69 83
75 56
62 38
8 96
27 73
87 15
39 2
86 35
107 55
31 58
7 24
70 27
12 74
17 75
66 100
12 91
26 34
124 98
17 63
53 29
39 0
28 90
42 107
34 115
75 43
60 65
55 116
61 51
64 48
46 5
43 62
98 62
3 111
94 5
104 87
107 78
15 120
99 91
71 32
78 119
4 123
124 120
29 69
91 118
28 23
126 35
120 71
125 123
40 9
104 54
18 43
15 103
1 118
11 124
95 113
106 43
19 94
42 41
56 42
39 18
44 92
117 14
25 99
11 73
127 46
78 125
20 25
54 69
76 74
66 53
70 26
95 56
106 12
4 42
2 104
77 12
27 60
99 36
85 54
104 107
11 53
50 94
16 11
14 69
70 6
44 88
8 97
37 108
111 0
8 22
50 72
29 95
44 81
109 47
104 103
30 94
109 54
24 121
81 75
99 110
75 77
102 35
57 59
117 48
1 103
33 56
67 113
34 117
71 33
39 45
28 112
70 113
20 59
113 48
51 118
72 32
109 58
2 82
52 18
97 16
40 44
1 51
18 0
119 8
63 60
74 9
107 59
91 55
93 102
11 54
127 80
121 72
68 18
50 105
99 50
106 105
3 63
91 120
24 11
122 57
92 88
90 109
83 54
57 86
36 106
33 54
37 107
38 16
100 12
53 4
40 38
37 113
110 4
89 77
117 103
121 50
20 89
104 123
18 51
92 54
78 116
46 88
112 88
90 38
117 61
38 120
26 41
14 70
15 15
61 66
77 6
18 74
52 54
84 15
30 21
19 97
87 110
49 0
18 41
58 68
113 81
57 115
100 29
118 59
88 46
96 76
111 34
85 52
91 1
78 110
80 43
34 33
120 97
59 14
126 92
58 14
98 36
80 76
42 23
121 48
119 71
9 96
47 23
35 85
74 108
122 117
96 16
120 3
30 37
54 42
48 117
49 105
121 24
112 70
30 53
59 71
38 22
65 21
120 7
47 31
57 96
7 70
117 111
101 74
125 73
61 36
1 5
33 22
56 106
8 28
23 126
120 22
3 26
9 10
3 102
76 75
101 36
67 107
59 116
111 68
33 46
78 62
78 49
58 84
63 23
82 61
9 35
6 80
96 125
20 78
125 22
53 105
121 124
116 93
72 59
103 88
28 25
78 37
99 48
100 33
91 94
99 42
19 95
9 55
28 122
78 5
5 124
68 27
123 3
28 16
6 2
20 96
44 16
21 82
114 58
67 127
26 18
72 7
46 72
98 49
21 67
61 53
111 70
96 60
95 29
59 69
118 74
17 46
96 103
82 92
51 101
73 6
82 56
117 112
46 75
41 56
38 95
67 108
115 28
88 77
33 96
67 91
51 31
44 49
43 87
122 49
18 45
14 125
118 111
125 127
117 125
124 10
103 76
52 78
62 40
89 105
82 124
78 32
120 64
88 87
49 63
37 7
27 111
95 124
25 33
84 35
69 84
60 106
42 54
68 8
92 0
65 123
72 8
7 4
18 78
26 22
94 91
72 120
49 111
14 12
84 53
92 2
54 37
28 118
27 49
68 47
80 83
62 9
118 84
72 67
83 9
6 58
103 34
71 26
94 67
5 115
11 9
117 13
87 107
26 45
64 91
97 102
96 45
38 21
83 35
103 15
108 101
41 15
32 69
118 122
21 6
28 59
79 44
84 16
36 31
86 43
61 101
126 93
22 66
7 55
105 21
81 67
24 41
64 53
77 74
10 74
1 61
52 117
118 47
4 19
71 120
127 109
27 119
52 105
91 20
127 94
53 110
108 93
16 16
121 35
91 93
114 59
77 49
96 74
18 39
80 121
34 79
108 94
61 121
15 106
115 106
64 52
70 23
49 33
32 55
48 24
26 74
106 8
112 30
18 90
73 105
48 106
70 52
90 20
67 21
94 77
85 2
124 122
53 38
114 81
52 14
35 50
102 59
69 28
17 39
126 81
118 69
65 55
125 119
79 61
115 81
79 75
88 127
1 91
47 25
32 81
54 30
24 85
46 25
114 4
94 49
65 26
7 58
125 82
90 71
5 42
101 28
42 88
79 78
124 4
76 18
67 61
52 81
44 53
17 103
79 121
16 83
13 71
109 110
122 105
125 112
1 69
72 61
95 104
83 55
73 15
62 37
106 100
119 83
95 123
16 13
46 70
61 110
58 118
88 35
109 91
18 68
36 32
69 11
73 44
24 35
50 71
98 43
120 18
59 10
119 22
102 119
126 74
74 28
67 63
115 98
39 36
69 29
62 110
103 60
99 88
81 6
60 75
36 87
73 27
99 47
63 1
113 60
49 116
68 85
72 73
84 25
21 29
89 108
35 11
98 90
39 39
10 78
94 86
16 14
94 68
73 28
6 45
97 61
0 109
37 97
41 117
110 55
59 22
70 59
51 115
22 114
61 65
55 82
61 18
31 3
40 93
93 120
17 1
40 86
91 47
85 17
110 111
67 76
4 74
68 127
5 36
96 62
101 120
33 82
40 112
83 86
70 68
38 36
47 29
33 1
110 30
6 1
3 110
95 77
38 86
119 126
104 9
74 123
1 24
51 94
110 3
62 102
30 88
117 49
102 61
89 17
48 5
1 47
121 23
82 85
84 3
114 123
60 42
108 46
107 79
92 106
31 82
38 92
58 94
72 26
51 63
112 89
120 39
107 40
26 96
74 23
112 80
109 59
120 50
15 65
54 105
102 63
49 36
123 58
90 26
50 9
24 75
27 112
5 1
70 63
17 105
20 43
125 94
53 55
66 96
35 96
50 33
18 34
118 75
108 22
92 27
123 69
28 88
22 13
57 16
75 100
122 72
6 44
47 89
71 24
53 53
4 64
11 90
107 116
35 51
48 98
72 19
40 43
8 61
5 65
13 52
33 66
4 105
68 46
120 26
45 119
70 17
24 54
116 103
28 50
17 34
107 115
123 76
28 89
109 51
20 33
36 71
105 106
47 69
36 60
106 44
119 91
19 123
72 93
107 11
16 103
13 11
108 114
42 45
85 5
104 28
51 53
123 114
67 28
119 122
57 84
99 39
101 35
46 60
26 75
24 17
121 8
98 87
104 26
39 25
25 98
95 114
5 47
118 73
127 17
84 62
52 92
90 52
100 46
4 0
117 83
100 122
120 82
31 89
22 99
50 24
18 56
93 8
27 15
63 51
99 3
4 55
58 9
42 22
23 11
117 91
60 70
73 61
19 34
109 83
13 22
2 109
78 76
25 90
72 119
59 13
21 13
33 116
100 37
32 108
43 91
81 22
31 116
66 25
89 34
81 42
101 97
80 42
57 41
115 94
43 10
58 59
6 82
48 88
82 62
59 77
40 37
48 50
52 64
34 7
95 100
109 40
120 72
91 27
86 82
54 115
15 81
33 0
16 82
0 70
100 95
88 5
57 19
83 33
57 95
124 75
104 25
118 60
127 91
58 17
87 75
38 7
76 103
89 101
117 98
35 123
74 65
120 0
108 78
85 61
121 123
26 47
93 73
30 71
45 79
36 40
18 21
32 82
48 69
35 34
120 2
19 42
117 33
115 108
118 24
4 113
59 30
95 112
0 95
66 60
42 101
7 108
96 63
53 79
50 14
117 19
116 98
118 70
22 34
17 64
37 87
104 21
90 106
1 1
114 98
121 100
3 73
2 86
75 124
13 70
107 77
111 87
27 99
48 32
36 72
54 4
85 58
81 74
9 5
71 27
72 65
6 41
43 83
86 127
37 39
36 108
121 88
46 107
97 17
62 1
23 33
96 38
31 81
19 79
33 80
101 121
112 127
25 23
16 80
59 34
70 61
125 9
113 58
31 70
89 18
75 17
27 17
10 29
84 59
59 44
34 50
94 61
1 7
103 24
126 98
123 74
127 56
123 49
127 35
16 45
43 127
16 109
87 36
21 30
86 126
65 75
83 84
47 74
71 94
92 28
90 70
44 17
88 52
41 9
100 96
110 60
9 98
92 1
121 1
49 17
20 75
18 55
109 31
7 82
55 75
2 2
63 24
22 52
41 105
109 13
72 20
31 103
77 81
75 24
25 49
47 79
50 52
103 29
106 51
114 29
19 40
33 125
19 121
127 53
77 77
83 98
40 35
27 77
115 4
91 28
48 89
100 25
110 76
13 16
61 68
3 100
126 23
44 54
16 64
61 49
89 25
40 63
21 85
37 93
37 65
110 66
93 122
33 107
21 60
54 71
11 114
25 46
41 94
30 19
115 104
36 96
22 14
109 93
119 23
9 44
54 19
69 64
10 25
88 26
12 52
29 61
109 66
25 34
33 57
74 84
109 70
23 14
113 7
45 82
108 91
41 8
10 58
49 112
116 40
2 114
61 52
16 79
127 11
118 23
127 58
122 56
75 80
18 120
105 9
120 89
73 34
4 36
55 83
16 55
50 114
28 8
7 107
115 58
84 4
17 91
19 43
54 38
100 41
94 8
5 97
40 24
74 81
17 51
46 41
88 109
18 118
19 38
114 102
114 14
108 63
35 107
53 51
80 124
82 42
119 21
45 107
62 99
0 13
50 50
60 13
99 74
67 115
122 99
67 99
0 24
59 2
109 38
77 69
26 76
36 58
15 126
15 63
79 6
0 91
49 27
85 44
80 108
12 98
108 56
120 118
96 75
114 3
36 104
32 2
127 90
40 57
97 86
54 119
124 118
84 33
32 28
98 35
30 82
126 83
122 106
9 63
103 75
94 121
108 39
38 64
87 34
74 115
103 77
119 75
96 83
12 114
72 96
84 34
47 105
50 49
16 32
110 77
69 47
57 20
49 71
33 33
48 34
77 1
88 39
105 11
12 47
50 27
73 85
55 43
102 10
25 61
45 124
9 60
13 69
14 66
93 29
107 117
25 12
64 67
21 25
11 11
51 55
94 55
49 103
91 38
95 24
17 44
16 90
11 59
39 70
84 58
20 68
19 118
14 17
25 48
53 13
98 5
11 48
119 68
92 117
17 52
67 52
74 107
36 33
78 117
33 68
79 120
117 39
52 102
25 86
108 67
89 99
52 100
73 22
8 121
37 36
5 86
32 103
22 12
103 123
91 121
53 36
51 51
44 2
87 31
78 118
90 25
19 89
31 95
43 82
17 41
77 126
109 113
57 116
106 91
21 31
126 71
126 82
21 22
40 54
100 38
100 94
58 125
11 37
77 76
9 4
15 12
119 53
28 96
32 36
87 117
105 17
0 93
41 16
63 110
91 9
51 8
42 116
125 13
122 75
38 71
47 81
