97 69
89 24
38 51
2 101
120 98
45 105
100 91
75 87
51 10
69 4
57 71
49 84
12 74
87 38
26 11
0 58
29 33
118 127
59 91
101 44
9 11
27 36
70 65
76 28
65 12
39 50
123 9
14 99
121 5
68 111
71 13
95 55
115 126
10 104
94 38
80 101
36 104
0 88
36 69
111 111
13 20
103 3
17 56
12 0
28 31
48 123
105 21
71 59
115 61
3 26
103 38
2 20
96 10
80 115
45 32
52 56
41 119
63 85
123 86
33 42
25 111
33 21
71 64
104 3
34 40
73 44
19 110
110 67
120 4
115 20
45 81
113 30
83 121
35 32
40 21
0 111
31 5
120 83
100 38
107 105
122 85
82 119
92 59
38 19
19 44
47 86
98 11
76 2
11 65
94 11
68 97
9 107
108 63
72 43
55 8
88 8
97 53
32 63
4 15
114 101
101 46
86 98
59 120
100 13
17 40
96 38
45 113
117 70
72 103
84 96
65 3
23 36
4 42
38 41
21 93
87 22
8 20
66 110
47 122
9 105
11 53
28 32
86 72
40 43
104 68
0 104
61 6
10 63
67 87
42 74
68 98
4 89
97 95
92 10
56 2
30 18
125 44
73 63
119 109
59 39
17 55
101 30
86 76
26 15
95 86
2 102
64 74
34 88
118 59
9 81
114 75
33 107
107 90
59 47
88 125
26 126
61 21
51 67
98 109
37 20
54 86
6 114
35 41
77 75
28 15
118 20
108 59
58 97
43 1
29 119
78 75
61 123
30 53
82 91
0 119
58 46
58 95
26 51
34 71
65 112
3 40
74 89
121 35
35 95
111 115
120 44
57 3
98 8
66 41
126 118
52 18
30 51
119 48
108 49
127 70
106 22
7 43
85 124
88 23
115 59
16 78
46 86
33 8
20 56
11 79
54 120
52 127
13 14
17 5
14 18
116 57
116 23
91 65
113 127
80 57
26 62
70 28
90 37
66 5
104 37
23 23
50 98
55 52
97 13
28 65
69 64
60 122
84 29
60 69
114 43
95 99
48 75
30 16
58 38
62 101
19 95
83 98
95 11
104 39
117 89
5 118
71 103
40 59
127 91
113 97
72 28
61 89
103 12
58 47
1 40
87 19
124 117
117 22
31 109
54 104
75 30
116 2
100 28
23 56
46 84
6 43
92 53
52 60
64 101
19 94
0 19
80 31
78 25
33 19
0 89
123 38
102 24
22 43
83 58
41 94
125 9
19 120
38 39
92 86
22 110
59 112
40 48
71 55
97 45
65 103
34 0
57 48
46 118
120 10
20 23
83 120
26 94
127 121
89 8
44 13
1 116
85 35
2 68
99 74
25 37
8 91
120 37
61 58
115 110
55 86
102 119
2 39
127 59
49 57
84 57
1 70
3 27
29 120
53 9
19 77
53 99
0 52
90 89
108 89
54 43
119 36
91 121
27 61
105 4
64 75
115 79
8 10
117 100
118 16
20 72
120 35
102 23
122 79
21 64
58 73
9 13
126 122
118 37
66 10
86 51
42 27
1 17
51 115
94 56
93 24
43 119
47 22
121 86
41 82
72 101
111 62
24 90
1 53
122 88
3 39
114 95
44 114
108 23
75 70
3 113
38 20
96 35
72 54
27 97
117 72
116 60
112 76
0 14
7 19
25 89
43 106
20 36
65 101
40 19
57 52
43 93
97 86
50 67
42 15
78 100
23 8
36 2
69 3
3 6
67 119
117 98
0 22
89 36
16 17
44 104
82 33
81 102
19 33
126 36
8 37
86 97
41 58
41 9
71 21
47 28
21 21
59 88
59 90
32 10
64 121
52 118
25 35
113 10
80 46
91 49
81 58
98 108
82 11
24 39
3 119
28 16
41 16
71 25
27 95
59 77
48 105
99 92
78 67
8 34
57 118
105 2
18 78
72 53
97 124
121 49
37 93
66 120
40 51
10 121
97 80
84 5
36 37
26 39
43 75
61 17
91 10
109 91
118 109
84 122
114 56
88 35
108 2
59 79
113 42
88 41
98 35
3 120
95 116
35 55
64 31
108 68
114 22
92 87
31 115
21 34
70 120
26 38
102 78
17 108
24 126
35 0
67 3
104 36
125 71
4 17
80 117
116 3
73 57
104 62
44 120
126 31
74 101
19 103
24 61
32 62
122 38
54 7
59 41
90 51
93 37
7 33
19 113
112 126
115 74
106 45
31 91
51 117
35 1
37 106
15 6
126 4
96 117
40 58
50 60
115 98
118 24
97 94
17 76
82 120
52 121
53 40
86 55
96 113
8 83
23 22
108 75
94 57
71 35
74 91
58 58
11 83
18 41
70 57
95 110
99 10
30 19
31 37
49 81
97 85
74 90
17 77
100 43
55 50
99 27
80 112
27 89
3 66
105 43
60 54
120 49
0 99
59 69
48 73
42 29
29 25
8 35
47 23
3 16
76 26
28 13
95 25
89 38
102 44
88 98
17 75
111 127
68 9
75 14
4 26
110 14
0 37
98 41
110 78
21 113
51 40
48 81
94 106
40 93
85 54
67 111
107 74
74 77
39 33
82 20
82 37
87 72
80 116
51 54
119 76
85 41
102 108
122 45
95 114
93 29
93 10
74 61
85 17
39 86
91 30
64 12
58 76
1 21
61 52
114 58
37 51
44 2
44 89
44 76
105 37
22 72
95 53
38 8
89 46
119 88
52 100
11 12
93 107
58 92
32 110
124 86
81 45
64 84
16 104
93 75
106 104
114 126
74 76
15 125
30 91
110 98
97 117
47 107
78 89
4 116
10 75
41 25
121 4
92 26
113 110
3 8
17 6
126 30
54 93
42 77
15 77
0 16
80 91
82 127
32 86
81 40
16 5
96 107
1 19
50 10
52 66
105 10
21 92
35 3
104 104
35 109
7 53
97 47
69 24
105 19
92 37
117 37
116 80
94 87
125 35
69 63
81 37
50 97
0 17
100 39
40 90
23 91
31 23
20 102
106 59
48 55
9 85
9 52
114 19
31 85
23 21
61 120
115 82
122 5
88 51
115 57
17 39
122 7
84 17
65 13
22 92
96 53
106 20
20 114
35 11
119 8
115 21
57 92
102 27
85 123
32 5
68 61
39 37
10 119
82 126
55 105
56 96
51 18
98 116
117 127
17 52
96 46
31 122
91 87
93 116
19 115
123 5
21 110
38 93
49 80
116 16
69 111
63 104
110 28
80 44
18 107
27 117
47 83
115 95
84 125
92 127
32 14
46 77
4 119
10 98
88 45
19 24
15 49
39 92
82 114
118 4
96 121
79 90
104 28
118 96
24 57
25 94
15 79
33 93
50 85
25 33
14 14
70 11
14 19
58 96
75 25
113 75
111 29
44 25
62 105
94 59
66 59
97 76
58 39
20 104
36 70
86 101
24 36
70 94
10 97
2 59
92 25
29 93
72 24
111 126
121 88
53 107
5 115
58 111
107 93
14 5
61 112
117 110
111 99
86 69
57 96
24 62
53 19
7 117
127 119
82 39
110 65
7 106
106 37
87 51
80 114
32 87
98 84
87 125
59 34
124 45
93 56
31 19
55 119
40 56
30 28
28 95
119 1
37 73
20 100
87 99
71 61
18 109
56 117
65 120
64 14
9 120
127 58
57 47
94 115
118 2
1 38
19 37
85 76
118 61
18 105
30 64
107 58
102 43
43 113
112 96
87 34
82 38
17 94
79 126
91 22
98 89
21 20
87 100
110 77
63 86
28 118
12 119
67 84
79 57
60 38
14 96
21 74
86 18
39 1
86 36
107 56
28 60
10 21
70 30
12 76
13 77
66 100
16 95
30 35
123 99
15 62
48 27
38 0
31 90
44 107
32 116
75 45
60 67
56 119
56 51
59 48
45 3
42 59
97 60
5 114
91 8
103 88
108 77
13 120
98 91
70 33
81 120
8 121
1 120
27 65
93 118
30 24
127 36
117 74
125 122
39 9
102 49
20 42
17 104
3 121
12 120
95 112
102 45
20 96
39 38
56 41
41 17
44 92
117 16
26 97
11 75
125 46
81 126
21 24
57 70
74 72
61 53
70 29
94 54
101 12
3 41
0 105
81 10
25 61
98 37
86 52
103 107
12 51
52 93
15 12
14 71
67 9
43 88
14 97
38 109
110 1
5 24
49 77
30 93
43 81
105 45
103 103
31 92
110 57
21 120
79 73
97 107
73 74
101 36
59 59
118 46
127 104
32 55
67 115
32 118
70 34
36 42
31 113
68 112
18 56
107 46
52 120
71 33
109 59
0 82
50 18
97 17
37 41
2 52
18 3
117 10
61 59
71 12
107 60
90 53
91 101
12 52
127 83
118 75
69 14
51 104
98 51
105 105
1 66
92 119
29 11
119 59
91 88
95 109
84 52
58 89
37 107
32 53
38 108
40 15
97 11
53 4
38 37
39 114
108 4
87 77
117 99
122 48
21 91
108 125
17 50
91 52
81 117
44 87
113 87
90 38
116 62
42 118
27 40
14 72
14 16
61 68
73 2
14 76
51 58
83 18
32 22
20 99
92 110
51 126
20 40
58 69
115 81
58 118
99 30
117 60
87 42
94 75
107 36
86 50
92 1
81 113
82 43
35 33
119 97
61 14
0 91
60 14
97 37
78 74
41 19
122 46
116 74
15 96
43 22
35 87
69 110
127 117
96 17
120 8
30 38
54 41
49 119
50 104
119 27
112 68
29 52
59 72
37 18
68 24
118 9
43 28
55 95
7 70
115 111
100 75
125 72
59 36
126 8
36 20
56 107
7 32
25 125
118 25
4 27
8 11
1 103
74 73
100 37
65 110
60 119
111 66
34 46
79 60
80 47
59 87
62 22
82 58
9 36
6 77
98 123
14 79
127 23
54 106
119 0
114 94
72 56
102 89
30 26
80 37
98 49
99 34
89 98
98 43
20 97
10 53
30 121
74 1
9 122
68 30
123 8
33 16
1 5
21 98
44 14
19 79
113 59
67 2
31 18
69 10
45 77
97 50
22 71
56 53
111 68
95 58
94 29
59 70
115 77
19 45
95 101
81 92
52 102
70 9
83 54
115 112
45 79
37 52
39 93
65 111
115 28
86 77
34 94
62 90
46 29
41 51
42 87
123 47
20 44
13 123
116 111
122 3
117 2
126 14
101 77
47 82
60 40
94 105
85 125
81 32
120 67
85 85
49 65
36 7
30 112
97 122
29 34
84 36
67 85
62 106
38 50
65 11
93 0
63 127
69 11
2 6
12 79
29 23
94 93
69 121
50 113
13 13
85 51
93 2
53 38
30 117
27 50
72 46
77 84
61 7
120 85
72 64
87 7
8 54
102 35
71 29
96 69
7 118
10 10
117 15
92 107
26 46
60 89
96 100
95 46
37 17
83 36
99 14
111 98
43 14
30 65
116 126
22 7
26 60
81 44
83 19
37 31
87 40
63 102
0 92
23 70
8 53
104 22
79 67
25 40
59 53
75 72
10 76
1 59
53 119
119 45
4 18
68 121
1 112
29 118
53 106
90 23
1 93
51 112
108 92
15 17
122 34
89 97
113 60
79 47
94 73
20 38
83 122
35 81
108 93
62 122
17 107
115 102
59 52
70 26
45 30
31 54
44 23
20 75
104 9
112 30
19 92
69 108
49 105
71 53
89 23
70 24
92 76
86 3
124 121
52 39
116 81
55 11
33 51
102 59
69 31
19 38
126 84
115 72
60 55
2 119
80 59
117 81
77 73
88 126
3 90
43 24
33 83
49 28
25 87
42 24
115 5
90 50
65 31
9 54
125 85
87 71
4 41
100 29
41 88
77 76
124 9
77 16
67 58
48 84
40 49
19 104
82 122
10 84
13 73
112 108
121 102
123 110
1 68
72 58
94 102
84 53
74 13
60 37
109 97
121 84
97 121
15 14
45 75
60 111
59 121
88 36
109 90
19 72
37 32
66 14
74 45
28 36
49 76
97 44
118 21
60 8
117 25
101 120
126 73
74 31
67 60
115 97
37 35
69 32
61 111
103 60
98 88
77 2
59 76
36 88
73 30
98 48
66 4
112 61
50 118
66 86
72 74
85 29
25 30
94 108
34 11
97 90
37 38
9 77
93 86
15 15
96 70
73 31
5 44
96 59
2 112
38 95
40 115
111 58
61 20
70 56
52 117
21 114
61 67
51 85
62 18
32 7
41 91
95 118
17 4
40 87
89 47
84 20
113 109
65 75
2 72
68 2
7 35
95 60
100 121
34 84
42 113
83 91
70 63
36 35
43 26
34 5
110 30
1 4
5 113
93 76
38 87
119 3
102 10
77 124
2 25
53 93
108 3
64 103
33 88
118 47
102 61
88 20
46 3
0 48
119 26
82 90
85 4
114 127
58 42
104 44
108 78
97 106
32 84
39 90
56 93
72 29
50 65
113 88
121 38
103 42
27 94
74 26
114 80
109 60
121 48
13 64
55 106
103 62
44 33
120 60
89 26
52 9
18 76
30 113
0 4
70 60
19 106
22 42
127 93
52 59
67 97
36 94
46 30
22 35
115 78
107 23
91 27
122 68
31 88
27 13
60 15
73 102
119 75
5 43
45 88
71 27
52 57
2 67
15 94
110 114
33 52
51 99
72 22
37 40
9 62
3 68
14 50
31 62
1 104
72 45
117 28
45 119
70 20
23 55
116 99
28 51
21 35
110 113
120 79
31 89
109 50
24 34
33 72
104 106
46 74
36 56
102 46
120 89
20 121
70 95
102 11
18 104
12 12
111 112
39 42
86 6
103 29
50 57
0 116
67 31
117 126
58 87
98 40
100 36
41 57
20 76
29 17
119 10
97 87
103 27
38 21
26 96
95 113
4 47
115 76
1 18
84 59
53 92
89 50
99 47
127 3
119 84
99 123
122 83
34 89
21 101
46 21
18 54
91 9
32 15
58 51
102 4
7 52
59 7
41 18
28 11
118 89
60 71
73 58
23 35
108 87
13 21
4 112
76 74
29 91
69 120
61 13
26 13
31 117
99 38
33 109
43 91
79 25
30 115
66 30
89 35
83 42
99 96
82 42
57 40
113 95
42 10
60 59
5 78
46 87
82 59
58 78
38 36
47 54
51 66
33 9
94 98
105 42
117 75
90 27
86 82
55 118
9 82
34 4
10 83
0 69
98 94
89 7
60 18
83 34
55 94
121 78
103 26
117 61
1 90
61 16
85 75
37 7
79 101
86 102
117 97
36 127
74 62
120 5
109 77
85 58
119 127
26 48
92 74
28 67
44 80
34 39
20 21
33 84
47 74
36 34
120 7
21 41
121 33
114 109
116 27
6 116
58 30
95 111
2 94
66 57
42 99
8 106
95 61
48 83
54 10
115 22
116 97
115 73
26 35
15 63
37 88
103 22
95 106
124 4
114 97
120 100
1 71
4 88
78 125
13 72
108 76
112 86
28 97
44 29
33 73
54 4
85 55
79 72
4 7
71 30
72 62
5 40
42 83
86 126
35 38
37 109
122 86
47 106
97 18
65 4
27 34
95 39
32 83
13 80
34 82
100 122
111 0
28 24
10 81
58 35
70 58
127 13
112 59
29 66
88 21
76 15
32 17
9 33
84 56
57 46
32 51
93 59
126 10
102 25
0 100
120 77
0 57
124 47
0 36
18 44
42 0
18 110
87 37
25 31
86 125
63 74
83 89
46 78
69 96
91 28
87 70
44 15
87 50
40 9
98 95
110 61
15 98
93 1
121 6
49 19
16 77
18 53
109 31
6 78
50 79
125 5
62 23
22 52
43 105
104 13
72 23
34 106
75 77
75 27
25 50
46 80
49 56
102 30
107 48
114 29
21 39
34 1
20 119
0 54
75 75
84 97
38 34
21 78
116 5
90 28
46 88
99 26
111 75
12 17
61 69
1 101
0 24
40 50
14 63
56 49
88 25
39 60
19 84
38 91
36 68
110 64
95 120
34 108
19 57
57 72
11 118
25 47
42 92
32 20
115 100
37 94
27 14
109 92
117 26
8 43
52 19
69 61
10 26
87 26
13 50
27 62
109 64
29 35
32 56
76 87
109 68
28 14
112 9
44 82
108 90
40 8
10 59
50 114
117 39
4 117
56 52
10 80
1 15
116 26
0 59
119 58
73 76
19 118
103 10
121 87
72 35
6 35
51 86
16 53
51 116
31 9
8 105
114 59
85 5
18 93
21 42
53 39
99 42
92 9
10 99
39 20
72 77
16 50
40 38
93 109
18 116
21 37
114 98
111 14
108 62
36 108
52 55
83 125
84 42
117 24
46 106
64 100
2 16
49 54
62 13
98 75
67 116
121 99
67 99
1 25
57 1
105 40
76 71
20 77
36 54
14 124
13 62
75 2
2 90
45 24
86 41
82 107
16 99
108 57
125 118
94 74
115 4
37 105
33 6
1 89
36 53
96 86
55 121
1 118
84 34
31 27
97 36
31 84
126 86
121 103
10 64
101 76
96 119
104 41
37 67
87 35
68 119
101 78
116 78
96 81
12 118
71 96
84 35
48 104
49 53
20 33
111 76
73 46
60 19
48 76
34 33
44 31
79 0
88 39
100 11
15 48
46 24
75 88
55 42
99 9
23 62
46 123
10 61
13 71
12 65
92 29
110 115
30 12
62 69
22 24
10 12
50 59
93 53
51 103
91 38
94 24
19 43
17 92
11 60
36 71
84 55
21 72
19 116
13 18
25 49
56 10
99 4
14 49
116 71
94 117
16 51
62 52
69 109
37 33
81 118
31 64
82 121
118 38
53 103
26 88
108 65
86 100
53 101
73 25
10 120
35 35
5 88
35 106
27 12
107 125
92 120
52 37
50 55
43 3
88 28
81 119
89 25
20 91
32 93
42 82
19 40
80 127
112 111
58 119
106 90
25 32
126 70
126 85
22 21
36 50
99 39
98 93
60 123
18 37
75 74
4 6
14 13
117 57
29 94
32 37
83 119
104 18
2 92
43 15
62 111
90 9
53 8
41 114
127 16
119 78
35 72
46 82
