99 71
90 22
42 57
3 99
122 98
44 104
102 92
74 84
49 12
73 0
54 72
51 82
9 75
86 40
20 8
0 56
26 32
120 121
64 93
104 42
9 12
24 35
69 71
77 25
68 9
43 54
124 5
8 99
122 0
70 111
75 12
99 56
116 124
10 106
95 39
77 102
36 105
124 85
37 66
107 113
12 21
100 2
19 59
9 0
23 30
47 123
106 21
71 60
116 61
2 29
107 35
2 20
99 7
75 114
50 35
53 51
34 121
62 84
122 88
31 40
23 110
34 19
71 70
101 2
37 43
71 46
17 109
111 69
120 0
116 18
45 79
114 30
80 120
35 30
43 24
126 107
28 5
117 82
101 37
110 107
121 86
84 116
91 59
38 22
16 46
50 86
100 12
81 7
14 66
96 10
68 97
9 109
106 65
70 45
55 8
86 10
102 54
33 67
4 14
116 105
104 44
90 96
60 118
105 14
11 42
97 36
47 113
119 64
73 101
82 94
62 3
19 38
4 43
43 45
21 91
85 19
7 16
70 106
46 121
9 107
10 56
23 31
89 71
45 47
104 69
1 103
62 9
9 62
69 86
40 67
68 98
4 90
97 97
94 9
60 6
28 17
127 44
74 67
122 110
62 37
19 57
102 31
88 76
20 15
96 85
4 101
66 74
33 89
121 57
12 80
114 73
31 107
106 92
66 47
89 124
25 127
61 23
54 66
102 113
40 23
54 88
5 111
35 47
80 78
23 15
121 16
108 57
61 98
45 127
28 120
82 78
57 124
29 53
82 87
122 119
60 45
61 94
24 49
37 72
65 106
5 40
72 86
122 33
34 98
108 119
118 45
61 7
102 6
65 41
119 118
53 17
32 51
118 50
105 52
127 70
107 22
7 44
83 124
88 20
117 58
20 80
46 86
33 5
24 57
14 78
54 119
50 3
14 12
17 4
15 17
116 54
117 22
91 64
112 124
78 58
28 65
68 27
90 36
63 5
108 34
21 26
48 98
57 54
96 13
29 67
68 70
55 124
84 24
62 66
113 43
97 100
48 72
25 16
61 36
59 100
17 91
80 100
98 9
108 36
111 92
3 114
71 103
43 64
126 92
113 99
72 25
66 90
109 12
64 47
126 42
86 16
118 116
119 19
27 105
54 101
75 28
115 0
100 26
23 54
47 84
6 44
95 54
53 60
61 100
17 90
0 19
77 30
78 20
34 17
127 90
124 42
101 21
20 46
86 64
43 99
0 8
19 123
43 43
93 85
24 108
60 111
42 51
72 55
99 43
62 102
34 123
58 48
46 116
120 8
17 25
87 117
24 96
0 123
89 9
44 14
127 117
86 35
1 66
99 73
26 38
7 91
119 38
63 60
115 109
55 88
104 117
4 37
127 57
49 51
86 61
1 70
2 30
28 121
51 11
27 74
51 99
127 49
89 88
110 87
51 45
117 37
91 123
30 62
103 2
64 77
117 76
7 10
119 104
120 14
19 69
121 33
101 20
124 77
21 63
59 70
9 14
127 124
116 38
68 4
85 50
44 30
125 17
51 113
95 58
95 24
39 120
53 24
119 88
40 82
71 100
110 61
23 87
127 51
121 91
6 38
117 95
45 112
113 25
76 69
1 109
41 23
95 32
73 52
29 100
119 66
117 60
112 77
124 11
6 15
24 86
40 107
13 36
67 103
43 22
61 52
43 95
99 84
52 65
41 12
79 97
22 6
34 126
73 127
5 5
73 112
120 101
125 21
89 34
17 15
43 103
78 33
78 107
12 33
126 31
8 36
86 94
44 62
43 10
71 18
52 31
20 23
57 84
61 91
31 8
66 120
52 117
21 35
113 7
77 47
96 49
79 59
100 112
77 14
26 40
1 115
21 18
39 14
71 22
25 97
59 76
46 107
100 94
79 66
10 30
58 116
103 127
25 78
73 50
96 126
120 51
37 95
70 116
44 55
8 124
96 82
81 1
36 38
28 41
41 68
59 18
91 11
108 93
119 109
81 122
115 52
87 32
107 0
59 80
111 41
88 45
98 32
1 118
93 116
35 60
63 27
108 70
111 23
94 88
33 113
16 32
75 119
28 40
105 82
14 108
21 127
35 123
66 126
107 32
124 72
4 18
77 116
115 2
75 60
103 62
40 121
127 29
75 99
16 99
26 60
34 65
123 45
54 7
62 41
93 52
94 38
9 29
18 113
111 122
116 72
112 46
30 93
51 116
35 124
38 107
14 4
3 127
94 119
42 61
51 55
115 102
120 22
97 96
20 75
79 119
51 121
53 40
85 54
97 115
11 83
21 25
107 76
95 59
74 34
68 89
55 57
17 83
12 43
70 58
88 113
101 11
26 19
31 35
54 78
98 82
72 87
21 79
103 40
56 50
99 25
82 111
26 87
5 64
108 43
64 55
119 51
126 97
61 66
48 69
42 29
28 24
10 32
53 25
0 15
77 22
25 11
97 25
90 40
106 43
91 94
20 74
112 126
70 2
74 16
5 27
112 11
127 34
98 39
108 81
21 110
50 41
52 75
87 107
42 98
84 53
71 108
106 74
75 81
41 34
81 15
82 36
92 72
77 115
51 47
120 74
83 44
101 109
121 46
95 116
94 30
95 9
75 65
86 13
39 85
93 32
67 9
58 73
0 22
66 52
114 55
41 57
46 0
46 91
43 71
110 33
24 69
99 54
38 9
92 44
116 90
50 100
12 10
85 109
63 95
29 107
123 88
79 48
63 82
12 101
95 76
109 104
115 124
75 80
18 125
29 93
106 101
98 117
44 109
76 88
2 112
7 76
44 26
124 127
94 26
113 113
7 7
17 5
127 27
56 91
38 80
18 76
124 16
83 90
78 127
28 83
75 41
16 4
93 108
1 19
48 12
55 65
109 7
20 89
33 127
101 104
34 110
6 56
101 48
66 21
107 19
92 37
115 38
119 78
95 86
122 30
66 68
78 37
48 97
124 17
101 38
40 92
21 87
31 21
19 101
105 58
48 48
8 89
8 55
114 20
27 82
22 23
64 116
112 82
124 1
90 53
115 54
11 40
122 3
85 13
68 10
21 89
100 54
108 20
17 115
36 11
119 4
116 19
59 90
103 27
83 123
32 2
68 66
43 38
6 119
78 126
55 102
58 97
52 17
100 116
119 123
18 52
100 47
32 125
91 85
89 116
16 116
0 1
23 108
40 98
55 76
115 13
74 109
60 103
108 29
79 45
15 105
26 119
49 84
118 95
81 125
92 127
30 10
45 72
2 115
5 97
91 43
16 22
11 49
41 97
80 112
118 0
94 124
76 91
105 29
119 98
25 55
22 95
19 78
33 95
52 84
20 32
15 12
74 10
14 20
61 97
76 21
113 76
112 29
48 29
61 105
96 62
66 62
99 78
61 37
17 102
39 70
90 100
20 38
74 91
5 95
2 59
94 25
26 94
73 21
109 122
120 91
53 104
3 111
59 110
105 96
13 1
62 112
120 113
105 103
91 67
60 97
26 61
54 19
7 115
121 119
79 39
111 67
6 108
112 34
89 53
78 112
30 87
101 85
88 124
62 30
126 45
94 58
28 20
54 115
45 59
31 32
26 97
122 124
40 75
20 96
91 97
72 65
16 108
57 113
70 118
64 12
6 121
127 56
58 47
93 113
118 126
0 37
12 38
85 78
121 59
14 102
31 68
106 56
106 42
40 112
113 95
86 31
79 38
14 95
75 126
92 18
99 88
20 22
91 99
109 78
62 85
26 121
11 121
68 83
77 53
63 36
8 94
29 71
88 14
40 3
87 37
106 54
31 58
6 25
68 29
9 77
16 76
68 102
11 93
27 34
125 101
17 60
53 29
40 127
28 91
41 108
35 114
72 39
59 63
57 117
60 50
66 49
46 4
45 63
99 64
3 110
95 6
106 88
107 78
16 122
96 93
74 31
78 119
5 123
123 120
27 68
89 118
29 23
127 31
118 70
125 123
39 10
104 54
18 44
13 101
1 119
12 124
95 113
106 44
18 92
44 42
56 41
39 15
45 93
118 12
27 101
8 76
127 46
77 126
19 27
55 70
77 72
67 54
68 28
98 55
106 12
2 43
127 105
78 11
27 64
99 34
85 51
103 107
11 53
49 95
16 10
10 70
69 2
43 90
8 95
39 110
110 0
7 22
50 74
29 95
44 81
109 50
100 103
30 94
107 51
24 121
82 75
99 111
76 77
102 34
57 59
117 48
0 103
32 55
68 112
36 118
73 33
39 47
29 112
70 112
20 59
112 48
52 119
75 31
109 57
1 82
51 17
96 16
42 45
3 49
18 0
115 10
63 61
75 11
106 59
92 55
93 101
11 54
2 78
119 73
68 17
50 104
99 52
105 105
3 64
89 120
24 8
123 56
91 86
88 112
82 51
56 85
38 108
32 53
39 109
38 13
99 12
52 6
41 38
37 113
109 5
89 77
120 102
121 50
19 87
104 121
19 49
94 53
79 115
45 88
113 86
91 40
117 62
37 120
29 42
13 75
15 14
59 65
76 7
17 75
52 53
83 14
33 20
20 95
84 113
50 1
17 42
59 68
115 79
61 114
99 28
118 60
86 47
97 77
113 33
85 49
91 3
79 111
79 42
35 31
121 97
57 13
127 92
55 13
97 34
81 76
44 22
122 48
117 72
10 95
49 22
34 86
74 108
120 117
94 15
120 4
31 38
53 42
48 118
48 103
122 25
114 70
29 51
62 72
37 21
65 21
116 9
45 31
56 97
5 69
115 110
101 72
127 75
62 34
1 4
33 23
57 106
9 28
22 126
119 24
3 30
7 11
3 102
77 73
101 36
69 106
63 115
112 68
33 47
78 62
79 51
57 83
63 22
83 63
9 34
5 79
97 125
18 78
125 23
54 103
122 123
118 93
73 56
104 88
31 26
77 37
98 48
99 31
92 94
98 41
17 94
9 56
30 122
77 6
6 124
66 28
124 4
31 12
7 1
20 93
44 15
22 82
115 58
66 125
29 17
73 7
44 72
97 51
21 68
61 54
113 70
97 59
95 30
61 67
115 75
16 48
97 103
85 90
53 94
75 5
80 55
115 111
47 76
41 58
41 98
65 105
114 27
88 77
33 97
67 93
51 32
44 49
43 88
123 49
17 46
16 124
118 113
125 125
116 0
122 11
104 78
51 76
62 39
87 106
83 125
77 32
122 67
86 86
48 62
35 8
27 111
96 124
26 33
85 36
68 84
61 106
42 54
70 6
93 0
63 123
72 10
3 6
15 78
26 23
93 91
73 121
50 110
14 11
84 50
92 4
55 36
30 120
26 48
68 48
80 82
60 12
118 85
73 69
82 10
5 58
104 33
70 27
95 67
7 116
10 11
118 11
84 109
24 44
62 89
98 101
98 46
37 20
83 35
102 15
107 101
42 15
34 70
118 120
21 5
28 59
80 45
83 15
39 27
87 44
60 101
127 94
23 66
6 53
104 20
80 66
27 42
63 54
78 72
7 77
126 61
53 118
117 46
4 19
72 121
127 108
28 119
53 103
90 20
0 95
53 111
106 95
16 15
123 32
92 93
114 60
78 51
96 74
17 39
80 122
36 81
106 96
60 122
14 107
117 106
64 52
69 24
48 33
31 54
48 24
28 72
107 6
113 30
15 88
73 105
51 107
71 52
89 20
67 21
94 77
84 0
124 122
51 38
116 79
52 14
34 49
101 58
67 30
16 39
124 79
116 65
66 56
126 119
79 61
117 79
80 75
89 125
2 91
46 25
32 82
55 31
24 84
45 25
114 4
95 51
65 26
7 59
123 80
92 71
7 42
101 28
41 90
80 79
125 5
76 18
67 61
50 82
44 51
16 100
79 122
13 85
12 76
106 107
122 103
125 111
0 66
72 59
96 104
80 53
74 14
63 35
105 98
119 82
96 123
16 12
43 69
61 110
60 119
88 34
108 92
17 68
38 30
68 12
73 44
25 35
52 71
97 42
121 17
59 10
120 26
102 119
0 76
74 29
69 62
115 99
39 36
67 31
62 110
102 59
99 87
82 5
59 73
35 88
71 30
102 49
63 4
112 61
49 117
66 85
72 74
86 25
20 29
86 110
35 11
100 92
37 40
10 79
94 85
16 13
97 70
71 31
5 46
98 62
0 108
40 101
42 118
108 53
61 22
71 56
52 116
23 114
60 63
54 81
62 16
31 4
41 93
93 121
17 1
39 87
90 46
84 16
107 108
67 75
1 74
71 126
6 35
97 63
101 120
33 83
39 112
84 86
70 68
38 36
45 29
34 2
111 30
7 0
3 109
95 77
37 84
119 127
104 7
75 122
4 25
50 95
110 3
61 102
31 88
117 49
100 60
87 17
48 6
1 47
122 24
82 86
83 1
113 124
60 41
108 47
107 79
93 105
28 81
39 92
59 94
71 27
53 62
113 88
120 42
107 41
25 96
75 23
114 78
108 59
120 50
16 64
55 103
101 62
49 36
124 57
91 26
50 11
26 73
27 113
6 0
71 62
16 104
20 44
124 94
53 54
67 95
36 96
49 33
17 34
115 76
108 23
92 28
122 70
29 88
21 11
57 16
74 100
120 73
5 44
46 89
71 24
53 52
4 65
10 92
107 118
34 50
49 99
73 19
42 44
8 61
7 66
14 51
32 64
6 103
68 47
122 27
44 118
70 16
23 53
119 102
27 49
16 34
107 117
122 78
28 90
110 53
20 34
36 73
104 106
44 68
37 59
106 45
117 91
20 124
74 92
107 11
14 99
13 10
108 115
44 46
85 7
104 30
50 51
125 116
65 30
119 120
56 83
98 38
101 34
48 59
28 73
23 17
119 8
99 85
104 27
40 25
25 99
95 114
5 49
115 74
1 17
88 64
51 92
91 52
103 47
4 126
115 82
100 123
121 82
33 90
22 100
52 23
19 54
93 8
30 11
63 50
98 4
6 55
58 9
44 21
23 8
115 91
63 68
74 62
19 35
109 83
13 23
2 107
79 77
25 90
72 118
57 12
19 11
34 118
100 37
31 109
43 92
79 20
32 116
67 24
88 32
80 41
101 96
79 41
57 40
115 94
44 11
58 59
6 84
47 88
82 65
58 78
41 37
47 47
54 65
32 7
96 99
109 41
118 73
91 28
86 80
56 116
12 81
34 1
13 82
127 67
99 96
88 4
57 18
81 33
56 96
123 76
105 24
118 61
0 91
59 17
84 76
36 8
75 103
90 101
117 99
36 122
75 66
120 1
108 78
87 62
121 121
24 46
92 74
32 72
43 77
34 41
17 20
32 83
47 70
37 32
120 3
19 43
117 33
113 109
118 27
6 114
60 28
97 110
1 96
66 60
40 103
7 108
97 64
52 77
49 15
116 20
116 99
116 66
22 33
18 63
36 86
103 20
90 106
1 127
114 99
122 100
0 73
1 88
74 125
10 72
107 77
112 85
31 101
45 33
35 75
54 4
84 54
83 72
9 4
70 28
73 66
9 38
41 83
86 127
35 40
36 110
120 88
44 108
95 18
62 4
24 33
96 37
28 80
16 80
33 81
101 121
113 0
25 25
13 80
59 34
70 59
123 10
113 59
33 71
87 18
76 16
30 16
11 29
86 59
56 43
32 49
94 63
1 10
101 22
126 98
122 75
0 55
124 49
1 32
15 46
44 126
16 109
88 38
20 30
86 126
64 75
84 83
47 74
69 93
92 29
92 68
44 16
89 52
41 8
99 97
109 60
10 97
94 2
121 2
47 18
19 76
19 53
109 31
8 82
56 74
2 0
63 23
22 50
40 105
109 15
73 20
29 104
78 81
76 24
23 48
47 78
49 49
103 31
104 51
115 29
18 41
34 124
20 122
126 52
78 78
83 98
40 35
29 75
116 5
91 29
47 89
99 24
111 76
13 15
63 66
2 99
126 24
44 54
17 63
57 49
90 25
42 65
19 85
37 93
37 65
111 66
93 123
32 108
21 60
54 73
11 112
23 45
42 94
32 18
117 104
39 100
21 12
107 95
120 27
8 44
53 19
70 64
8 25
88 26
13 51
30 63
109 66
26 34
32 56
75 84
109 70
25 12
112 6
45 82
107 92
41 7
12 57
50 111
115 41
2 113
60 52
13 79
127 12
118 26
0 57
123 55
74 80
19 119
105 7
119 89
75 34
5 35
54 83
17 53
51 115
26 7
6 105
116 58
83 2
14 89
19 44
53 39
99 40
94 8
5 98
42 23
73 82
18 49
46 42
85 112
14 117
22 38
114 102
112 15
106 64
35 109
52 48
79 125
81 41
118 23
43 108
63 97
127 15
49 47
58 12
99 75
67 115
123 99
66 98
1 26
60 2
109 37
77 70
28 74
36 56
16 126
14 60
77 9
1 91
49 26
85 44
80 108
12 98
107 55
118 118
96 75
114 3
38 106
33 3
0 90
40 59
98 84
55 121
125 118
84 33
30 29
97 33
27 81
125 82
124 107
9 63
104 77
95 121
108 38
38 64
86 32
75 111
103 81
118 75
95 83
12 112
74 96
85 35
47 105
49 46
15 31
111 77
69 48
57 20
51 71
33 32
47 35
78 3
87 41
105 11
12 46
50 28
74 85
54 43
100 9
24 62
45 122
10 58
9 70
15 66
93 30
107 119
27 13
66 64
20 27
10 13
51 54
97 54
51 102
92 40
96 24
16 45
12 89
13 58
39 71
83 54
20 69
17 118
14 17
23 47
53 13
97 6
10 49
117 64
90 117
18 50
67 52
74 107
38 31
79 116
32 68
79 120
116 39
55 99
25 85
108 67
90 99
54 92
74 22
7 121
36 35
6 89
30 104
21 9
103 121
89 121
54 35
50 48
44 1
88 29
79 117
91 25
16 87
32 95
41 82
16 42
76 127
109 114
59 117
104 93
20 31
125 69
124 80
21 23
39 55
100 38
99 95
56 126
11 38
78 77
7 4
15 11
119 53
27 96
33 35
87 116
104 18
1 93
42 16
64 111
90 10
52 9
42 116
123 16
121 77
38 73
47 82
