85 74
72 43
38 52
121 108
116 104
37 114
100 98
71 98
42 8
59 3
64 82
50 95
8 90
71 53
25 9
7 63
25 37
121 5
52 105
85 59
12 16
23 40
59 79
62 43
52 8
39 51
126 15
15 113
124 11
69 119
58 9
80 69
118 4
14 113
78 53
75 113
31 114
116 96
36 76
111 118
16 25
109 10
21 61
19 11
24 35
49 125
90 39
60 73
97 69
9 28
87 53
8 22
85 31
91 123
41 27
45 63
42 124
54 101
112 95
27 47
30 113
32 19
60 78
110 10
27 45
61 58
20 124
113 81
123 10
111 15
46 92
109 25
94 1
28 37
37 18
5 125
28 3
109 92
84 53
110 109
111 94
93 127
77 73
35 16
15 48
50 96
87 32
77 4
7 86
83 32
71 108
13 116
111 77
60 57
46 6
77 29
82 67
35 63
10 17
110 107
85 61
77 105
59 124
89 34
13 44
80 53
43 121
119 78
70 114
76 104
55 2
19 40
7 44
31 46
22 107
70 41
12 27
67 118
48 124
13 114
15 58
24 36
79 79
33 48
87 79
119 111
50 5
6 84
75 93
43 85
71 109
120 97
97 102
81 31
53 127
29 16
3 42
62 77
119 116
52 58
21 60
86 48
80 85
25 13
95 93
121 109
69 85
37 98
100 67
5 97
116 83
28 117
102 98
50 64
99 5
18 6
49 16
62 82
107 120
34 17
52 91
11 0
28 46
76 87
27 13
114 15
90 67
51 111
37 1
25 127
77 87
61 127
32 56
76 102
5 5
49 63
51 109
28 54
34 78
66 120
6 42
70 100
124 38
38 105
111 122
126 42
54 0
87 29
54 56
3 4
46 15
32 54
125 46
92 63
127 86
91 40
10 45
96 4
71 42
97 67
12 94
49 96
30 6
24 61
7 95
54 124
46 3
16 19
22 12
17 23
98 65
112 18
83 73
116 5
65 71
29 64
56 43
74 52
56 4
88 52
26 24
42 107
46 69
85 33
31 65
58 78
60 126
68 46
67 80
123 45
103 112
49 86
29 14
51 57
65 112
20 109
75 106
84 32
88 54
106 98
10 4
69 114
37 60
115 99
109 103
58 43
54 103
92 33
49 64
4 42
70 38
1 3
113 17
26 119
46 113
61 45
119 8
85 46
25 61
47 95
9 45
77 67
45 67
67 112
20 108
6 21
64 46
63 40
32 17
116 97
126 41
87 42
18 47
68 72
44 104
0 15
18 4
31 44
92 93
22 125
62 119
40 49
60 69
81 60
68 114
31 126
48 65
47 123
123 16
23 24
94 0
29 104
5 7
78 29
41 10
6 2
69 50
2 84
106 81
21 41
1 91
123 40
54 73
115 117
53 91
111 2
5 41
6 64
42 64
69 71
1 86
9 29
25 0
44 7
15 93
45 108
8 59
90 96
103 97
47 62
122 39
100 4
30 63
111 11
69 86
117 87
11 15
113 106
112 13
15 89
123 38
87 41
124 87
25 65
65 84
12 18
4 8
121 40
53 6
71 65
38 22
7 19
51 119
79 70
76 43
44 124
43 17
110 95
42 93
70 112
93 70
25 104
9 60
111 97
6 41
110 101
42 122
93 41
74 82
8 127
35 17
80 50
61 68
30 107
119 80
98 68
114 84
6 16
11 26
26 103
35 115
16 40
68 112
37 16
48 69
46 103
97 93
61 82
39 12
73 112
22 15
33 0
59 2
6 12
66 123
113 104
6 24
73 51
19 22
36 113
66 48
76 114
15 37
1 38
11 43
77 104
38 59
39 8
57 36
43 23
24 22
52 102
52 104
29 8
63 125
52 122
21 39
119 15
64 61
76 63
66 72
107 119
72 27
20 43
8 5
27 14
38 13
57 40
30 105
67 86
40 114
99 99
77 80
11 40
57 122
111 9
14 94
61 67
106 7
127 47
40 103
65 124
40 52
12 8
97 91
73 26
29 42
22 43
44 86
49 12
80 31
104 99
118 116
95 2
96 64
72 50
112 8
67 88
122 44
72 56
82 50
8 6
104 127
35 56
50 46
111 82
110 17
92 94
27 123
17 38
69 124
22 42
109 85
18 122
16 6
32 126
57 2
88 51
125 87
10 19
91 125
119 9
62 71
88 78
45 125
6 29
72 112
20 117
27 63
35 62
125 41
45 5
52 60
75 65
77 52
10 39
18 126
115 4
117 82
90 60
34 101
51 121
32 127
32 116
20 13
1 10
105 0
37 59
43 67
111 104
114 19
97 101
13 92
93 0
52 125
46 59
71 69
105 124
4 99
26 23
110 83
79 71
57 50
70 102
51 73
7 99
14 45
59 71
104 121
88 31
29 17
25 43
50 92
97 92
70 101
13 93
84 58
46 67
84 45
91 120
28 103
3 82
89 58
51 71
126 47
119 106
66 80
49 84
38 24
28 23
11 41
43 18
9 18
62 41
27 11
78 44
73 53
86 59
79 105
13 91
114 5
55 5
73 5
10 28
95 31
3 39
82 56
112 86
20 126
44 59
49 92
103 117
43 103
70 68
68 119
109 82
73 89
32 38
65 39
66 52
80 79
91 124
44 61
121 84
69 56
105 112
0 43
104 125
76 48
82 31
63 75
68 36
42 96
74 49
51 8
66 85
7 23
52 69
96 66
37 52
38 2
47 99
45 87
89 52
17 89
80 67
36 7
78 60
108 97
44 109
14 17
102 118
51 106
27 120
113 95
65 60
55 100
17 118
91 91
109 108
117 4
73 88
18 10
33 101
106 106
106 0
39 116
72 100
9 2
6 91
37 20
124 10
75 45
113 117
6 14
22 13
6 28
47 107
39 91
11 93
6 18
74 102
93 7
35 96
65 55
21 12
105 118
7 21
41 8
63 81
94 31
22 106
32 1
107 108
30 119
11 58
81 62
55 39
90 37
76 52
120 40
118 88
94 94
0 37
58 77
65 52
42 106
6 19
84 54
43 100
24 105
30 21
21 116
88 67
41 62
5 101
13 57
110 14
34 95
26 22
61 124
117 90
125 11
73 65
97 65
13 43
125 13
67 36
52 9
23 106
81 67
91 38
19 127
32 8
122 14
111 16
50 106
87 45
96 3
29 3
57 75
32 42
12 6
93 6
47 114
49 110
45 15
107 127
120 5
21 57
80 61
27 2
91 94
102 127
18 0
126 11
21 125
41 103
50 91
110 13
70 119
66 115
106 23
64 59
19 121
23 125
48 94
111 101
95 5
104 7
31 12
47 88
9 5
11 112
77 59
22 25
19 54
42 102
93 122
121 10
105 4
73 101
89 46
114 102
26 62
28 104
11 95
36 103
51 96
21 37
17 19
57 7
17 24
51 110
61 40
115 83
107 24
40 20
65 116
79 73
55 73
104 83
51 58
21 118
36 77
77 108
20 40
73 105
11 111
9 64
75 44
32 103
58 39
114 4
110 97
45 116
10 1
61 118
102 101
19 12
64 119
117 117
107 107
79 76
50 110
27 64
47 16
12 3
4 5
66 54
113 79
11 115
90 52
72 65
91 122
35 97
98 91
98 5
52 53
2 43
78 70
30 17
55 123
37 57
29 26
31 105
122 7
39 90
21 114
78 106
60 75
19 123
56 121
64 124
51 10
11 7
6 63
48 64
103 126
121 8
4 40
15 41
79 85
100 69
19 119
33 64
89 66
86 58
41 121
108 102
71 49
66 53
18 108
90 6
74 41
98 96
24 21
78 107
112 85
54 102
24 126
14 6
75 90
64 71
53 57
15 110
17 90
69 37
35 0
70 51
89 64
31 62
13 28
56 45
8 92
9 93
69 111
17 109
26 39
118 106
11 83
44 22
34 127
34 100
36 116
28 124
63 59
67 78
56 123
47 68
50 65
39 3
39 60
82 74
10 0
80 29
101 96
110 85
15 7
98 98
56 48
92 0
10 8
6 6
30 65
102 1
29 22
2 38
119 82
3 8
37 8
84 62
16 46
18 118
8 7
14 7
104 123
86 60
21 110
32 43
49 60
38 14
47 102
111 13
29 107
7 91
3 44
92 6
24 25
64 81
73 84
52 70
56 44
79 68
90 33
6 43
119 112
71 26
28 63
82 52
71 66
106 111
16 56
45 107
18 17
10 87
54 5
46 98
15 111
33 119
113 7
10 27
50 88
33 103
44 92
89 60
106 107
34 102
92 65
20 4
78 85
106 118
72 86
85 51
52 74
124 44
118 111
34 58
68 121
28 126
56 49
29 47
27 122
69 120
22 61
91 61
52 124
57 48
91 67
117 91
44 15
75 40
30 46
10 59
23 10
120 16
54 74
58 8
89 68
75 67
101 112
16 57
116 92
120 83
57 9
43 113
82 66
108 109
1 82
101 2
28 9
101 67
91 95
104 120
69 66
51 103
32 117
34 56
33 118
37 12
86 32
45 4
31 42
37 122
112 10
81 86
113 105
0 46
22 105
113 3
21 55
76 66
92 125
47 97
105 98
74 53
98 70
43 123
23 44
10 88
17 21
68 79
74 4
10 92
44 65
66 37
31 20
21 113
101 121
45 2
16 44
65 80
117 89
58 122
84 48
99 68
71 57
92 91
91 51
71 64
104 9
92 121
66 58
28 38
115 103
49 9
116 99
48 9
81 52
77 86
38 16
0 44
118 82
16 110
39 17
38 97
70 118
4 3
74 40
123 14
24 44
47 60
49 123
42 113
115 22
115 82
31 55
66 83
34 15
54 39
121 15
39 23
48 109
4 84
115 118
107 82
125 88
52 55
1 14
33 17
48 116
10 38
17 5
114 20
10 29
11 16
120 110
73 85
84 52
66 118
60 123
114 80
29 48
64 74
64 62
52 101
50 17
67 72
12 42
3 89
107 6
10 95
5 25
46 115
122 6
110 100
61 70
100 97
29 24
64 52
82 64
83 49
80 105
82 58
21 111
14 58
26 1
75 3
11 9
54 45
126 14
32 14
4 11
22 112
41 11
15 95
95 67
57 1
30 16
56 6
46 88
81 65
17 88
47 70
114 82
80 72
77 48
66 81
117 85
15 49
103 114
75 103
44 111
57 5
68 68
115 119
46 90
37 53
42 103
66 119
111 23
80 86
37 104
55 104
42 24
41 52
45 97
1 45
16 48
16 8
116 118
125 9
120 8
4 16
108 84
48 93
53 59
103 116
96 5
65 47
120 78
89 90
60 80
34 6
26 121
106 5
25 38
68 51
75 91
65 117
38 51
52 7
105 8
59 0
56 7
5 12
8 95
28 21
102 110
68 125
50 117
16 18
70 65
105 10
46 57
26 125
29 53
60 60
76 89
50 6
109 94
61 78
76 28
12 59
86 50
57 44
84 74
12 4
13 15
111 12
101 118
28 49
53 103
104 113
79 61
34 14
67 51
88 35
107 106
40 11
33 65
119 4
21 14
29 62
65 59
66 38
30 36
71 55
66 113
116 100
18 87
12 58
89 40
78 80
21 44
50 70
74 84
6 92
8 64
53 123
125 43
10 20
67 125
6 126
25 126
45 115
73 42
117 101
51 116
103 100
18 22
125 37
80 104
95 68
63 62
92 89
16 42
94 2
38 91
103 101
62 126
18 121
111 108
50 69
56 41
41 25
33 57
40 18
16 91
93 30
108 25
20 106
70 116
41 114
60 67
72 42
56 39
90 92
75 24
2 7
45 58
118 89
46 9
35 54
86 75
55 46
15 42
115 93
117 80
51 72
7 5
65 73
119 89
76 85
99 6
119 98
39 19
36 93
45 23
26 101
38 19
118 11
75 64
51 46
13 59
114 94
80 78
7 43
85 47
44 98
76 88
127 15
75 7
56 72
49 95
40 50
20 118
93 2
6 100
9 89
112 115
118 113
117 115
1 84
61 72
102 115
69 67
72 4
53 56
105 105
110 93
106 4
18 19
46 86
63 118
59 125
72 51
104 98
14 89
30 37
53 10
62 59
24 40
50 87
81 59
114 16
49 7
113 20
110 3
126 89
60 46
56 74
111 103
30 40
55 47
64 118
87 76
98 95
78 4
67 85
39 98
59 45
82 63
56 3
94 69
50 122
74 92
71 86
69 46
21 34
103 119
31 8
97 97
30 43
5 93
93 93
18 20
84 75
59 46
8 46
81 73
7 126
41 105
38 123
93 66
49 15
59 70
52 121
20 127
68 78
52 96
50 13
29 5
44 101
104 1
22 11
43 97
78 61
67 39
113 116
70 86
2 88
58 1
10 41
80 74
109 4
37 94
40 121
77 102
59 77
29 40
39 21
31 3
106 25
4 10
10 127
91 92
41 97
122 9
91 31
88 4
8 27
46 107
112 9
67 114
36 98
124 45
86 77
71 39
40 3
7 58
115 21
76 101
74 25
117 5
51 61
88 59
110 86
106 117
35 94
42 100
49 107
58 44
61 80
105 99
124 41
87 57
30 104
60 41
116 88
91 68
127 46
9 85
47 115
87 78
40 28
102 68
72 45
43 7
14 92
26 122
3 10
59 74
20 120
18 46
115 101
45 66
70 108
39 104
42 25
18 39
117 86
92 41
74 46
0 82
34 98
26 11
48 10
71 113
121 83
8 45
48 98
57 42
45 64
2 83
16 108
110 121
35 55
43 108
58 37
30 45
5 83
3 84
18 55
34 62
120 111
60 59
113 23
46 124
56 35
25 60
112 105
30 54
17 39
110 120
122 87
34 99
93 64
20 38
33 79
107 110
47 85
36 57
86 61
109 98
19 5
73 106
91 32
19 118
15 17
111 119
32 47
75 27
88 47
43 64
5 2
53 46
120 4
51 101
82 55
84 51
38 58
16 92
28 15
122 16
97 94
88 45
35 18
29 106
104 124
9 47
117 84
7 20
69 73
46 106
74 64
83 62
2 9
108 93
108 6
111 92
37 99
22 115
42 16
22 59
80 30
31 13
49 68
108 11
11 57
48 6
38 15
27 9
107 98
67 82
62 72
19 39
102 96
16 26
9 126
75 86
32 101
68 124
49 8
25 11
27 125
83 53
28 119
46 101
64 40
26 123
52 45
73 50
67 57
99 103
66 57
50 59
109 101
40 9
53 74
2 90
49 97
67 73
66 87
31 41
40 61
62 81
30 7
102 111
89 57
119 83
73 46
82 87
55 122
5 98
31 2
6 99
0 85
98 101
78 28
48 13
67 49
48 108
123 86
88 44
99 69
117 98
49 11
79 84
35 6
74 113
77 109
113 103
33 125
63 76
123 11
111 85
70 72
122 5
28 51
90 90
31 67
45 91
27 44
23 22
36 94
48 85
29 39
123 13
17 45
124 36
114 116
112 22
11 2
49 47
104 122
118 102
55 71
37 112
12 115
80 75
49 94
45 8
111 17
112 103
117 81
22 39
11 84
40 98
88 40
104 117
127 10
110 103
116 106
1 87
120 96
89 5
9 88
110 84
104 97
31 107
40 24
33 80
46 4
70 69
78 84
7 13
57 45
61 76
8 42
43 94
97 6
28 43
32 119
111 95
39 115
75 41
55 3
23 38
79 54
35 93
9 96
37 92
109 5
114 6
27 22
6 97
51 54
59 72
5 15
94 67
32 66
71 40
74 6
31 15
12 39
69 70
48 63
34 54
78 73
1 16
87 43
119 107
122 85
7 62
2 45
3 38
14 48
36 0
19 124
71 52
21 35
97 5
68 85
77 100
47 89
72 107
74 47
80 77
41 12
72 64
38 8
98 102
92 69
16 112
105 9
124 12
43 16
12 93
22 58
105 26
3 90
51 90
0 11
50 18
22 54
35 114
93 34
58 38
29 116
74 89
61 42
27 53
47 91
42 63
87 48
91 62
110 24
17 43
31 127
19 3
8 61
74 87
76 105
31 39
17 94
119 11
73 47
49 98
84 44
113 83
15 22
68 80
120 108
6 26
40 51
10 84
47 66
71 44
36 61
10 97
41 101
36 75
113 78
104 3
29 118
23 62
64 83
13 5
27 50
45 102
31 18
111 106
40 104
26 12
104 100
113 21
11 45
46 16
58 75
21 33
70 45
17 55
30 64
112 78
25 39
34 59
72 98
112 82
27 12
118 14
45 93
103 98
38 7
6 80
50 118
120 42
9 3
47 69
6 96
7 17
112 21
7 64
101 66
72 88
18 2
92 31
110 96
58 50
9 41
52 97
20 58
51 120
28 7
12 114
96 67
74 26
19 107
17 46
46 58
83 57
81 30
11 113
36 17
71 89
20 55
33 43
102 120
17 1
17 41
110 104
96 31
111 76
31 118
45 62
94 5
68 57
113 19
38 115
67 111
8 18
42 61
50 8
105 82
68 122
117 105
70 110
7 27
54 126
89 55
75 83
16 93
36 55
17 9
9 83
76 4
118 98
41 19
70 56
77 115
17 113
90 65
2 4
92 90
118 10
32 115
30 4
117 97
36 54
96 93
55 125
6 4
68 49
30 25
81 51
34 94
115 95
118 114
6 85
108 83
105 2
88 56
37 74
71 50
67 123
108 85
118 86
96 92
14 5
74 107
68 50
40 113
42 60
16 37
113 84
61 60
48 14
49 87
27 38
40 26
90 8
72 54
89 32
19 53
42 19
71 99
48 61
88 30
26 64
47 125
6 82
9 87
8 86
75 48
110 122
29 10
69 80
25 25
13 17
43 66
78 67
43 112
75 53
77 43
15 47
18 106
7 81
36 78
69 69
16 89
18 1
16 23
27 52
47 8
107 12
18 54
118 79
103 0
20 56
53 69
70 117
30 38
92 126
34 64
93 1
121 41
45 112
27 102
111 79
77 107
45 110
59 40
12 7
28 40
121 96
30 116
26 10
112 3
101 3
45 56
43 62
37 3
70 46
92 127
72 44
21 105
35 103
43 93
15 44
91 7
112 118
58 123
101 98
21 36
126 86
115 94
25 22
36 51
83 54
98 100
60 127
14 41
74 86
7 12
17 18
99 65
32 104
26 43
94 127
89 36
118 100
40 12
65 118
79 30
44 6
39 122
5 18
121 86
35 79
47 93
