99 68
89 27
38 50
2 100
121 98
47 104
102 89
73 86
50 10
70 5
58 70
49 82
12 75
86 38
28 12
0 57
28 34
116 2
60 88
100 44
10 10
26 37
69 68
76 27
64 13
39 49
121 12
14 100
119 8
69 111
70 14
95 54
113 1
11 102
93 38
79 106
35 103
0 87
36 69
107 113
14 19
104 7
18 56
14 3
27 32
50 123
104 22
70 62
112 58
4 25
102 38
3 19
99 12
82 115
44 30
50 56
43 122
62 84
124 86
30 44
25 108
35 22
70 67
105 7
30 42
72 41
19 111
111 69
118 7
116 22
45 79
114 32
85 121
31 34
40 21
125 113
31 6
121 83
99 38
105 105
123 85
84 119
92 58
38 19
18 45
49 83
101 13
78 3
11 66
97 13
72 99
10 105
109 65
71 40
54 8
91 10
97 52
33 62
5 14
115 101
100 46
82 97
60 122
103 15
16 41
95 38
44 112
118 70
74 107
81 96
66 4
22 37
7 39
34 43
21 94
87 25
10 22
67 110
49 122
10 103
12 53
27 33
86 72
36 45
103 68
0 103
61 6
10 64
69 87
42 72
72 100
4 88
99 93
95 12
56 127
32 19
126 43
72 66
115 111
59 40
18 55
100 31
83 79
28 16
97 84
2 101
63 73
36 85
115 56
9 82
115 75
32 106
108 90
58 49
90 125
26 125
61 21
54 69
98 111
37 20
55 84
3 116
31 43
77 76
30 16
119 22
105 56
59 94
44 3
28 117
78 76
62 125
31 53
81 94
125 121
57 48
59 92
27 51
34 71
66 112
6 37
72 88
120 35
37 92
107 117
121 43
57 0
101 10
65 43
123 120
54 16
31 51
120 47
107 52
1 72
105 23
10 40
87 124
88 26
112 56
16 79
48 83
33 9
21 56
11 80
55 122
53 4
14 13
18 6
15 17
113 54
117 25
92 66
111 2
80 56
27 63
70 27
89 37
67 6
103 37
26 20
52 97
54 54
99 14
29 64
68 67
61 124
83 31
61 68
113 43
95 100
48 73
32 17
58 39
66 103
19 96
80 98
98 13
103 39
118 89
2 120
73 107
37 58
127 90
114 97
72 27
62 86
106 14
57 49
4 37
87 22
121 119
118 24
30 108
56 103
75 29
114 5
99 29
22 56
46 82
9 40
92 52
50 60
68 103
19 95
1 18
79 31
77 24
35 20
0 88
122 38
101 25
21 44
83 57
43 91
123 12
17 119
34 41
94 84
21 112
62 111
40 47
70 58
96 45
69 105
34 1
56 50
48 121
118 13
23 20
85 120
28 91
125 123
92 10
44 13
126 118
84 35
4 70
100 75
24 38
8 91
119 37
64 62
111 112
56 84
102 121
5 36
127 58
47 57
84 56
3 72
4 26
28 118
52 9
19 78
55 98
0 50
92 87
109 89
54 44
118 36
91 123
28 62
106 8
63 74
116 79
9 9
118 100
119 17
19 74
119 35
101 24
123 79
23 64
59 72
10 12
124 124
117 37
65 11
86 50
41 25
2 16
52 117
94 55
93 27
45 122
46 20
122 86
41 80
74 105
108 59
24 91
1 51
123 88
6 36
115 95
43 113
107 24
75 71
0 115
38 20
95 35
71 57
29 94
118 72
113 57
113 76
1 13
9 21
25 90
45 105
19 37
69 103
40 19
56 54
45 90
99 84
53 69
42 15
77 105
26 6
36 3
70 4
1 9
67 121
118 98
1 21
88 36
17 16
46 103
81 33
80 107
18 34
1 33
11 38
82 96
38 57
42 11
71 20
46 26
24 18
60 85
60 87
32 11
64 123
53 120
24 36
114 12
79 46
91 48
81 57
98 110
83 11
23 40
0 121
30 17
41 16
71 24
29 92
61 74
50 104
101 90
79 69
11 35
58 120
106 6
18 79
71 56
97 126
122 48
39 90
66 122
40 50
9 124
99 82
87 7
32 39
25 40
43 73
61 17
94 12
110 91
114 111
86 122
111 53
87 35
107 5
61 76
112 42
87 41
97 35
0 122
95 118
35 54
64 30
109 70
115 24
94 85
30 113
20 35
70 122
25 39
103 79
17 109
24 125
35 1
68 4
103 36
127 73
5 16
82 117
114 6
72 60
103 62
46 123
1 26
76 105
19 104
25 62
33 61
121 38
53 7
59 42
90 50
92 37
10 34
17 113
110 1
116 74
105 45
33 88
52 119
35 2
36 105
16 7
124 7
96 119
37 57
48 60
116 98
119 26
99 92
17 77
84 120
53 123
53 41
86 54
96 115
8 84
26 19
109 75
94 56
71 34
72 90
61 62
11 84
17 42
69 60
95 112
102 12
32 20
28 40
49 79
99 83
72 89
17 78
99 43
54 52
98 28
82 112
27 90
5 68
104 43
59 56
121 48
0 98
60 68
48 71
41 27
31 26
11 36
46 21
4 15
76 25
30 14
95 28
88 38
101 44
84 97
17 76
109 2
67 10
75 13
5 25
112 15
3 34
97 41
111 78
19 113
51 41
48 79
94 108
42 90
85 53
68 111
108 74
74 78
35 35
82 23
81 37
87 72
82 116
49 54
120 76
84 41
100 108
123 44
95 116
93 32
96 12
73 64
85 20
41 83
91 33
63 13
60 73
2 20
60 54
111 55
37 50
45 4
46 86
44 74
104 37
21 74
95 52
39 10
93 45
120 88
54 99
12 11
93 109
59 89
31 109
125 86
80 45
63 83
16 105
92 80
104 104
112 1
74 77
15 126
32 88
108 100
97 119
49 106
77 92
1 118
10 76
40 23
119 7
92 29
109 112
1 11
18 7
1 25
55 90
39 78
15 78
1 15
79 94
84 127
34 83
80 40
17 6
96 109
2 18
49 10
55 68
108 12
21 93
35 4
102 104
34 108
8 53
96 47
69 23
104 20
91 37
116 37
117 80
96 85
0 32
68 66
80 37
52 96
1 16
99 39
42 87
23 92
33 24
20 103
103 56
46 55
9 86
10 52
115 21
33 82
26 18
62 122
116 82
120 8
88 50
112 54
16 40
120 10
84 20
64 14
22 93
96 52
105 21
18 114
35 11
117 11
116 23
58 89
101 28
87 123
32 6
67 64
35 39
9 122
84 126
57 104
57 93
53 16
98 118
115 2
18 52
95 46
30 120
93 85
93 118
17 115
121 8
20 112
40 90
49 78
117 17
70 111
67 106
111 30
79 44
18 108
26 115
47 81
116 95
86 125
95 126
34 15
46 75
1 121
9 99
92 44
22 21
16 49
41 89
84 114
116 7
96 123
78 93
103 29
119 96
23 57
27 91
15 80
35 90
50 83
24 34
15 13
69 12
15 18
59 93
75 24
114 75
112 31
43 23
66 107
94 58
65 62
98 77
58 40
20 105
36 70
82 100
23 37
74 96
9 98
2 58
92 28
31 90
72 23
109 1
122 88
55 106
2 117
61 110
108 93
15 6
64 111
113 112
109 101
86 69
58 93
25 63
55 17
4 119
124 121
81 39
111 67
8 104
105 37
87 50
82 114
34 84
100 82
89 125
59 35
125 44
93 55
33 20
56 121
37 55
32 29
30 92
117 4
36 74
20 101
83 98
70 64
18 110
57 119
65 122
63 15
8 123
127 57
56 49
94 117
116 5
4 35
18 38
82 79
115 58
18 106
31 63
104 55
101 43
42 112
113 96
86 34
81 38
17 95
81 126
91 25
100 87
24 17
83 99
111 77
62 85
27 116
11 122
69 84
79 56
60 39
14 97
21 75
86 21
38 3
85 36
104 53
29 61
12 23
70 29
12 77
13 78
70 102
16 96
29 36
123 100
15 63
47 25
37 2
33 87
46 106
31 114
74 42
61 66
57 121
55 53
58 50
46 5
39 58
97 59
2 116
94 10
103 87
109 77
12 123
100 89
70 32
83 120
7 124
126 122
28 64
93 120
32 25
2 33
118 74
123 124
40 11
99 47
19 43
17 105
0 123
11 123
95 114
101 45
20 97
35 40
56 42
41 17
46 89
118 17
28 94
11 76
126 45
83 126
24 21
58 69
74 73
60 55
70 28
94 53
104 14
6 38
0 104
82 10
26 62
97 37
86 51
101 107
13 51
53 90
16 11
14 72
66 10
45 85
14 98
37 108
108 4
5 24
49 75
32 90
43 79
104 45
101 103
33 89
107 54
19 119
79 74
97 109
73 75
100 36
62 63
119 45
127 103
33 55
68 113
31 116
70 33
32 44
30 112
69 112
19 56
106 46
53 122
71 32
106 56
1 82
52 16
96 20
33 43
2 50
19 4
115 13
64 63
70 13
104 57
90 52
90 101
13 52
0 83
119 75
69 14
53 103
97 51
103 105
3 68
92 121
31 12
116 56
93 86
95 111
84 51
59 86
36 106
33 53
37 107
40 15
100 13
53 6
34 39
38 113
107 7
84 80
118 99
123 47
21 92
110 123
18 50
91 51
83 117
46 84
111 90
89 38
113 59
44 121
26 41
14 73
15 15
62 67
75 3
14 77
49 58
83 21
34 23
20 100
92 112
52 3
19 41
59 68
116 81
59 120
98 31
114 57
86 42
93 80
106 36
86 49
95 0
83 113
81 43
31 35
120 97
61 14
0 90
60 14
96 37
78 75
41 19
123 45
117 74
15 97
42 20
37 84
70 110
124 119
95 20
118 11
27 41
54 42
50 121
52 103
120 29
113 70
30 52
60 71
37 18
68 23
116 12
42 26
56 92
6 70
111 113
101 76
127 74
59 37
124 11
36 20
58 106
10 33
25 124
119 27
5 26
9 10
1 102
74 74
99 37
66 110
61 121
112 68
32 45
79 59
79 47
60 84
62 22
82 57
12 37
6 78
98 125
14 80
0 22
56 105
117 3
115 94
71 59
102 88
32 27
79 37
97 49
98 34
85 97
97 43
20 98
11 53
29 119
76 2
8 125
68 29
121 11
35 17
127 8
21 99
44 14
19 80
110 56
68 3
33 19
68 11
45 75
96 50
21 73
55 55
112 70
95 57
94 32
60 69
116 77
18 46
95 102
80 95
54 101
69 10
83 53
111 114
45 77
37 51
41 90
66 111
116 30
83 80
36 91
63 87
45 27
41 50
44 84
124 46
19 45
13 124
112 113
120 6
115 5
127 13
102 78
47 80
60 41
94 107
87 125
80 32
118 65
86 85
52 67
37 9
29 111
97 124
28 35
83 36
69 85
66 108
38 49
64 12
96 127
60 126
68 12
0 9
12 80
31 24
94 93
69 123
51 115
14 12
85 50
96 1
53 39
29 115
28 50
71 43
77 84
61 7
121 85
71 67
90 9
9 54
101 35
71 28
98 68
4 120
11 9
118 16
92 109
27 46
61 86
96 101
94 46
37 17
82 36
102 16
109 100
43 14
31 64
114 1
25 5
27 61
80 44
83 22
33 33
86 40
67 104
0 91
22 72
9 53
103 23
80 69
24 41
58 55
75 73
10 77
1 58
54 121
120 44
5 17
68 123
126 114
28 116
55 105
90 26
1 92
52 114
109 92
16 16
121 34
85 96
110 57
78 47
93 78
19 39
85 122
37 78
109 93
63 124
17 108
116 102
58 54
70 25
44 28
32 54
43 21
20 76
107 11
113 32
19 93
70 108
51 104
70 56
89 26
70 23
91 81
89 5
122 123
52 40
117 81
54 11
34 51
101 59
69 30
18 39
127 84
116 72
59 57
127 121
80 58
118 81
77 74
90 126
3 89
42 22
35 80
48 26
25 88
41 22
113 8
90 49
65 30
10 54
126 85
87 71
7 38
99 30
43 85
77 77
122 12
77 15
66 61
48 82
40 48
19 105
84 122
10 85
13 74
108 110
120 105
122 111
3 70
71 61
94 103
84 52
74 12
60 38
107 99
122 84
97 123
16 13
45 73
63 110
60 123
87 36
110 90
18 74
33 34
65 15
73 42
27 37
49 74
96 44
119 23
60 8
118 27
101 122
0 75
74 30
66 63
116 97
33 37
69 31
64 110
102 60
100 86
79 3
61 73
38 85
73 29
97 48
67 5
109 58
51 120
68 86
72 75
84 31
24 31
94 110
34 11
99 88
33 40
9 78
95 84
16 14
98 69
73 30
8 41
96 58
127 114
40 92
39 114
108 55
61 20
69 59
53 119
19 114
62 66
51 83
62 18
32 8
43 88
95 120
18 5
42 84
93 46
84 23
109 111
64 74
4 74
69 3
10 36
95 59
100 123
36 81
41 112
82 94
69 66
32 37
42 24
34 6
111 32
127 7
2 115
92 81
40 84
117 6
105 12
79 124
3 24
54 90
107 6
68 105
35 85
119 46
101 61
88 23
47 5
127 49
120 28
81 93
88 6
112 2
58 43
103 44
109 78
97 108
34 81
41 87
57 90
72 28
53 67
111 91
120 38
102 42
29 91
74 25
115 80
106 57
122 47
13 65
57 105
102 62
43 31
117 57
89 29
51 9
18 77
29 112
126 7
69 63
19 107
21 43
127 92
50 59
71 99
38 91
45 28
21 36
116 78
106 24
91 30
125 68
33 85
29 14
60 15
75 106
120 75
8 40
47 85
71 26
50 57
4 69
15 95
106 116
34 52
53 98
72 21
33 42
9 63
5 70
15 50
32 61
1 103
71 42
118 30
47 122
70 19
22 55
117 99
29 51
20 36
106 115
121 79
33 86
108 53
23 35
33 72
102 106
46 72
36 55
101 46
121 89
18 120
74 97
105 13
18 105
13 11
107 114
35 44
89 8
102 30
48 57
125 118
67 30
115 1
59 84
97 40
99 36
38 56
20 77
31 18
117 13
99 85
102 28
38 21
28 93
95 115
9 42
116 76
2 17
84 58
54 89
89 49
98 47
125 6
120 84
99 125
123 83
36 86
21 102
45 19
19 54
94 11
34 16
57 53
103 8
8 52
59 7
41 18
30 12
119 89
61 70
72 61
22 36
107 85
14 20
1 114
76 75
31 88
69 122
61 13
28 14
30 115
98 38
32 108
45 88
78 24
29 113
66 29
88 35
82 42
101 94
81 42
57 41
114 95
43 12
63 63
5 79
48 84
82 58
60 75
34 38
45 54
54 68
33 10
94 99
104 42
118 75
90 30
85 81
56 120
9 83
34 5
10 84
2 71
100 92
92 9
60 18
82 34
56 91
122 78
102 27
114 58
1 89
61 16
82 78
38 9
78 106
82 101
118 97
36 0
73 65
118 8
110 77
85 57
117 2
27 48
91 79
29 66
44 78
30 41
23 18
35 81
47 72
32 36
118 10
20 42
120 33
110 111
117 29
3 118
60 30
95 113
2 93
65 60
44 99
9 104
95 60
48 81
53 10
116 24
117 97
116 73
25 36
15 64
39 85
102 23
95 108
122 7
115 97
121 100
3 73
4 87
80 125
13 73
109 76
110 89
30 94
43 27
33 73
54 6
85 54
79 73
2 10
71 29
71 65
8 37
42 81
88 126
31 40
36 108
123 86
49 105
96 21
66 5
26 35
94 39
34 80
13 81
36 79
100 124
109 3
30 25
10 82
58 36
69 61
0 12
109 56
30 65
88 24
76 14
34 18
12 34
84 55
56 48
33 51
93 58
124 13
101 26
0 99
121 77
0 56
125 46
3 33
17 45
43 2
18 111
86 37
24 32
88 125
62 73
82 92
46 76
73 98
91 31
87 70
44 15
87 49
41 11
100 93
107 58
15 99
96 0
119 9
51 17
16 78
19 53
110 33
6 79
50 77
123 8
62 23
23 52
45 104
107 15
72 22
33 105
75 78
75 26
26 50
46 78
47 56
101 31
106 51
115 31
20 40
34 2
18 118
0 52
75 76
81 97
34 36
21 79
114 8
90 31
48 85
98 27
112 75
13 16
62 68
1 100
1 23
40 49
14 64
55 51
88 28
36 59
19 84
40 88
36 68
111 66
95 122
33 107
20 57
58 71
10 121
26 47
44 89
34 21
116 100
39 91
29 15
110 92
118 28
11 40
54 17
68 64
10 26
87 29
14 50
28 63
110 66
28 36
33 56
74 86
110 70
30 15
113 11
44 80
109 90
41 10
10 60
51 116
116 39
1 119
55 54
10 81
2 14
117 28
0 58
116 55
73 77
17 117
106 12
122 87
72 34
9 36
51 84
17 53
52 118
31 10
9 103
111 56
88 7
18 94
20 43
53 40
98 42
95 11
9 100
39 20
72 78
17 50
36 40
93 111
16 116
20 38
115 98
113 15
109 64
35 107
50 55
85 125
83 42
118 26
48 105
68 102
3 15
47 54
62 13
99 76
68 114
122 99
71 101
2 24
57 126
104 40
76 72
20 78
36 53
14 125
13 63
77 3
2 89
44 22
85 41
82 108
16 100
105 54
122 120
93 79
113 7
36 104
33 7
1 88
36 52
98 84
56 123
126 120
83 34
33 28
96 36
33 81
127 86
120 106
10 65
102 77
96 121
103 41
37 67
86 35
68 121
102 79
117 78
98 83
11 121
75 98
83 35
50 103
47 53
19 34
112 76
72 43
60 19
48 74
30 35
43 29
81 0
87 39
103 13
16 48
45 22
73 87
55 43
102 11
24 63
48 123
10 62
13 72
12 66
92 32
106 117
32 13
63 68
25 21
11 11
48 59
93 52
53 102
90 38
94 27
18 44
17 93
11 61
36 71
84 54
20 74
17 116
14 17
26 49
55 10
99 6
15 49
117 71
94 119
17 51
61 54
70 109
33 35
83 118
32 63
84 121
117 38
55 102
26 89
109 67
82 99
55 100
73 24
9 123
31 37
5 87
34 105
29 13
109 123
92 122
52 38
48 55
44 5
87 30
83 119
89 28
20 92
34 90
42 80
18 41
82 127
108 113
59 121
107 90
24 33
0 72
127 85
25 18
36 49
98 39
100 91
61 125
17 38
75 75
2 9
15 12
114 54
31 91
29 40
85 119
103 19
2 91
43 15
65 110
93 11
52 8
40 113
0 15
120 78
35 72
46 80
