94 68
80 28
37 47
119 99
114 95
45 103
98 89
77 92
47 5
64 0
64 72
48 85
10 79
79 38
30 6
6 58
24 32
117 124
60 94
93 44
8 7
22 35
67 64
70 28
57 5
38 46
122 6
13 103
120 2
75 113
63 6
88 54
114 123
12 103
86 38
81 107
29 104
114 87
36 69
108 111
12 16
105 1
20 56
15 2
23 30
54 122
98 24
68 58
105 54
5 19
95 38
4 13
93 16
87 114
46 24
44 58
47 121
62 90
110 86
26 42
28 103
37 16
68 63
106 1
26 40
69 43
18 114
110 71
119 1
112 19
44 82
110 29
90 120
27 32
42 15
1 116
33 0
107 83
92 38
108 101
109 85
89 118
85 58
40 13
14 43
48 86
95 17
74 6
9 75
91 17
77 102
11 106
108 67
68 42
51 3
85 14
90 52
34 58
6 8
108 98
93 46
83 99
64 121
97 19
12 39
88 38
48 118
116 68
76 108
82 98
60 127
18 35
6 39
30 41
20 97
78 26
8 18
73 112
53 121
11 104
14 53
23 31
82 69
32 43
98 68
117 102
55 2
8 73
71 88
41 75
77 103
118 88
95 93
89 16
58 124
34 13
2 37
70 62
116 109
60 43
20 55
94 33
82 76
30 10
93 84
119 100
69 75
35 88
108 52
7 86
113 73
26 107
100 89
58 49
95 124
28 0
54 13
62 72
103 111
39 14
53 82
7 119
27 41
78 78
32 10
115 19
98 52
59 100
42 126
23 117
79 78
66 124
31 51
82 96
1 124
57 48
59 98
27 49
34 71
72 114
5 37
76 94
123 33
36 95
108 115
125 37
59 125
95 14
62 41
127 123
51 12
31 49
124 41
100 48
1 75
99 25
9 40
92 123
79 27
105 52
14 83
47 86
35 3
23 56
9 84
59 121
51 0
12 10
18 3
13 14
106 50
113 22
92 67
112 124
73 56
28 59
64 28
82 37
61 1
96 37
31 21
50 96
54 54
93 18
30 60
66 63
65 123
76 31
67 70
119 40
99 103
47 76
34 11
59 42
71 106
18 99
81 100
92 17
96 39
104 89
6 123
75 108
36 55
113 90
107 94
66 28
62 92
100 18
57 49
3 37
78 23
125 122
114 21
24 109
54 102
69 30
115 127
93 31
24 56
45 85
8 40
85 52
44 62
73 106
18 98
2 12
72 31
71 25
37 14
114 88
125 36
95 27
17 42
76 57
42 94
124 6
16 122
30 39
90 84
20 115
68 113
39 44
68 54
89 45
74 108
36 123
56 50
52 120
119 7
28 21
90 119
27 94
1 126
86 14
46 7
2 121
77 35
4 73
103 71
20 36
1 86
122 35
62 58
112 110
54 82
107 121
4 36
5 59
41 59
77 56
3 75
5 20
23 118
49 4
17 82
53 97
7 54
88 87
101 88
55 47
121 34
96 123
29 58
107 2
69 76
114 77
7 6
111 97
113 17
17 78
122 33
95 26
121 77
24 60
65 74
8 9
0 127
120 35
58 3
79 50
43 19
3 10
56 116
87 55
84 28
49 121
48 14
108 86
40 83
76 106
101 55
23 94
8 55
109 88
5 36
108 92
47 119
101 26
76 73
4 118
40 14
88 35
69 53
28 97
116 70
106 53
111 74
2 7
7 17
24 93
43 104
15 35
74 106
42 13
56 54
44 93
95 84
61 72
44 9
79 106
24 7
38 125
64 127
2 3
71 120
111 95
2 15
81 36
15 13
44 102
74 33
82 108
14 32
0 33
10 38
83 98
37 54
44 5
65 21
48 20
29 19
60 91
60 93
34 5
68 122
57 119
20 34
115 6
72 46
84 48
74 57
103 110
79 12
19 38
4 124
32 11
43 10
65 25
28 95
67 76
48 103
97 90
80 70
10 35
62 119
107 0
16 83
69 52
102 126
126 42
38 93
70 121
39 47
8 127
95 82
81 11
28 37
21 38
42 76
54 9
88 16
102 90
115 109
91 121
104 49
80 35
108 127
67 78
118 39
80 41
90 35
4 125
100 118
34 51
58 31
108 72
111 21
90 85
25 113
16 33
74 121
21 37
106 75
16 112
26 0
37 123
62 127
96 36
127 76
6 10
87 116
115 0
70 56
99 67
50 122
2 20
78 106
18 107
26 58
34 57
124 36
50 2
60 45
83 50
85 37
9 34
16 116
111 123
114 72
98 45
32 91
56 118
37 124
30 106
16 4
125 1
101 119
36 54
42 62
109 95
115 23
95 92
15 81
89 119
57 122
54 44
79 54
101 115
6 88
31 20
107 73
87 56
65 35
76 96
59 58
9 88
13 40
67 56
100 112
96 16
34 14
24 38
48 82
95 83
76 95
15 82
92 43
54 52
92 30
87 111
26 93
5 71
97 43
59 56
125 42
117 97
66 70
47 74
43 21
33 20
10 36
48 15
5 9
70 26
32 8
86 29
81 38
94 44
85 99
15 80
110 124
60 2
70 7
6 19
103 16
2 34
90 41
109 76
18 116
52 44
47 82
99 108
41 93
78 53
74 113
106 72
75 80
31 33
73 24
74 37
83 69
87 115
43 56
118 74
77 41
103 104
127 38
100 116
84 33
90 16
71 60
76 21
40 86
82 34
56 5
66 75
3 14
60 54
104 51
36 47
43 127
45 89
43 77
97 37
19 78
88 52
41 4
86 45
106 88
52 98
10 8
98 109
59 95
25 110
111 86
73 45
63 89
15 108
89 82
107 100
113 123
75 79
14 1
31 91
104 98
102 119
47 105
78 94
5 121
8 80
42 17
120 1
83 30
110 110
2 5
18 4
2 19
55 96
37 81
13 82
2 9
80 96
89 126
33 86
73 40
17 3
101 109
3 12
46 5
63 71
102 16
20 96
37 126
105 100
28 109
10 53
89 47
63 24
98 22
84 37
119 35
115 78
92 85
127 32
66 62
73 37
50 95
2 10
92 39
41 90
22 95
35 18
19 106
96 52
40 57
7 90
12 52
111 18
32 85
31 19
66 121
114 80
121 2
81 50
105 50
12 38
121 4
75 21
57 6
21 96
89 52
99 23
17 117
37 5
118 5
112 20
58 95
95 30
92 122
34 0
65 60
31 37
8 125
89 125
55 103
57 99
50 12
103 118
116 124
20 52
88 46
25 120
89 85
98 118
16 118
122 2
19 115
39 93
48 81
111 17
76 113
72 109
107 27
72 44
17 111
21 115
46 84
109 92
91 124
100 126
36 9
45 78
5 124
9 102
85 44
27 22
18 49
40 92
89 113
117 1
101 123
79 95
97 31
112 93
25 57
26 94
13 84
34 93
49 86
20 32
13 10
62 4
13 15
59 99
69 25
112 73
108 28
45 17
71 110
87 58
63 58
101 73
59 43
19 108
36 70
83 102
19 35
79 99
9 101
8 59
83 29
30 93
66 24
110 123
108 88
53 105
6 120
67 112
100 92
15 3
70 113
114 110
105 99
82 66
58 99
26 59
52 13
8 122
0 124
74 39
110 69
9 105
98 37
80 50
87 113
33 87
96 82
94 124
60 38
1 38
86 55
35 14
60 120
36 52
34 23
29 95
118 126
37 80
19 104
84 100
68 60
17 113
61 118
69 121
56 7
7 126
5 58
56 49
99 117
117 127
3 35
14 36
81 76
108 54
17 109
32 59
97 51
94 43
46 118
106 93
79 34
74 38
16 98
86 125
82 26
96 87
29 18
84 101
109 75
62 91
22 116
10 125
71 85
72 56
61 42
13 100
19 79
77 22
40 125
78 36
97 49
30 57
9 19
64 30
10 81
11 82
75 105
15 99
25 34
116 97
13 72
49 19
39 124
32 90
44 105
26 114
71 44
67 68
61 120
55 53
58 50
44 0
38 55
90 59
6 119
88 14
99 87
107 75
11 126
96 89
64 33
88 119
6 127
2 125
29 60
98 120
34 19
1 33
116 72
127 127
42 5
92 47
15 41
16 108
4 126
10 126
100 114
94 45
19 100
31 38
57 45
43 11
45 92
112 17
27 97
9 80
2 39
88 125
29 22
64 71
75 75
60 55
64 29
87 53
98 18
5 38
117 103
78 11
27 58
90 37
79 51
104 103
15 51
53 96
14 8
12 76
59 2
44 88
13 101
31 109
109 126
6 18
48 78
31 93
42 82
97 45
104 99
32 92
100 50
18 122
80 76
102 109
74 77
93 36
60 59
123 39
116 102
33 53
74 115
26 116
64 34
28 42
25 112
75 114
21 56
99 46
57 121
65 33
99 52
115 82
49 12
85 21
29 41
9 54
19 1
116 7
62 59
63 5
97 53
83 52
97 103
15 52
114 83
117 73
62 6
51 102
90 51
106 101
3 71
97 121
33 6
109 52
89 86
100 111
77 51
59 92
30 107
33 51
31 108
42 9
94 17
50 1
30 37
42 119
108 1
83 77
111 96
127 41
20 95
109 122
20 50
84 51
88 116
45 87
103 89
82 38
106 55
48 120
22 39
12 77
13 12
68 69
71 6
12 81
43 60
74 22
36 17
19 103
97 112
50 127
15 39
65 70
114 79
63 119
92 33
107 53
79 42
90 82
99 36
79 49
100 0
88 112
74 43
27 33
113 94
54 6
114 90
53 6
89 37
79 77
43 13
127 39
115 72
14 100
44 14
36 87
76 112
0 122
84 21
119 5
23 39
55 45
54 120
50 102
116 26
112 72
30 50
66 73
39 12
62 24
117 6
44 20
56 98
6 73
112 111
104 72
127 77
60 40
125 5
38 14
56 105
9 33
27 127
115 24
6 20
7 7
118 101
75 76
92 37
72 112
65 120
111 70
28 43
72 59
72 47
60 90
55 14
75 57
11 37
5 78
103 125
12 84
1 16
54 104
118 125
108 91
69 55
98 88
34 21
72 37
90 49
91 34
86 99
90 43
19 101
13 53
24 119
72 5
7 0
62 30
122 5
37 11
0 2
20 102
46 8
17 84
103 52
62 126
35 13
61 3
44 78
89 50
19 77
55 55
111 72
88 57
85 33
66 71
114 75
14 44
99 105
81 97
52 100
62 2
76 53
112 112
44 80
36 48
40 93
72 113
112 27
82 77
35 94
63 93
47 21
40 47
43 87
0 40
15 43
12 127
113 111
121 0
116 127
0 7
105 74
46 83
61 44
99 107
92 124
73 32
116 60
87 81
60 70
39 3
24 111
102 124
24 33
76 36
71 86
71 111
37 46
57 4
101 127
64 125
61 4
1 3
10 84
33 18
95 97
73 122
55 114
12 9
78 50
101 1
54 42
24 115
28 48
68 45
78 81
55 3
107 85
69 63
84 13
11 54
94 35
65 29
93 68
8 123
9 6
112 16
97 109
27 44
61 92
100 104
87 46
39 11
75 36
96 20
105 98
45 8
32 60
115 123
23 6
28 57
73 44
74 23
29 31
79 40
72 107
114 91
20 76
11 53
97 25
81 70
20 39
58 55
76 75
8 81
7 59
58 120
124 38
6 11
72 122
2 117
23 116
53 104
81 27
115 92
56 113
101 91
14 13
124 32
86 98
103 53
71 47
90 80
15 37
90 121
36 81
101 92
67 123
16 111
109 99
58 54
64 26
46 22
32 52
45 15
18 80
101 15
109 29
18 96
76 110
49 103
68 52
80 27
64 24
88 83
83 9
126 126
53 43
115 79
51 6
34 49
97 64
63 31
14 37
113 84
114 70
59 57
3 124
73 58
116 79
78 76
95 125
117 89
44 16
34 83
50 20
24 91
43 16
114 2
83 49
59 31
12 54
112 85
83 68
6 38
93 32
42 88
78 79
123 6
72 9
64 57
47 85
39 45
18 108
89 121
8 89
11 78
109 108
116 104
115 106
3 73
69 57
98 106
77 52
69 6
61 41
103 97
108 84
102 123
14 10
44 76
69 112
64 122
80 36
102 89
16 78
29 32
58 7
70 44
23 35
48 77
89 44
115 20
54 4
114 24
106 122
0 78
68 31
64 59
109 94
29 35
63 32
70 112
98 65
96 86
75 6
67 75
37 88
67 30
90 48
61 0
102 54
55 119
70 87
73 77
77 31
20 29
99 110
36 5
95 88
29 38
7 82
91 84
14 11
93 69
67 31
7 41
89 58
3 117
39 95
43 120
101 51
54 12
67 55
57 118
18 117
68 68
50 86
55 10
34 2
42 91
100 120
18 2
41 87
86 46
75 24
110 109
70 76
4 77
63 126
9 36
88 59
105 123
35 84
45 118
83 96
67 62
28 35
44 18
36 0
107 29
0 1
6 118
89 83
39 87
118 0
99 16
84 123
4 18
54 96
108 0
73 108
34 88
123 40
97 66
79 24
45 0
6 53
116 25
82 95
82 10
113 124
59 46
96 44
107 76
102 108
33 84
40 90
57 96
66 29
61 70
103 90
123 36
95 42
28 94
68 26
113 78
99 53
126 41
11 74
55 104
98 67
45 25
110 53
80 30
48 4
16 81
24 112
127 1
67 59
18 110
17 41
113 92
44 61
76 102
37 94
47 22
17 34
114 76
100 26
82 31
2 71
32 88
31 8
53 7
77 107
118 73
7 40
46 88
65 27
44 59
4 72
14 98
107 114
34 50
51 97
66 22
29 40
7 72
5 73
17 50
33 57
118 102
68 44
114 27
51 121
64 20
24 55
110 96
29 49
16 34
107 113
119 77
32 89
101 49
19 33
33 72
105 102
45 75
35 52
94 46
107 89
17 123
79 100
99 17
17 108
11 8
108 112
31 42
83 12
96 32
42 59
1 121
61 31
116 123
59 90
90 40
92 36
37 53
18 81
33 12
118 7
95 85
96 30
40 15
27 96
100 115
8 42
114 74
3 11
77 58
54 95
82 49
91 47
126 0
106 84
104 125
109 83
35 89
20 105
47 13
21 54
88 15
36 10
57 53
104 2
10 52
53 3
43 12
32 6
105 89
67 72
70 57
18 34
100 87
12 17
5 117
77 77
30 91
73 121
54 5
30 8
25 115
91 38
26 109
44 91
72 25
24 113
60 30
81 35
75 42
97 94
74 42
58 44
107 92
45 6
61 59
4 79
47 87
75 58
66 77
30 36
39 56
62 71
35 4
98 102
97 42
116 73
81 31
84 78
60 119
7 87
36 127
8 88
2 74
96 92
86 13
53 10
75 34
56 97
120 76
96 29
107 54
115 89
54 8
81 75
40 3
80 107
83 103
111 94
38 122
71 61
119 2
108 75
78 57
118 124
27 46
88 81
30 62
43 81
26 39
28 19
34 84
46 75
28 34
119 4
16 40
123 31
111 109
113 26
7 121
57 32
100 113
116 93
63 56
45 101
10 105
88 60
47 84
50 5
112 21
110 94
114 71
21 34
13 73
38 88
96 25
100 108
123 1
108 94
114 97
3 76
118 87
85 124
11 77
107 74
102 88
29 97
45 21
33 73
51 1
78 54
80 75
3 4
65 30
69 61
7 37
41 84
93 125
27 38
30 109
109 86
47 104
85 22
60 0
22 33
87 39
33 83
11 85
35 82
105 124
110 125
32 19
8 86
59 39
67 57
1 6
102 52
31 61
79 25
71 8
36 12
11 34
77 55
56 48
33 49
86 58
125 7
95 28
117 98
119 75
6 57
1 40
2 33
13 43
41 125
17 114
79 37
20 30
93 124
68 75
83 94
45 79
78 101
82 32
83 67
46 9
80 49
43 5
96 93
100 54
14 102
101 0
120 3
48 13
14 82
21 53
106 30
5 79
49 80
124 2
55 15
21 49
43 103
101 19
66 23
27 106
76 80
69 27
26 48
45 81
41 58
95 33
99 47
111 28
16 38
36 124
17 121
7 56
76 78
82 99
30 34
19 83
115 2
81 32
47 88
92 29
110 73
11 13
68 70
118 99
2 17
39 46
12 73
55 51
79 29
35 56
12 86
39 91
36 68
110 68
100 122
27 108
22 57
64 73
9 124
26 45
43 92
36 15
109 97
38 94
31 9
102 91
114 25
10 40
51 13
66 60
12 25
78 30
16 50
29 59
109 68
24 34
33 54
78 92
109 72
32 9
114 5
43 83
101 89
43 4
8 69
55 115
119 37
5 122
55 54
8 85
3 8
113 25
6 59
109 51
74 79
16 120
100 16
108 87
66 35
8 36
50 87
19 53
56 117
33 4
10 104
104 52
82 11
17 97
16 41
54 43
91 42
89 15
9 103
41 14
73 80
19 50
32 38
98 111
15 119
16 36
108 95
104 16
108 66
29 108
44 57
90 124
76 42
114 23
46 104
73 105
4 9
41 56
55 5
102 72
74 116
115 96
76 104
3 18
59 123
97 40
77 74
18 82
35 50
13 0
11 72
73 6
116 89
46 16
78 41
83 109
15 103
98 50
126 123
90 81
114 1
30 105
35 1
115 88
35 49
94 84
60 122
2 123
76 34
35 22
89 36
32 84
113 86
116 105
8 74
105 73
101 121
96 41
37 67
79 35
72 120
105 75
115 76
94 83
10 124
80 101
76 35
48 102
41 55
15 32
110 74
69 45
53 11
47 77
26 33
45 23
86 127
80 39
97 17
18 48
47 16
77 93
56 46
96 15
25 59
52 122
8 71
11 76
10 75
83 33
107 115
34 7
69 70
30 22
9 8
42 61
86 52
51 101
83 38
85 28
14 42
16 96
9 70
36 71
77 54
18 78
16 119
12 14
26 47
52 5
103 3
17 49
115 69
99 119
19 51
61 54
76 111
29 33
88 117
33 59
89 120
120 36
53 101
25 92
108 69
83 101
53 99
67 25
8 126
27 35
119 87
28 106
31 7
108 122
97 122
53 41
42 57
42 0
78 31
88 118
80 29
19 95
33 93
41 83
14 39
87 126
109 111
63 120
99 89
20 31
0 75
113 85
30 19
35 46
91 39
96 91
65 124
13 36
76 77
3 3
13 9
107 50
30 94
25 38
90 118
97 21
116 91
45 9
71 112
87 15
49 3
44 119
1 9
118 76
35 72
45 83
