99 71
89 21
42 57
3 99
122 98
45 105
102 92
74 84
49 12
73 0
54 72
51 82
10 74
86 40
21 8
0 56
26 32
120 121
64 93
104 42
9 12
24 35
69 71
77 25
69 8
43 54
124 5
9 100
122 0
70 111
75 12
99 56
117 123
10 105
95 39
77 102
35 105
124 85
37 66
107 113
12 21
100 2
19 59
9 0
23 30
47 123
107 21
71 60
117 60
3 28
107 35
2 20
99 7
75 114
50 35
53 51
35 120
62 84
122 88
31 40
23 110
34 19
71 70
101 2
37 43
71 46
17 109
111 69
120 0
117 18
45 79
114 30
80 120
36 29
42 25
126 107
28 5
117 82
101 37
110 107
121 85
84 116
91 58
38 22
16 46
50 86
100 12
80 8
14 66
96 10
68 97
9 109
107 64
70 45
55 8
86 10
102 54
33 67
4 13
116 105
104 44
89 96
60 118
105 14
11 42
97 36
47 113
119 64
73 102
82 94
62 3
19 38
4 43
42 45
21 91
85 19
8 17
70 106
46 121
9 106
10 55
23 31
89 71
44 47
104 69
1 103
63 8
9 62
69 86
40 67
68 98
4 90
98 97
94 9
59 5
28 17
127 44
74 67
123 111
62 37
19 57
102 31
88 76
20 15
96 85
4 101
66 74
33 89
121 57
12 80
114 73
31 107
105 93
66 47
89 125
25 127
60 22
54 66
102 113
39 24
54 88
4 110
36 46
80 78
23 15
121 16
108 57
61 98
44 127
28 120
82 78
58 123
29 53
83 86
122 119
60 45
61 94
24 49
37 72
65 106
5 40
72 86
122 33
35 97
107 118
118 45
60 6
102 6
65 41
119 118
53 17
32 51
118 50
105 52
127 70
108 22
7 44
82 124
88 20
117 58
21 79
47 86
33 5
24 57
14 78
54 119
50 3
14 13
17 4
15 17
116 54
118 21
91 64
112 124
78 58
28 64
68 27
90 36
63 5
108 34
21 26
48 98
57 54
95 13
29 67
68 70
57 122
84 24
62 66
113 43
97 100
48 72
25 16
61 36
59 100
17 91
80 100
98 9
108 36
112 91
3 114
71 103
43 64
125 91
114 99
72 24
66 90
109 12
64 47
126 42
86 16
118 116
119 19
28 107
54 101
75 28
115 0
100 26
23 54
47 84
6 44
95 54
53 60
61 100
17 90
0 19
77 30
78 20
34 17
126 89
124 42
102 22
20 46
85 63
42 99
0 8
19 123
42 43
93 85
24 108
60 111
42 51
72 55
98 44
62 102
34 123
58 48
47 115
119 9
18 25
86 116
23 95
0 123
89 9
45 14
127 117
86 35
2 67
99 73
26 38
8 91
118 38
63 60
115 109
55 88
104 117
5 38
127 57
49 51
86 61
1 69
3 29
28 121
51 11
27 74
51 99
126 48
88 89
109 88
51 45
117 37
91 123
30 62
103 2
64 77
117 76
7 10
119 104
120 14
19 69
121 33
102 21
124 77
21 63
60 71
9 14
127 124
116 38
68 4
84 50
44 30
125 17
51 113
95 58
95 24
39 120
53 24
119 88
40 82
70 100
110 61
23 87
127 51
121 91
6 38
118 94
44 111
113 25
76 69
1 109
40 24
95 32
73 52
29 100
119 66
118 59
112 77
124 11
7 16
24 86
40 107
14 35
66 102
42 23
60 52
43 95
98 85
52 65
40 13
79 98
22 6
35 126
73 127
5 5
73 112
120 101
125 21
89 34
17 16
44 104
78 33
78 107
12 33
126 31
8 36
86 92
44 62
43 9
71 18
52 32
20 22
57 84
62 91
31 8
66 120
52 117
21 35
113 7
77 47
96 49
79 59
100 112
77 14
26 40
1 115
21 18
39 14
71 21
24 96
59 76
46 107
100 94
80 65
10 30
58 116
103 127
25 78
73 51
96 126
120 51
37 95
70 116
44 55
8 123
96 82
81 1
36 38
28 40
41 68
59 18
91 11
107 94
120 108
81 122
115 52
87 32
107 1
60 80
111 41
87 44
98 32
1 118
92 115
35 60
64 26
108 70
111 23
94 88
33 114
16 32
74 118
28 39
104 81
14 106
21 127
35 123
66 126
108 33
124 72
4 18
77 116
115 2
75 60
103 62
40 121
127 29
75 100
16 99
26 60
34 65
123 44
54 7
61 40
93 52
94 38
9 29
18 113
111 122
117 71
112 46
30 93
51 116
35 124
36 107
13 3
3 127
94 119
42 61
51 55
115 102
120 22
98 96
20 75
79 119
51 121
53 40
85 54
97 115
11 83
21 25
107 75
95 59
74 34
68 89
55 57
17 83
12 43
70 58
88 113
101 11
26 19
31 35
55 77
98 84
72 87
22 78
103 40
56 50
99 25
82 111
26 87
5 64
108 43
65 54
119 51
126 98
61 66
48 69
42 29
28 24
10 32
53 25
0 15
77 22
25 11
97 25
90 40
106 42
91 94
20 74
112 126
70 2
74 16
5 27
112 11
127 34
99 40
108 81
21 110
50 41
52 75
87 107
41 98
84 53
72 109
106 74
75 81
41 34
81 15
82 36
92 72
77 115
51 48
121 73
83 44
102 109
121 46
95 116
95 29
95 9
75 65
85 13
39 85
93 32
68 8
59 74
0 22
66 52
114 55
41 57
45 0
45 90
43 71
110 33
24 69
99 54
38 9
92 44
116 90
50 100
12 11
86 109
63 95
29 108
123 88
79 48
63 82
12 101
95 76
109 104
116 123
75 80
18 125
29 93
106 101
98 117
45 109
76 88
2 112
8 75
44 26
124 127
94 26
113 113
7 7
17 5
127 27
56 91
39 79
18 76
124 16
83 90
79 127
28 83
76 41
16 4
92 109
1 19
48 12
55 65
109 7
19 88
34 127
102 103
34 110
6 56
100 47
67 21
107 19
92 37
115 38
120 79
95 86
122 30
66 68
78 37
48 97
124 17
101 38
40 92
21 87
30 22
19 101
105 58
48 49
9 88
8 54
114 20
27 82
22 22
63 117
113 81
124 1
90 53
115 54
11 41
122 3
84 13
69 9
20 88
100 54
108 20
18 116
36 11
119 4
117 19
60 89
103 27
82 123
31 2
68 65
41 38
6 119
79 126
55 102
59 97
52 17
100 115
119 123
18 52
99 46
32 125
91 85
89 116
17 117
0 1
23 108
39 98
55 76
115 13
74 109
60 103
108 29
78 44
15 105
26 119
49 84
119 94
81 125
92 127
30 10
45 72
2 115
5 97
91 43
16 22
11 49
40 97
80 112
118 0
94 124
76 91
105 29
119 98
25 55
22 95
19 78
33 95
52 84
20 32
15 13
74 10
14 20
61 97
76 21
113 76
112 29
48 29
61 105
96 62
66 62
99 78
61 37
17 102
39 70
90 100
20 38
74 91
5 95
3 59
94 25
26 94
73 21
109 122
120 91
53 104
3 111
59 110
105 96
13 1
62 112
120 113
106 103
91 68
60 97
26 61
55 20
6 114
121 119
79 39
111 67
6 108
112 34
89 53
78 112
30 87
101 85
88 125
62 30
126 45
94 58
28 20
54 115
44 60
31 32
25 96
122 124
40 75
19 97
90 97
72 65
16 108
58 114
70 118
64 12
6 121
127 56
58 47
93 113
118 126
0 37
12 38
85 78
121 59
14 102
31 68
106 56
106 41
40 112
113 95
86 31
79 38
14 95
76 126
92 18
99 88
20 21
91 99
109 77
62 85
26 121
11 121
68 83
77 54
63 36
9 95
29 71
86 14
40 3
87 37
106 54
31 58
6 25
68 29
10 76
16 76
67 101
11 93
27 34
125 101
18 61
54 30
40 127
28 91
41 108
35 114
73 38
59 63
57 117
60 50
66 49
46 4
45 63
99 63
3 110
95 6
106 88
107 77
15 121
96 92
74 31
78 119
5 123
123 120
27 68
89 118
29 23
127 31
119 71
125 123
39 10
104 54
18 44
13 101
1 119
12 124
95 113
106 43
18 92
43 42
56 41
39 15
44 93
118 12
27 101
9 75
127 46
78 126
19 27
55 70
77 72
67 54
68 28
98 55
106 12
2 43
125 104
78 11
27 63
99 34
84 51
103 107
11 53
50 94
16 11
10 70
69 2
43 90
9 96
37 110
109 127
8 22
50 74
29 95
44 81
109 50
101 102
30 94
107 52
24 121
82 75
99 111
75 76
102 34
57 59
117 48
0 103
32 55
68 112
36 118
73 33
39 47
29 113
70 112
20 59
113 48
52 119
75 31
109 57
1 82
51 17
96 16
41 45
2 51
18 0
115 10
63 61
75 11
106 59
92 55
93 101
11 54
2 78
120 72
68 17
50 104
99 52
105 105
3 64
89 120
24 8
123 56
91 86
88 112
82 51
56 85
36 108
32 53
37 109
38 13
99 12
52 6
40 38
37 113
109 5
89 77
120 102
121 50
19 87
104 121
19 49
94 53
78 116
45 88
113 87
91 40
118 61
38 119
29 41
13 74
15 15
59 65
76 7
17 75
52 53
83 14
33 20
19 96
85 112
50 1
17 42
58 68
115 79
61 114
99 28
119 59
86 47
97 77
113 33
84 49
91 3
79 111
79 42
36 30
121 97
57 13
126 91
55 13
97 34
81 76
43 23
122 48
118 71
10 95
48 21
34 86
74 108
120 117
94 15
120 4
31 38
53 42
48 118
48 103
122 25
114 70
29 51
62 72
37 21
66 21
116 9
45 31
56 97
5 69
115 110
101 72
127 75
62 34
1 4
33 23
57 106
9 28
22 126
120 23
4 29
7 11
3 102
77 73
101 36
69 106
62 116
112 68
33 47
77 61
79 51
57 83
63 22
83 62
9 34
5 79
97 125
18 78
125 23
54 103
122 123
118 93
73 56
104 88
31 26
77 37
99 49
99 31
92 94
99 42
18 93
9 55
30 122
77 6
6 124
66 29
124 4
31 12
7 1
20 93
45 15
22 82
115 58
66 125
29 17
73 7
44 72
98 50
21 68
61 54
113 70
97 59
96 29
61 67
115 75
16 48
97 102
85 90
53 95
75 5
80 55
115 111
47 76
41 58
40 98
65 105
114 27
88 77
34 96
67 93
51 33
44 49
42 89
123 49
17 46
15 125
118 113
125 126
116 0
122 11
104 78
51 76
62 39
87 106
82 125
77 32
122 67
86 86
48 62
35 8
28 112
96 124
26 33
85 36
68 84
61 106
42 54
70 6
93 0
63 123
72 10
4 5
15 78
27 22
93 91
73 121
50 110
14 12
83 50
92 4
54 37
30 120
26 48
69 49
80 82
60 12
118 85
73 69
82 11
5 58
104 33
70 27
95 67
6 115
10 11
118 11
85 109
24 44
62 89
98 101
98 46
37 20
83 35
102 15
107 101
42 15
33 70
118 120
21 5
28 59
79 44
83 15
39 27
86 43
60 101
127 94
23 66
6 53
104 20
81 65
27 41
64 53
78 72
8 76
126 61
53 118
117 46
4 19
72 121
127 108
28 119
53 103
90 20
0 95
53 111
106 95
16 16
123 32
92 93
115 59
78 51
96 74
17 40
80 122
36 81
106 96
60 122
14 105
117 106
64 52
70 22
48 33
31 54
48 24
28 72
107 6
113 30
16 87
73 105
51 107
71 52
89 20
68 21
94 77
84 0
124 122
51 38
116 79
52 14
34 49
101 58
67 30
16 40
124 79
116 65
65 57
126 119
78 60
117 79
80 75
89 126
1 90
46 25
33 83
55 31
24 84
45 25
114 4
95 51
65 26
7 58
123 80
92 71
6 41
100 27
41 90
80 79
125 5
76 18
67 61
50 82
44 51
16 100
79 122
13 84
12 75
106 108
122 103
125 111
1 67
72 59
96 103
80 53
74 14
63 35
104 98
119 82
96 123
16 13
44 70
61 110
60 119
88 34
107 93
18 69
38 30
68 12
73 44
25 35
52 71
98 43
121 17
59 10
119 25
102 119
0 76
74 29
69 62
116 99
39 36
67 31
62 110
102 59
99 87
82 5
60 74
35 88
71 30
101 48
63 4
114 60
49 117
66 85
72 74
86 25
20 29
87 110
35 11
100 92
37 40
10 79
94 85
16 14
97 70
71 31
5 46
98 62
0 108
40 101
42 118
108 53
60 21
71 56
52 116
23 113
60 63
54 81
62 16
31 4
41 93
93 120
17 1
40 86
91 47
84 16
107 109
67 75
3 74
71 126
5 36
97 63
101 120
34 84
39 112
84 86
70 68
38 36
45 29
33 2
111 30
7 0
3 109
95 77
37 85
119 127
105 7
75 122
4 25
51 94
109 3
61 102
31 88
117 49
101 60
87 17
48 6
1 47
122 24
83 85
83 1
113 124
60 41
108 47
107 78
93 105
28 81
39 92
59 93
71 27
53 62
113 88
120 42
107 40
24 95
75 23
114 78
108 59
120 50
16 63
55 103
102 62
49 36
124 57
91 26
50 11
26 73
28 113
6 0
71 62
16 104
20 44
125 95
53 54
67 95
36 96
49 33
17 33
115 76
109 23
93 27
122 70
29 88
21 11
58 16
74 101
121 72
5 44
46 89
71 23
53 52
4 65
10 92
106 117
34 50
49 99
73 19
41 44
8 61
7 66
13 52
33 65
6 103
69 48
122 27
44 118
70 16
23 53
119 102
27 49
16 33
106 116
122 78
28 90
110 53
20 34
36 73
104 106
45 69
37 59
106 44
117 91
20 124
74 92
107 11
15 100
13 11
108 115
43 46
85 7
104 30
50 51
125 116
65 30
119 120
56 83
99 39
101 34
48 59
28 73
23 17
118 9
98 86
104 27
40 25
25 99
95 114
5 49
115 74
1 17
88 64
51 92
91 52
103 47
4 126
115 83
100 123
121 82
33 90
22 100
52 23
19 54
93 8
30 11
63 50
99 4
6 55
58 9
43 22
23 8
115 91
63 68
75 61
19 35
109 83
13 23
2 107
79 77
25 90
72 118
57 12
20 11
34 118
100 37
31 109
43 92
79 20
32 116
67 24
88 32
80 41
102 96
79 41
57 40
117 94
44 10
58 59
6 84
47 88
83 63
58 78
40 37
47 48
54 65
32 7
96 99
109 41
119 72
92 27
86 81
56 116
12 81
33 1
13 82
0 68
99 96
88 4
57 18
81 33
56 96
123 76
105 24
119 60
127 90
59 17
85 76
36 8
76 102
90 101
118 99
36 122
75 66
120 1
108 77
87 62
121 121
24 46
92 74
31 72
43 77
34 41
17 20
33 84
47 70
37 32
120 3
19 43
117 33
113 109
118 27
5 113
60 29
97 110
1 96
66 60
40 103
7 108
97 64
52 77
49 15
117 20
117 99
116 66
22 33
18 62
36 86
103 20
90 106
1 127
115 99
122 100
2 73
2 86
75 125
11 72
107 76
112 86
30 100
45 33
36 74
54 4
84 54
83 72
9 4
70 28
73 66
8 39
41 83
86 127
35 40
36 110
120 88
45 108
96 19
62 4
24 33
96 37
28 80
16 80
34 82
101 121
113 0
25 25
13 80
59 34
70 59
123 10
114 58
32 71
87 18
76 16
30 16
11 29
86 59
56 43
33 49
94 63
1 9
102 23
126 99
122 75
0 55
124 49
0 31
15 46
43 126
16 109
88 38
20 30
86 126
64 75
84 83
48 75
69 93
93 28
92 69
45 16
89 52
41 8
99 97
109 60
10 97
94 2
121 2
47 18
19 76
19 53
109 31
8 82
56 74
2 0
63 23
22 50
40 105
109 15
73 20
30 104
78 81
76 24
23 48
47 78
49 50
103 31
104 51
115 29
18 41
34 124
20 122
126 52
78 78
82 98
40 35
29 75
116 5
92 28
47 89
99 24
111 76
13 15
63 66
2 99
126 24
44 54
17 62
57 49
90 25
42 65
20 84
37 93
37 65
111 66
93 123
32 108
21 60
54 73
10 111
23 45
42 94
32 18
117 104
39 100
21 12
107 95
119 26
8 44
54 20
70 64
8 25
88 26
12 52
30 63
109 66
26 34
32 56
75 84
109 70
25 12
112 6
45 82
106 93
41 7
12 57
50 111
115 41
2 113
59 52
13 79
127 12
118 26
0 57
123 55
74 80
19 119
106 7
119 89
75 34
4 36
54 83
17 53
51 115
27 7
6 105
116 58
83 2
15 88
19 44
53 39
100 41
94 8
5 98
41 24
73 82
18 49
46 42
86 111
15 118
22 38
114 102
112 15
107 63
35 109
52 49
80 125
81 41
119 22
44 108
63 97
127 15
49 48
58 12
98 75
67 115
123 99
66 98
1 26
59 3
109 37
77 70
28 74
36 56
16 126
14 60
77 9
0 90
49 26
85 44
80 108
12 98
107 55
118 118
96 75
114 3
36 106
32 3
127 89
40 59
97 85
55 121
125 118
84 33
31 29
97 33
27 81
125 82
124 107
9 63
104 77
95 121
108 38
38 64
86 32
74 112
103 81
118 75
95 83
11 111
74 96
85 35
47 105
49 47
15 31
111 77
70 49
57 20
51 71
33 32
47 35
78 3
87 41
105 11
12 46
50 28
74 85
54 43
101 10
24 62
45 122
10 58
9 70
15 66
94 29
106 118
27 13
66 64
20 27
10 13
51 54
97 54
51 102
92 40
96 24
16 45
14 87
13 58
39 71
83 54
20 69
17 118
14 17
23 47
53 13
97 6
10 49
117 64
90 117
18 50
67 52
74 107
38 31
78 117
32 68
79 120
116 39
54 98
25 85
108 67
90 99
54 94
74 22
7 121
36 35
7 88
31 104
22 9
103 121
89 121
53 36
50 49
44 1
88 29
78 118
91 25
17 86
32 95
41 82
16 42
77 127
109 114
59 117
104 93
20 31
125 69
124 80
21 22
39 55
100 38
99 95
56 126
11 38
78 77
7 4
15 12
119 53
26 95
33 35
86 115
105 18
1 93
42 16
63 110
90 10
52 9
42 116
123 16
121 77
38 73
47 82
