101 70
90 25
38 51
3 101
121 97
45 106
102 89
75 86
51 11
70 5
57 73
49 84
12 74
87 38
27 12
127 59
29 33
118 127
61 89
101 44
9 11
27 36
69 67
76 28
65 12
39 50
123 9
15 99
121 5
68 112
71 13
96 54
115 126
12 102
94 38
78 103
35 102
127 88
36 69
108 111
13 20
106 4
19 56
12 2
28 31
49 123
104 21
70 61
115 61
3 27
103 38
2 21
96 11
81 115
45 32
52 56
41 120
63 85
122 88
31 43
25 110
34 22
70 66
107 4
31 41
73 42
20 110
110 67
120 4
114 20
45 81
112 30
84 121
32 33
39 21
127 111
31 6
119 85
100 38
106 104
121 87
83 119
93 58
37 19
19 44
49 85
98 12
78 3
10 66
94 12
68 96
11 105
108 63
72 41
55 9
88 9
98 52
32 62
4 16
115 100
101 46
83 97
58 121
100 14
17 40
96 38
45 113
117 70
72 104
82 96
66 4
23 36
6 41
35 42
22 93
88 23
8 20
66 111
48 122
11 103
13 53
28 32
86 72
37 44
102 67
1 104
61 6
9 64
68 86
42 74
68 97
3 89
99 93
92 11
57 0
31 19
126 43
72 65
116 109
59 40
19 55
100 30
84 78
27 16
97 84
3 102
64 74
36 87
118 59
9 81
114 75
32 105
107 90
58 49
89 125
25 126
62 20
53 67
97 110
36 20
54 87
5 114
32 42
76 75
29 16
117 20
108 59
60 95
43 1
28 117
77 75
60 124
30 53
82 91
127 119
57 48
60 93
26 51
34 71
65 113
5 39
74 88
121 35
37 94
108 115
121 43
58 1
98 9
65 43
125 118
53 16
30 51
120 47
108 50
1 72
105 22
9 42
86 124
89 24
115 59
16 78
48 85
33 9
22 56
11 79
53 121
53 1
13 14
18 5
14 18
116 57
115 23
93 65
113 127
81 56
26 63
70 28
90 37
67 6
104 37
25 21
50 99
54 54
96 13
28 64
68 66
59 123
84 31
60 71
115 42
96 100
48 75
31 17
58 39
62 100
20 95
81 98
95 12
104 39
116 91
4 118
71 104
38 58
126 91
114 96
72 28
63 87
103 13
57 49
3 39
88 20
123 117
116 22
30 107
54 105
75 30
116 2
99 28
23 56
46 84
8 42
93 52
52 60
64 100
20 94
0 20
80 31
78 25
34 20
127 89
123 38
101 24
22 43
84 57
43 93
125 9
17 119
35 40
94 84
22 111
61 112
40 48
70 57
97 45
65 102
34 1
56 50
46 119
120 10
22 21
84 120
28 93
127 121
89 9
43 13
0 116
85 35
4 70
99 74
25 37
7 90
120 37
62 60
112 110
55 87
101 120
4 38
126 60
49 57
85 56
3 72
3 28
28 118
53 10
19 77
53 100
127 53
92 87
108 89
54 44
119 36
90 122
27 62
108 5
64 75
115 79
8 10
118 99
119 16
19 73
120 35
101 23
122 79
22 64
58 75
9 13
126 122
118 37
66 10
87 50
42 27
1 18
50 116
95 55
94 25
43 120
47 22
120 88
41 82
72 102
111 62
25 90
0 54
121 90
5 38
115 94
44 114
107 23
74 70
2 113
37 20
96 35
71 56
29 96
117 72
116 60
112 76
0 15
7 19
26 89
43 107
20 36
65 100
39 19
56 54
45 92
99 84
52 67
41 15
76 102
24 7
36 3
70 4
3 6
65 120
118 97
0 23
89 36
16 17
44 105
82 33
79 104
19 33
0 35
10 37
83 96
39 57
43 10
71 21
47 28
23 19
61 86
61 88
32 11
62 122
51 119
25 35
116 9
80 46
92 48
82 57
97 109
82 10
24 39
2 119
29 17
40 16
71 25
29 94
60 77
48 106
101 90
79 68
10 34
56 119
108 3
18 78
71 55
96 125
122 48
39 92
64 121
40 51
8 123
98 81
84 6
33 38
26 39
43 75
62 16
91 11
109 91
115 109
85 122
114 56
88 35
109 2
60 79
114 41
88 41
98 35
2 120
94 117
35 55
64 31
108 68
113 22
94 85
30 113
21 34
68 121
26 38
102 78
18 108
23 126
35 1
68 4
104 36
127 73
4 18
81 117
116 3
72 59
104 61
44 121
0 28
74 102
20 103
24 62
32 61
122 38
54 8
59 42
91 50
93 37
9 33
17 113
112 126
115 74
106 45
33 90
50 118
35 2
36 104
16 6
126 4
95 118
38 57
50 60
116 97
117 24
99 92
17 76
83 120
51 122
53 41
87 54
95 114
8 83
25 20
108 75
95 56
71 35
74 90
59 60
11 83
18 41
69 59
94 111
99 11
31 20
29 39
49 81
99 83
74 89
17 77
100 43
54 52
98 27
81 112
28 89
5 68
105 43
59 56
121 48
1 99
59 71
48 73
42 29
30 26
10 35
47 23
3 17
76 26
29 14
96 26
89 38
102 44
85 97
17 75
111 127
68 9
76 12
4 27
110 15
2 36
98 41
110 78
19 113
51 41
48 81
93 107
42 92
86 53
67 112
107 74
73 77
36 34
83 21
82 37
87 72
81 116
51 54
119 76
85 41
101 107
123 44
94 115
94 30
93 11
73 63
86 18
41 85
92 31
64 12
59 76
1 22
60 54
114 58
37 51
44 2
46 88
44 76
105 37
21 73
96 52
40 9
92 44
118 90
52 101
11 12
92 108
60 90
31 108
123 88
81 45
64 84
17 104
94 78
105 103
114 126
73 76
14 125
32 90
107 100
96 118
47 108
78 89
3 116
10 75
41 25
121 4
93 27
110 110
3 8
18 6
0 27
56 91
41 76
15 77
0 17
80 91
83 127
34 85
81 40
17 5
95 108
1 20
50 11
54 66
105 11
22 92
35 4
103 103
34 107
9 53
97 47
69 24
104 19
92 37
117 37
116 80
96 85
127 34
68 65
81 37
50 98
0 18
100 39
42 89
24 91
32 24
21 102
106 59
48 55
9 85
11 52
113 19
33 84
25 19
60 121
115 82
122 5
89 50
115 57
17 39
122 7
85 18
65 13
23 92
97 52
105 20
18 114
35 11
119 8
114 21
59 90
101 27
86 123
32 6
67 63
36 38
8 121
83 126
55 106
58 94
52 16
97 117
117 127
19 52
96 46
30 120
93 85
92 117
17 115
123 5
21 111
40 92
49 80
117 16
69 112
63 103
109 28
80 44
19 107
26 115
47 83
116 94
85 125
93 1
33 15
46 77
3 119
9 99
91 43
21 22
17 49
41 91
83 114
118 4
95 122
79 90
103 28
119 95
24 57
27 93
15 79
35 92
50 85
25 33
14 14
70 11
14 19
60 94
75 25
113 75
110 29
44 25
62 104
95 58
65 61
97 76
58 40
21 104
36 70
83 100
24 36
70 93
9 98
1 60
93 26
31 92
72 24
111 126
120 90
53 108
4 115
60 111
107 93
15 5
63 112
114 110
108 101
86 69
59 94
24 63
54 17
6 117
126 119
82 39
110 65
9 104
106 37
88 50
81 114
34 86
100 82
88 125
59 35
125 44
94 55
32 20
54 120
38 55
31 29
30 94
119 1
37 73
21 100
84 98
70 63
19 109
55 118
63 121
64 14
7 122
126 59
56 49
93 116
118 2
3 37
19 37
83 78
118 61
19 105
30 63
107 58
102 43
43 113
113 95
87 34
82 38
18 94
80 126
92 23
100 87
23 18
84 99
110 77
63 86
27 116
10 121
68 83
80 56
60 39
15 96
21 74
87 19
38 3
86 36
107 56
28 61
12 23
70 30
12 76
13 77
66 99
17 95
30 35
123 99
14 63
48 27
37 2
33 89
44 108
31 114
75 43
60 69
55 120
55 53
58 50
45 3
40 58
98 59
4 114
91 9
103 87
108 77
11 122
100 89
70 33
82 120
6 123
0 120
27 64
92 119
31 25
1 35
117 74
125 122
41 10
100 47
20 42
18 104
2 121
10 122
94 113
102 45
21 96
36 39
56 42
40 17
46 91
118 16
28 96
11 75
126 45
82 126
23 22
57 72
73 72
60 55
70 29
95 53
101 13
5 40
1 105
81 9
25 62
98 37
87 51
102 106
14 51
54 91
15 12
14 71
67 9
45 87
15 97
37 107
110 1
5 24
49 77
32 92
43 81
105 45
102 102
33 91
110 57
19 119
78 73
96 108
72 74
101 36
60 61
119 45
0 104
32 55
67 114
31 116
70 34
33 43
30 112
68 113
20 56
107 46
51 121
71 33
109 59
127 84
51 16
97 19
34 42
1 53
19 3
117 10
62 61
71 12
107 60
91 52
90 100
14 52
126 85
118 75
70 13
51 105
98 51
104 104
3 68
91 120
30 12
119 59
93 86
94 110
85 51
60 87
36 105
32 53
37 106
39 15
97 12
54 4
35 38
39 114
109 4
85 79
118 98
123 47
22 91
108 125
19 50
92 51
82 117
46 86
110 90
90 38
116 62
42 119
27 40
14 72
14 16
61 70
75 3
14 76
51 58
84 19
33 23
21 99
91 111
52 0
20 40
58 71
115 81
57 119
98 30
117 60
87 42
95 78
107 36
87 49
93 3
82 113
82 43
32 34
120 96
62 13
127 91
61 13
97 37
77 74
40 19
123 45
116 74
16 96
43 22
37 86
69 111
126 117
96 19
120 8
28 40
54 42
48 120
50 105
118 27
112 68
29 52
59 74
36 18
68 24
118 9
43 28
57 93
7 69
112 111
100 75
127 74
59 37
126 8
35 20
56 108
9 32
24 125
117 25
4 28
8 11
2 103
73 73
100 37
65 111
59 120
111 66
33 45
80 59
80 47
61 85
63 21
83 57
11 36
6 77
97 124
14 79
127 24
54 107
119 0
115 93
71 58
102 88
31 27
80 37
98 49
99 34
86 97
98 43
21 97
12 53
29 119
76 2
7 124
68 30
123 8
34 17
1 5
22 98
43 14
19 79
113 59
68 3
32 19
69 10
45 77
97 50
21 72
55 55
111 68
96 57
95 30
59 72
115 77
19 45
96 102
81 92
52 103
70 9
84 53
112 112
45 79
37 52
41 92
65 112
114 28
84 79
36 93
64 88
46 29
41 51
44 86
124 46
20 44
12 123
113 111
122 3
117 2
126 15
101 77
47 82
60 41
93 106
86 125
81 32
118 66
86 86
51 65
38 8
29 111
96 123
29 34
84 36
68 84
62 105
38 50
65 11
94 2
61 126
69 11
2 6
12 79
30 24
94 94
67 122
49 114
13 13
86 50
94 4
53 39
29 115
27 50
72 44
77 84
61 7
119 87
71 66
87 8
10 54
102 35
71 29
100 70
6 118
10 10
118 15
91 108
26 46
62 87
97 101
95 46
36 17
83 36
99 15
108 100
42 14
30 64
116 126
23 6
26 61
81 44
84 20
34 32
87 40
63 101
127 92
22 71
10 53
103 22
80 68
25 40
58 55
74 72
10 76
0 60
52 120
120 44
4 19
66 122
0 112
28 116
53 107
91 24
0 93
50 113
108 92
15 17
122 34
86 96
113 60
79 47
95 76
20 38
84 122
37 80
108 93
61 123
18 107
116 101
58 54
70 26
45 30
31 54
44 23
20 75
104 10
111 30
20 92
69 109
49 106
70 55
90 24
70 24
93 79
86 4
124 121
52 40
116 81
55 12
33 51
102 58
69 31
19 38
125 86
115 72
59 57
1 119
81 58
117 81
76 73
89 126
2 90
43 24
35 82
49 28
26 87
42 24
115 5
91 49
65 31
11 54
124 87
87 71
6 40
99 29
43 87
76 76
124 9
78 14
66 60
48 84
40 49
20 104
83 122
10 84
13 73
109 108
121 103
123 110
3 70
71 60
95 103
85 52
75 11
60 38
106 99
120 86
96 122
15 14
45 75
62 111
58 122
88 36
109 90
18 73
34 33
66 14
74 43
28 36
49 76
97 44
117 21
60 8
116 25
100 121
0 75
74 31
66 62
116 96
34 36
69 32
63 111
103 59
100 86
79 3
60 76
38 87
73 30
98 48
67 5
112 61
49 119
67 85
71 74
85 31
25 30
93 109
34 11
99 88
34 39
9 77
95 84
15 15
100 71
73 31
7 43
97 58
1 112
40 94
40 115
111 58
62 19
69 58
51 118
19 114
61 69
51 85
63 17
32 8
43 90
94 119
18 4
42 86
92 45
85 21
110 109
65 75
4 74
69 3
9 35
96 59
99 122
36 83
42 113
83 91
69 65
33 36
43 26
34 6
109 30
1 4
4 113
94 79
40 86
119 3
102 11
78 124
2 26
55 91
109 3
64 102
35 87
119 46
102 60
89 21
46 3
0 48
118 26
82 90
85 5
114 127
58 43
104 44
108 78
96 107
34 83
41 89
58 91
72 29
52 65
110 91
121 38
103 42
29 93
74 26
114 80
109 60
122 47
12 65
55 107
103 61
44 33
120 60
90 27
52 10
18 76
29 112
0 4
69 62
20 106
22 42
126 93
52 59
67 96
38 93
46 30
22 35
115 78
106 23
92 28
122 69
33 87
28 14
61 14
73 103
119 75
7 42
47 87
71 27
52 57
4 69
16 94
107 114
33 52
51 100
72 22
34 41
8 63
5 70
16 50
31 61
2 104
72 43
116 28
45 120
70 20
23 55
117 98
28 51
21 35
107 113
120 79
33 88
109 51
24 34
33 72
103 105
46 74
36 56
102 46
119 91
18 120
70 94
102 12
19 104
12 12
108 112
36 43
86 7
102 29
50 57
127 116
67 31
117 126
60 85
98 40
100 36
39 56
20 76
30 18
119 10
99 85
102 27
37 21
28 95
94 114
8 44
115 76
1 19
85 58
55 90
90 49
99 47
127 3
118 86
98 124
121 85
36 88
22 101
46 21
20 54
91 10
33 16
57 53
105 5
9 52
59 7
40 18
29 12
117 91
60 73
72 60
23 35
108 86
13 21
3 112
75 74
31 90
67 121
62 12
27 14
30 115
99 38
32 107
45 90
79 25
29 113
66 30
89 35
83 42
101 94
82 42
57 41
114 94
44 11
61 61
5 78
48 86
83 58
59 78
35 37
47 54
53 66
33 10
95 99
105 42
117 75
91 28
88 81
54 119
9 82
34 5
10 83
2 71
100 92
89 8
61 17
83 34
57 92
121 78
102 26
117 61
0 90
62 15
83 77
39 8
77 103
83 101
118 96
36 0
73 64
120 5
109 77
86 57
119 127
26 48
93 77
28 66
44 80
31 40
22 19
35 83
47 74
33 35
120 7
21 41
121 33
111 109
115 27
5 116
59 30
94 112
1 94
65 59
43 100
10 104
96 60
48 83
54 11
114 22
117 96
115 73
26 35
14 64
39 87
102 22
94 107
124 4
115 96
121 99
3 73
3 88
79 125
13 72
108 76
109 89
30 96
44 29
33 73
55 4
86 54
78 72
4 7
71 30
71 64
7 39
42 83
87 126
32 39
36 107
121 88
47 107
97 20
66 5
27 34
95 39
34 82
13 80
36 81
99 123
111 0
29 25
10 81
58 36
69 60
127 14
112 59
29 65
89 22
77 13
33 18
11 33
85 55
56 48
32 51
94 58
126 10
101 25
1 100
120 77
127 58
125 46
2 35
18 44
42 0
19 110
87 37
25 31
87 125
63 74
83 89
46 78
69 95
92 29
87 70
43 15
88 49
42 10
100 93
110 61
16 98
94 3
121 6
50 17
16 77
20 53
108 31
6 78
50 79
125 5
63 22
22 51
43 106
104 14
72 23
33 104
74 77
75 27
25 50
46 80
49 56
101 30
107 49
113 29
21 39
34 2
18 118
127 55
74 75
82 97
35 35
21 78
116 5
91 29
48 87
98 26
111 75
12 17
61 71
2 101
0 25
40 50
13 64
55 51
89 26
37 59
19 83
40 90
36 68
110 64
94 121
33 106
21 57
57 74
9 120
25 47
44 91
33 21
116 99
39 93
28 15
109 92
116 26
10 42
53 17
68 63
10 26
88 27
15 50
27 63
109 64
29 35
32 56
76 86
109 68
29 15
115 8
44 82
108 90
42 9
9 60
49 115
117 39
3 117
55 54
10 80
1 16
115 26
127 60
119 58
72 76
17 117
103 11
120 89
72 35
8 35
51 86
18 53
50 117
31 10
10 103
114 59
85 6
19 93
21 42
53 40
99 42
92 10
9 100
38 20
71 77
18 50
37 39
92 110
16 116
21 37
115 97
111 15
108 62
35 106
52 55
84 125
84 42
116 24
46 107
64 99
2 17
49 54
63 12
98 75
67 115
122 98
67 98
1 26
58 127
105 40
75 71
20 77
36 54
13 124
12 63
77 3
1 90
45 24
86 41
82 108
17 99
108 57
124 118
95 77
115 4
36 103
33 7
0 89
36 53
98 84
54 122
0 118
84 34
32 28
97 36
33 83
125 88
121 104
9 65
101 76
95 120
104 41
37 67
87 35
66 120
101 78
116 78
97 82
10 120
71 95
84 35
48 105
49 53
20 33
111 76
73 44
61 18
48 76
31 34
44 31
80 0
88 39
100 12
17 48
46 24
75 87
55 43
99 10
23 63
47 123
9 62
13 71
11 66
93 30
107 115
31 13
62 71
24 22
10 12
50 59
94 52
51 104
91 38
95 25
19 43
18 92
10 61
36 71
85 54
20 73
17 116
13 18
25 49
56 11
99 5
16 49
116 71
93 118
18 51
61 54
69 110
34 34
82 118
31 63
83 121
118 38
53 104
27 88
108 65
83 99
53 102
73 25
8 122
32 36
4 88
34 104
28 13
107 125
91 121
52 38
50 55
43 3
88 28
82 119
90 26
21 91
34 92
42 82
19 40
81 127
109 111
57 120
106 90
25 32
0 72
125 87
24 19
36 50
99 39
100 91
59 124
18 37
74 74
4 6
14 13
117 57
31 93
30 39
84 119
103 18
1 92
42 15
64 111
90 10
53 9
41 114
127 17
119 78
35 72
46 82
