100 67
86 27
38 51
126 100
121 96
45 103
102 89
75 88
48 7
65 2
58 73
46 84
14 73
85 37
30 10
0 56
25 36
118 126
62 91
99 43
12 9
23 39
70 68
76 27
58 7
39 50
123 8
11 102
121 4
73 109
64 8
94 53
115 125
10 102
92 37
79 103
32 105
125 88
38 68
103 111
16 18
106 3
21 60
16 4
24 34
51 122
104 23
71 62
110 58
6 21
101 37
5 15
99 15
79 115
46 28
48 59
44 121
64 87
121 87
27 46
25 104
37 20
71 67
107 3
27 44
73 43
16 113
111 69
120 3
116 22
42 81
114 32
82 121
28 36
42 19
2 118
33 4
118 84
98 37
103 104
120 86
81 119
91 57
40 17
15 47
46 85
101 16
73 3
13 68
97 16
75 98
9 105
109 65
72 42
52 5
91 13
96 51
35 62
7 10
115 99
99 45
81 95
61 121
103 18
13 43
94 37
46 114
117 66
74 104
80 94
61 1
19 39
7 43
31 45
18 96
84 25
9 20
71 108
50 121
9 103
15 57
24 35
84 71
33 47
102 64
124 103
56 4
12 66
70 90
39 74
75 99
1 89
99 93
95 15
55 124
34 17
1 41
73 66
111 109
59 42
21 59
100 32
82 77
30 14
97 84
126 101
63 76
33 87
113 56
11 80
114 71
29 108
109 88
57 48
87 125
25 124
55 15
56 73
95 112
39 18
53 85
8 121
28 45
75 78
32 14
119 22
103 56
61 97
42 2
26 118
76 78
63 124
32 55
80 92
2 126
56 47
61 95
28 53
36 70
70 110
6 41
74 90
121 36
34 94
103 115
124 41
56 125
101 13
62 40
0 125
51 16
32 53
123 45
105 52
126 70
105 24
10 44
84 124
85 26
110 56
18 77
45 85
35 7
24 60
13 78
56 121
52 2
16 12
19 5
17 16
111 54
117 25
93 67
113 126
79 55
29 63
70 27
88 36
62 3
102 36
25 21
50 96
53 53
99 17
31 64
69 67
62 123
82 30
61 71
114 43
96 101
45 75
34 15
58 41
69 102
16 98
79 96
98 16
102 38
115 90
7 125
73 104
37 59
124 91
114 95
72 27
64 89
106 17
56 48
4 41
84 22
126 124
118 24
27 110
54 102
75 29
116 1
99 30
25 60
43 84
9 44
91 51
48 63
71 102
16 97
3 14
78 30
77 24
37 18
125 89
123 39
101 26
18 46
82 56
40 93
125 8
14 121
31 43
94 84
18 114
66 109
40 48
71 58
95 44
72 104
36 127
55 49
49 120
120 9
22 21
82 120
25 93
2 0
92 13
46 11
3 123
83 34
1 68
102 72
21 40
8 87
120 38
65 62
107 110
54 85
99 122
5 40
127 57
45 60
83 55
0 70
6 22
26 119
50 6
21 76
53 97
1 52
92 87
110 87
54 46
119 37
88 124
30 62
108 4
63 77
115 75
11 8
118 98
118 17
21 72
120 36
101 25
122 75
25 64
59 75
12 11
1 1
118 38
59 5
85 49
43 23
4 12
53 116
93 54
90 27
46 121
48 18
119 87
38 82
74 102
106 59
21 93
2 53
120 89
6 40
115 93
45 115
107 25
73 73
5 120
40 18
94 34
72 57
26 96
117 68
111 57
112 72
3 9
8 19
22 92
43 104
16 39
72 102
42 17
55 53
42 92
99 84
55 73
44 13
77 102
28 4
38 1
65 1
3 5
68 120
118 96
3 17
87 35
19 15
44 102
80 32
80 104
15 36
1 37
11 42
81 94
38 58
44 9
71 20
48 24
23 19
62 88
62 90
34 9
65 122
54 119
21 38
116 8
78 45
90 47
80 56
95 111
86 13
20 42
5 126
32 15
43 14
71 24
26 94
61 77
48 103
101 90
82 72
11 39
59 119
108 2
20 77
72 56
94 127
125 46
36 92
67 121
40 51
9 1
99 82
87 10
29 41
22 42
40 75
55 11
94 15
111 89
110 109
83 122
109 53
86 34
109 1
61 79
113 42
86 40
96 34
5 127
92 119
35 55
64 30
109 70
115 24
94 85
28 114
17 37
71 121
22 41
105 76
14 111
23 124
37 127
63 1
102 35
124 71
7 12
79 117
116 2
73 60
103 63
47 122
3 22
76 102
16 106
27 62
35 61
122 39
51 4
59 44
89 49
91 36
10 38
14 115
112 125
115 70
104 44
30 90
53 118
37 0
33 107
17 6
126 3
93 120
37 58
46 63
116 96
119 26
99 92
19 75
81 120
54 122
53 43
85 53
93 116
10 82
25 20
108 71
93 55
71 34
74 92
62 62
13 82
14 44
70 60
92 113
102 15
34 18
25 42
46 81
99 83
74 91
19 76
98 42
53 51
98 29
79 112
24 92
2 66
103 42
58 55
124 46
124 98
60 71
45 73
43 25
33 24
11 40
48 19
6 11
76 25
32 12
92 28
87 37
100 43
83 95
19 74
111 126
61 4
73 13
7 21
109 15
3 38
96 40
110 74
16 115
51 43
45 81
91 109
39 92
84 52
72 109
107 70
72 80
32 37
79 23
80 36
85 71
79 116
47 57
119 72
83 40
98 107
126 42
92 117
90 32
96 15
74 64
82 20
38 85
88 33
57 7
60 76
4 16
59 53
109 55
37 51
43 3
43 88
41 76
103 36
23 72
94 51
41 8
92 44
117 89
52 98
14 10
90 110
61 92
28 111
122 87
79 44
65 86
13 107
93 82
102 103
114 125
72 79
15 3
29 90
108 99
94 120
47 105
76 90
6 123
12 74
42 21
121 3
89 29
105 110
3 7
19 6
3 21
57 93
35 80
17 76
3 11
78 92
81 127
31 85
79 39
18 5
93 110
4 14
47 7
57 72
108 15
18 95
37 2
100 103
31 110
11 57
95 46
69 23
104 21
90 36
117 38
116 76
96 85
0 36
69 66
79 36
50 95
3 12
98 38
39 89
20 94
35 22
17 105
101 56
44 58
11 84
13 56
115 21
30 84
25 19
63 121
115 78
122 4
87 49
110 54
13 42
122 6
81 20
58 8
19 95
95 51
105 22
15 116
37 9
119 7
116 23
60 92
101 29
84 123
34 4
68 64
32 41
9 127
81 126
55 103
59 96
50 16
95 119
117 126
21 56
94 45
28 121
93 85
90 119
14 117
123 4
17 114
37 92
46 80
116 17
74 109
70 105
111 30
78 43
15 110
24 116
44 83
116 93
83 125
92 127
36 13
43 77
6 126
7 101
91 43
21 22
19 53
38 91
81 114
118 3
93 124
77 91
103 30
119 94
26 61
24 93
17 78
32 92
47 85
21 36
17 12
63 6
17 17
61 96
75 24
113 71
112 31
45 21
69 106
93 57
66 62
100 74
58 42
17 107
38 69
81 98
20 39
77 95
7 100
2 57
89 28
28 92
72 23
111 125
119 89
53 105
7 122
65 108
109 91
16 5
68 109
109 110
109 100
84 68
60 96
27 63
52 17
9 124
1 126
80 38
111 67
7 104
104 36
86 49
79 114
31 86
100 82
86 125
59 37
0 42
92 54
35 18
57 120
37 56
34 27
27 94
119 0
36 74
17 103
82 96
71 64
15 112
58 118
66 121
57 9
8 0
127 56
55 48
91 118
118 1
4 39
15 40
81 77
113 58
15 108
33 63
102 55
100 42
44 114
113 94
85 33
80 37
14 97
78 126
88 25
100 87
23 18
82 97
110 73
64 88
25 117
11 127
70 87
78 55
60 41
11 99
23 73
83 21
40 1
84 35
102 53
31 61
10 21
70 29
14 75
15 76
73 101
13 98
26 38
123 98
17 65
49 23
39 0
30 89
44 105
29 115
75 44
61 69
58 120
54 52
57 49
44 4
39 59
96 58
7 121
94 13
103 87
108 73
12 0
100 89
70 32
80 120
7 1
3 127
30 64
90 121
34 23
2 37
117 70
0 1
42 9
98 46
16 45
14 107
5 0
11 0
92 115
100 44
17 99
32 42
56 44
43 15
43 91
117 17
25 96
13 74
1 43
80 126
23 22
58 72
72 75
59 54
70 28
93 52
104 17
6 42
124 104
85 12
28 62
96 36
85 50
99 106
16 55
55 93
18 10
16 70
60 4
42 87
11 100
34 110
110 0
7 20
46 77
29 92
40 81
103 44
99 102
30 91
105 54
16 121
77 76
94 110
71 77
99 35
63 63
122 43
123 103
34 57
72 111
29 117
70 33
29 46
28 113
73 110
22 60
105 45
54 121
71 32
104 56
126 83
49 16
90 22
30 45
3 52
20 3
117 9
65 63
64 7
102 57
89 51
93 101
16 56
125 84
118 71
63 8
51 102
96 50
101 104
0 66
89 122
33 10
114 56
93 86
92 112
83 50
61 89
33 108
34 55
34 109
42 13
100 16
51 3
31 41
40 115
109 3
83 78
118 97
126 45
18 94
109 123
21 54
90 50
80 117
43 86
112 88
88 37
111 59
45 120
23 43
16 71
17 14
62 70
70 3
16 75
47 61
80 21
36 21
17 102
89 113
51 1
16 43
59 71
115 77
60 119
98 32
112 57
85 41
94 82
105 35
85 48
92 1
80 113
80 42
28 37
120 95
55 8
125 91
54 8
95 36
76 77
43 17
126 43
116 70
12 99
44 18
34 86
74 108
1 124
89 22
120 7
24 43
54 44
51 120
50 102
120 29
113 70
31 54
60 74
39 16
68 23
118 8
44 24
58 95
3 68
107 111
103 73
124 72
59 39
126 7
38 18
56 105
10 37
24 123
119 27
7 22
11 9
125 102
72 76
98 36
70 108
62 120
112 68
29 47
78 58
78 46
62 87
56 16
81 56
12 41
6 78
95 126
16 78
2 18
54 104
119 127
115 92
72 59
102 88
34 25
78 36
96 48
97 33
84 95
96 42
17 100
14 57
27 120
71 2
8 2
68 29
123 7
37 15
1 4
18 101
46 12
21 78
108 56
63 0
35 17
62 5
42 77
95 49
23 71
54 54
112 70
94 56
91 32
60 72
115 73
15 48
96 103
79 93
52 100
63 4
82 52
107 112
42 79
37 52
38 92
70 109
116 30
82 78
33 93
65 90
47 25
41 51
41 86
127 44
16 47
13 1
108 111
122 2
117 1
1 9
104 75
44 82
60 43
91 108
84 125
79 31
119 61
85 83
54 71
39 7
27 112
94 125
25 37
82 35
70 88
69 107
38 50
58 6
93 0
61 125
62 6
2 5
14 78
33 22
94 97
70 122
52 114
16 11
84 49
93 2
53 41
27 116
29 52
72 45
81 82
56 5
118 86
72 67
90 12
12 58
100 34
71 28
99 67
9 125
13 8
117 16
89 110
28 48
63 89
97 102
93 45
39 15
81 35
102 19
109 99
45 12
33 64
116 125
27 3
29 61
79 43
80 22
30 35
85 39
70 103
125 92
24 70
12 57
103 24
83 72
21 43
57 54
73 75
12 75
1 57
55 120
123 42
7 13
69 122
3 119
26 117
53 104
87 26
126 93
53 113
110 90
18 15
122 35
84 94
108 57
77 46
94 80
16 41
82 122
34 80
110 91
64 123
14 110
116 100
57 53
70 25
46 26
33 56
45 19
22 74
107 14
113 32
16 95
74 106
49 103
71 56
86 26
70 23
92 83
89 8
127 0
52 42
116 77
52 8
35 53
101 60
69 30
15 41
124 85
115 68
58 56
4 126
79 57
117 77
75 76
87 126
0 90
44 20
32 82
50 24
22 90
43 20
115 4
89 48
65 30
13 58
123 86
85 70
7 42
99 31
40 87
75 79
124 8
75 15
67 61
45 84
40 49
16 107
81 122
12 83
15 72
104 108
120 104
122 113
0 68
72 61
95 104
83 51
72 12
60 40
107 98
119 85
94 124
18 12
42 75
67 108
61 122
86 35
111 88
20 72
30 36
59 9
74 44
24 39
46 76
95 43
119 23
55 6
118 27
98 123
125 73
74 30
67 63
116 95
30 39
69 31
68 108
102 61
100 86
74 3
61 76
35 87
73 29
96 47
62 2
107 58
52 119
69 89
70 77
83 30
21 33
91 111
36 9
99 88
30 42
11 76
95 84
18 13
99 68
73 30
8 45
95 57
4 119
37 94
41 116
106 55
55 14
70 59
54 118
16 116
62 69
48 85
56 12
34 6
40 90
92 121
19 4
39 86
92 45
81 23
105 109
64 77
1 72
64 0
10 40
94 58
97 124
33 83
43 114
81 92
70 66
29 39
44 22
36 4
111 32
1 3
7 120
93 83
37 86
119 2
105 15
76 124
5 20
56 93
109 2
71 104
32 87
122 44
101 62
85 23
45 4
0 51
120 28
80 91
88 9
114 126
58 45
102 43
108 74
94 109
31 83
38 89
59 93
72 28
55 71
112 89
121 39
101 41
26 93
74 25
114 76
104 57
125 45
15 67
55 104
102 63
45 29
115 57
86 29
49 6
20 75
27 113
0 3
70 63
16 109
18 45
124 93
48 62
74 98
35 93
47 26
18 38
115 74
106 25
88 30
127 66
30 87
31 12
54 9
75 103
119 71
8 44
44 87
71 26
48 60
1 67
12 97
102 114
35 54
51 97
72 21
30 44
11 65
2 68
18 54
34 61
125 103
72 44
118 30
48 121
70 19
25 59
117 97
30 53
17 38
102 113
120 75
30 88
106 53
20 37
35 71
100 105
43 74
36 56
100 45
118 90
15 122
77 96
105 16
15 107
15 10
103 112
32 46
89 11
102 31
46 60
2 123
67 30
117 125
61 87
96 39
98 35
38 57
22 75
33 16
119 9
99 85
102 29
40 19
25 95
92 116
9 46
115 72
4 13
83 57
56 92
88 48
97 46
127 2
117 85
96 126
120 84
33 88
18 104
47 17
22 58
94 14
36 14
56 52
105 4
11 56
54 5
43 16
32 10
116 90
61 73
73 61
19 38
109 86
16 19
6 119
74 77
28 90
70 121
55 7
30 12
28 116
97 37
29 110
42 90
78 24
27 114
66 29
87 34
81 41
101 94
80 41
57 43
114 93
45 10
64 63
5 79
45 86
81 57
60 78
31 40
43 57
56 72
35 8
95 100
103 41
117 71
87 30
84 79
57 119
11 81
36 3
12 82
127 69
100 92
92 12
54 12
81 33
58 94
121 74
102 28
112 58
126 90
55 10
81 76
40 7
78 103
81 99
118 95
38 126
74 65
120 4
109 73
84 56
119 126
28 50
92 81
31 66
41 80
27 43
22 19
32 83
44 74
29 38
120 6
17 44
121 34
106 109
117 29
8 123
61 30
92 114
127 94
66 60
45 100
8 104
94 59
45 83
51 7
116 24
117 95
115 69
22 38
17 66
36 87
102 24
92 109
124 3
115 95
121 98
0 71
1 88
77 125
15 71
108 72
111 87
27 96
45 25
35 72
52 3
84 53
77 75
4 6
71 29
72 65
8 41
39 83
85 126
28 42
33 110
120 87
47 104
90 23
61 2
23 37
93 38
31 82
15 79
33 81
97 125
111 127
32 23
12 80
58 38
70 61
2 8
107 56
32 65
85 24
74 14
36 16
12 38
83 54
55 47
34 53
92 57
126 9
101 27
124 99
120 73
0 55
0 44
3 37
14 47
41 1
15 113
85 36
21 34
85 125
62 76
81 90
43 78
76 97
88 31
85 69
46 13
86 48
43 9
100 93
105 58
12 101
93 1
121 5
48 17
18 76
22 57
110 33
6 79
47 79
125 4
56 17
22 53
43 103
107 18
72 22
30 107
73 80
75 26
27 52
43 80
45 59
101 32
104 51
115 31
17 42
36 0
15 120
1 54
73 78
80 95
31 38
23 77
116 4
87 31
45 87
98 28
111 71
15 15
62 71
125 100
3 19
40 50
16 66
54 50
85 28
36 60
18 86
37 90
38 67
111 66
92 123
30 109
23 61
58 74
10 126
27 49
41 91
36 19
116 98
36 93
31 13
111 90
118 28
11 44
51 17
69 64
8 27
84 29
17 54
30 63
110 66
25 38
34 58
76 88
110 70
32 13
115 7
41 82
110 88
43 8
12 62
52 115
117 40
6 124
54 53
12 79
4 10
117 28
0 57
114 55
71 79
14 119
106 15
119 88
72 34
9 40
48 86
20 57
53 117
33 8
8 103
109 56
88 10
15 96
17 45
53 42
97 41
95 14
7 102
41 18
70 80
20 54
33 42
90 112
13 118
17 40
115 96
110 15
109 64
32 109
48 58
82 125
82 41
118 26
46 104
71 101
5 11
45 57
56 7
101 73
72 112
122 97
74 100
4 20
56 123
103 39
74 74
22 76
36 54
14 2
15 65
72 3
127 90
46 20
84 40
81 105
13 102
103 54
127 125
94 81
115 3
33 106
35 5
126 89
36 53
98 84
57 122
3 125
82 33
35 26
95 35
30 83
124 87
120 105
12 67
104 74
93 122
102 40
39 66
85 34
69 120
104 76
116 74
98 83
11 126
78 97
82 34
48 102
45 56
16 36
111 72
73 45
54 13
45 76
27 37
45 27
78 0
86 38
103 16
19 52
47 20
75 89
55 45
102 14
26 63
49 122
12 64
15 70
14 68
89 32
102 115
34 11
63 71
24 22
13 10
46 62
92 51
51 101
89 37
91 27
15 46
14 95
13 63
38 70
83 53
22 72
14 118
16 16
27 51
53 7
100 8
18 53
116 67
91 120
20 55
60 53
74 107
30 37
80 118
34 63
81 121
118 39
53 101
23 91
109 67
81 97
53 99
73 24
9 0
28 39
2 88
31 107
31 11
108 123
89 123
52 40
46 58
42 4
84 30
80 119
86 28
17 94
31 92
39 82
15 43
79 127
104 111
60 120
108 88
21 35
125 70
124 86
24 19
36 50
97 38
100 91
62 124
14 40
73 77
4 5
17 11
112 54
28 93
26 42
82 119
103 20
127 92
45 13
69 108
93 14
50 5
42 115
2 11
119 74
37 71
43 82
