92 62
77 29
38 46
121 97
116 93
38 101
100 87
72 93
43 3
60 126
68 70
51 82
8 79
76 39
26 4
7 57
25 31
121 122
53 92
90 45
12 5
23 34
64 65
67 29
53 3
39 45
126 4
16 100
124 0
70 114
59 4
85 55
118 121
15 100
83 39
76 108
32 101
116 85
33 72
111 107
16 14
109 127
21 55
19 0
24 29
50 120
95 25
65 59
102 55
9 17
92 39
8 11
90 17
91 112
42 22
45 57
43 119
55 88
112 84
27 41
31 100
33 14
65 64
110 127
27 39
66 44
21 111
113 70
123 127
113 14
47 79
111 24
94 118
28 31
38 13
5 114
29 126
109 81
89 39
110 98
111 83
93 116
82 59
36 11
15 42
51 83
92 18
74 4
7 75
88 18
72 103
14 103
111 66
65 43
47 1
82 15
87 53
35 57
10 6
110 96
90 47
78 100
60 119
94 20
13 38
85 39
44 116
119 67
71 109
77 99
56 125
19 34
7 38
31 40
23 94
75 27
12 16
68 113
49 119
14 101
15 52
24 30
81 65
33 42
95 66
119 100
51 0
6 73
71 85
44 72
72 104
120 86
97 91
86 17
54 122
30 11
3 36
67 63
119 105
57 44
21 54
91 34
84 73
26 8
95 82
121 98
73 73
38 85
105 53
5 86
116 72
29 104
102 87
55 50
99 122
19 121
50 11
66 70
107 109
35 12
53 78
11 117
28 40
80 75
28 8
116 14
95 53
52 98
38 124
26 114
81 75
62 122
32 50
77 97
5 122
54 49
52 96
28 48
31 74
67 115
6 36
71 95
124 32
39 92
111 111
126 36
55 123
92 15
59 42
3 121
47 10
32 48
125 40
97 49
127 75
96 26
10 39
96 121
76 28
102 53
12 83
50 83
31 1
24 55
7 84
55 119
47 126
16 8
22 1
17 12
103 51
114 17
90 61
116 122
70 57
29 58
61 29
79 38
57 127
93 38
27 19
43 94
51 55
90 19
31 59
63 64
61 121
73 32
71 68
123 39
103 101
50 73
30 9
56 43
66 107
21 96
76 101
89 18
93 40
106 87
10 121
70 109
37 54
115 88
109 92
63 29
55 90
97 19
54 50
4 36
75 24
1 120
115 16
27 106
47 100
66 31
119 125
90 32
25 55
48 82
9 39
82 53
45 61
68 107
21 95
6 10
69 32
68 26
33 12
116 86
126 35
92 28
18 41
73 58
45 91
0 4
19 119
31 38
92 82
23 112
63 114
40 43
65 55
86 46
69 109
32 121
53 51
48 118
123 5
24 19
94 117
30 91
5 124
83 15
42 5
6 119
74 36
2 73
106 70
21 35
0 87
123 34
59 59
115 106
54 78
111 119
5 35
6 58
42 58
74 57
1 75
9 18
26 115
45 2
15 82
46 95
8 53
90 85
103 86
52 48
122 33
100 121
30 57
111 0
73 74
117 76
11 4
113 95
114 12
15 78
123 32
92 27
124 76
25 59
69 72
12 7
4 125
121 34
54 1
76 51
39 17
7 8
52 114
84 56
81 29
45 119
44 12
110 84
43 80
71 107
98 56
26 91
9 54
111 86
6 35
110 90
43 117
98 27
78 70
8 116
36 12
85 36
66 54
31 94
119 69
103 54
114 73
6 5
11 15
27 90
36 102
16 34
69 107
38 11
53 55
47 90
97 82
65 70
40 7
74 107
22 4
34 123
60 125
6 1
67 118
113 93
6 13
78 37
19 11
37 100
71 34
77 109
15 31
1 32
11 37
78 99
38 53
40 3
62 22
44 18
25 17
53 89
53 91
30 3
64 120
53 117
21 33
119 4
69 47
81 49
71 58
107 108
74 16
20 37
8 122
28 9
39 8
62 26
31 92
71 74
41 101
99 88
79 66
11 34
58 117
111 126
14 83
66 53
106 124
127 41
41 90
66 119
40 46
12 125
97 80
78 12
29 36
22 37
45 73
50 7
85 17
104 88
118 105
95 119
101 50
77 36
112 125
71 76
122 38
77 42
87 36
8 123
104 116
35 50
55 32
111 71
112 16
92 83
28 110
17 32
70 119
22 36
109 74
19 109
17 121
33 121
58 125
93 37
125 76
10 8
91 114
119 126
67 57
96 65
46 120
6 18
73 107
21 104
27 57
35 56
125 35
46 0
57 46
80 51
82 38
10 33
19 113
115 121
117 71
95 46
35 88
52 116
33 122
33 103
20 2
1 127
105 117
37 53
43 61
111 93
116 18
97 90
13 81
93 117
53 120
51 45
76 55
105 113
4 88
27 18
110 72
84 57
62 36
71 97
56 59
7 88
14 39
64 57
104 110
93 17
30 12
25 37
51 79
97 81
71 96
13 82
89 44
51 53
89 31
91 109
29 90
3 71
94 44
56 57
126 41
119 95
70 68
50 71
39 19
29 18
11 35
44 13
9 7
67 27
28 6
83 30
78 39
91 45
80 100
13 80
114 122
56 0
70 5
10 17
100 17
3 33
87 42
112 75
21 113
49 45
50 79
103 106
44 90
75 54
69 114
109 71
77 77
32 32
70 25
71 38
82 65
91 113
44 55
121 73
74 42
105 101
0 37
104 114
81 34
87 17
68 61
73 22
43 83
79 35
52 3
70 73
7 12
57 55
101 52
37 46
39 125
48 86
46 74
94 38
17 78
85 53
37 2
83 46
108 86
45 96
14 6
102 107
52 93
28 107
113 84
70 46
56 87
18 105
91 80
109 97
117 121
77 76
18 127
34 88
106 95
106 117
40 103
73 95
9 119
6 80
38 15
124 127
80 31
113 106
6 3
22 2
6 17
48 94
40 78
11 82
6 7
75 97
93 124
36 83
70 41
21 1
105 107
7 10
42 3
67 69
99 17
23 93
33 124
107 97
31 106
11 52
86 48
60 25
95 23
81 38
120 34
118 77
94 83
0 31
63 63
70 38
43 93
6 8
89 40
44 87
25 92
31 16
22 103
93 53
41 56
5 90
13 51
112 13
35 82
27 17
62 119
117 79
125 0
78 51
102 51
13 37
125 2
72 22
53 4
24 93
86 53
96 24
20 114
33 3
122 3
113 15
51 93
92 31
96 120
30 126
62 61
32 36
12 123
93 123
48 101
50 97
46 10
107 116
120 122
21 51
85 47
28 117
91 83
102 116
19 115
126 0
22 112
42 90
51 78
112 12
71 114
67 110
108 22
69 45
20 108
24 112
49 81
111 90
95 122
104 124
32 7
48 75
9 122
12 99
82 45
23 20
19 48
43 89
93 111
121 127
105 121
74 96
94 32
114 91
26 56
29 91
11 84
37 90
52 83
21 31
17 8
58 2
17 13
52 97
66 26
115 72
109 23
41 15
66 111
84 59
60 59
104 72
56 44
22 105
33 73
78 103
20 34
74 100
12 98
9 58
80 30
33 90
63 25
114 121
110 86
46 103
10 118
62 113
102 90
19 1
65 114
117 106
107 96
81 62
51 97
27 58
48 11
12 120
4 122
71 40
113 68
12 102
95 38
77 51
91 111
36 84
98 80
98 122
57 39
2 37
83 56
31 12
56 118
37 51
30 21
32 92
122 124
40 77
22 101
79 101
65 61
20 110
57 116
65 119
52 5
11 124
6 57
53 50
103 115
121 125
4 34
15 35
83 73
105 55
20 106
33 58
94 52
91 44
42 116
108 91
76 35
71 39
19 95
90 123
79 27
98 85
25 16
79 102
112 74
55 89
25 113
14 123
71 82
69 57
58 43
16 97
17 79
74 23
36 123
75 37
94 50
31 56
13 17
61 31
8 81
9 82
70 106
18 96
26 33
118 95
11 72
45 17
35 122
35 87
37 103
29 111
68 45
71 66
57 118
52 54
55 51
40 126
39 54
87 60
10 117
85 15
101 85
110 74
15 124
98 87
61 34
92 117
10 125
6 123
30 59
102 118
30 17
2 32
119 71
3 125
38 3
89 48
16 40
19 105
8 124
14 124
104 112
91 46
22 97
32 37
54 46
39 9
48 89
113 12
30 94
7 80
3 38
92 123
25 20
68 69
77 72
57 56
61 30
84 54
95 19
6 37
119 101
73 15
28 57
87 38
76 52
106 100
16 50
46 94
18 6
10 76
55 0
47 85
16 98
34 106
113 124
10 16
51 75
34 90
45 79
94 46
106 96
35 89
97 51
21 119
82 73
106 107
76 74
90 37
57 60
124 38
118 100
34 52
69 116
29 113
61 35
29 41
28 109
70 115
22 55
96 47
53 119
62 34
96 53
117 80
45 10
80 26
30 40
10 53
23 127
120 5
59 60
59 3
94 54
80 53
101 101
16 51
116 81
120 72
58 4
44 100
87 52
108 98
1 71
101 119
29 4
106 53
91 84
104 109
74 52
52 90
33 104
34 50
34 105
38 7
91 18
46 127
31 36
38 117
112 127
85 74
113 94
0 40
23 92
113 120
21 49
81 52
92 114
48 84
105 87
79 39
103 56
44 118
23 38
10 77
17 10
72 67
71 4
10 81
44 59
71 23
32 15
22 100
101 110
46 125
16 38
69 68
117 78
59 117
89 34
104 54
76 43
92 80
96 37
76 50
104 126
92 110
71 44
28 32
115 92
50 4
116 88
49 4
86 38
81 74
39 11
0 38
118 71
17 97
40 12
39 84
71 113
4 120
79 26
123 3
24 38
52 46
50 118
43 100
117 21
115 71
31 49
70 71
35 10
59 25
121 4
40 18
49 96
4 73
115 107
107 71
125 77
57 41
1 3
34 12
49 103
10 32
18 120
116 19
10 18
11 5
120 99
77 73
89 38
67 113
61 118
114 69
29 42
69 60
69 48
53 88
51 12
72 58
12 36
3 78
107 123
10 84
5 14
47 102
122 123
110 89
66 56
100 86
30 19
69 38
87 50
88 35
81 100
87 44
22 98
14 52
27 116
72 3
11 126
59 31
126 3
33 9
4 0
23 99
42 6
15 84
100 53
58 124
31 11
57 1
47 75
86 51
17 77
52 56
114 71
85 58
82 34
70 69
117 74
15 43
103 103
76 98
45 98
58 0
73 54
115 108
47 77
37 47
43 90
67 114
113 22
84 74
38 91
56 91
43 19
41 46
46 84
1 39
16 42
16 125
116 107
125 126
120 125
4 5
108 73
49 80
58 45
103 105
96 122
70 33
120 67
89 79
64 68
35 1
27 108
106 122
25 32
73 37
71 83
66 112
38 45
53 2
105 125
60 123
57 2
5 1
8 84
29 16
102 99
69 120
51 112
16 7
75 51
105 127
51 43
27 112
29 47
65 46
80 77
51 1
109 83
66 64
81 14
12 53
91 36
62 30
91 62
12 121
13 4
113 11
101 107
28 43
54 90
104 102
84 47
35 9
72 37
93 21
107 95
41 6
33 59
119 121
21 3
29 56
70 45
71 24
30 30
76 41
67 108
116 89
18 76
12 52
94 26
80 66
21 38
55 56
78 72
6 81
8 58
54 118
125 37
10 9
68 120
6 115
26 113
46 102
78 28
117 90
52 111
103 89
18 11
125 31
81 99
100 54
68 48
92 78
16 36
94 119
39 78
103 90
63 121
19 108
111 97
55 55
61 27
42 20
33 51
41 13
16 80
98 16
110 24
21 93
71 111
42 101
65 53
77 28
61 25
90 81
80 10
2 124
50 44
118 78
47 4
35 48
94 62
60 32
15 36
115 82
117 69
56 58
7 122
70 59
119 78
80 73
99 123
119 87
40 14
37 80
46 18
27 88
39 14
118 0
80 50
56 32
13 53
114 83
82 64
7 37
90 33
45 85
80 76
127 4
72 7
61 58
50 82
40 44
21 105
93 119
6 89
9 78
112 104
118 102
117 104
1 73
66 58
102 104
74 53
69 4
58 42
105 94
110 82
106 121
18 8
47 73
64 113
60 120
77 37
104 87
14 78
30 31
54 5
67 45
24 34
51 74
86 45
116 15
50 2
115 19
110 120
126 78
65 32
61 60
111 92
30 34
60 33
65 113
95 63
98 84
75 4
71 73
40 85
64 31
87 49
57 126
99 55
51 117
70 84
75 74
74 32
21 28
103 108
32 3
97 86
30 37
5 82
93 82
18 9
91 63
64 32
8 40
86 59
7 115
42 92
39 118
98 52
50 10
64 56
53 116
21 114
72 66
53 83
51 8
30 0
45 88
104 118
22 0
44 84
83 47
72 25
113 105
74 74
2 77
59 124
10 35
85 60
109 121
38 81
41 116
78 97
64 63
29 34
40 16
32 126
108 24
4 127
10 116
91 81
42 84
122 126
96 17
88 121
8 16
47 94
112 126
68 109
37 85
124 39
94 64
76 25
41 126
7 52
117 20
77 96
79 11
117 122
56 47
93 45
110 75
106 106
36 81
43 87
50 94
63 30
65 68
105 88
124 35
92 43
31 91
65 27
116 77
96 54
127 40
9 74
48 102
95 65
41 23
107 54
77 31
44 2
14 81
27 109
3 127
64 60
21 107
18 40
115 90
45 60
71 103
40 91
43 20
18 33
117 75
97 27
79 32
0 71
35 85
27 6
49 5
72 108
121 72
8 39
49 85
62 28
45 58
2 72
17 95
110 110
35 49
44 95
63 23
30 39
5 72
3 73
18 49
34 56
120 100
65 45
115 22
47 119
61 21
25 54
112 94
30 48
17 33
110 109
122 76
35 86
98 50
20 32
30 75
107 99
48 72
36 51
91 47
109 87
20 120
74 101
96 18
20 105
15 6
111 108
32 41
80 13
93 33
43 58
5 119
58 32
120 121
52 88
87 41
89 37
38 52
16 81
29 10
122 5
97 83
93 31
36 13
30 93
104 113
9 41
117 73
7 9
74 59
47 93
79 50
88 48
2 126
108 82
108 123
111 81
38 86
23 102
43 11
22 53
85 16
32 8
54 54
108 0
11 51
49 1
39 10
28 4
107 87
71 70
67 58
19 33
102 85
16 15
9 115
79 74
33 88
69 119
50 3
26 6
28 112
88 39
29 106
47 88
69 26
27 110
57 31
78 36
72 43
99 92
71 43
55 45
109 90
41 4
58 60
2 79
50 84
72 59
70 75
31 35
40 55
66 69
31 2
102 100
94 43
119 72
78 32
86 75
56 117
5 87
32 125
6 88
0 74
98 90
83 14
49 8
72 35
49 95
123 75
93 30
104 55
117 87
50 6
83 72
36 1
75 108
78 104
113 92
34 120
68 62
123 0
111 74
75 58
122 122
28 45
90 79
31 61
46 78
27 38
24 17
37 81
49 72
29 33
123 2
17 39
124 30
114 105
114 21
11 119
54 33
104 111
118 91
60 57
38 99
13 102
85 61
50 81
46 3
113 16
112 92
117 70
22 33
11 73
41 85
93 26
104 106
127 127
110 92
116 95
1 76
120 85
89 122
9 77
110 73
104 86
32 94
41 19
30 76
47 127
75 55
82 72
7 2
62 31
66 62
8 36
44 81
97 123
28 37
33 106
111 84
40 102
80 27
56 126
23 32
84 40
36 80
9 85
38 79
109 122
114 123
28 17
6 86
56 40
64 58
5 4
99 53
32 60
76 26
71 6
32 10
12 33
74 56
53 49
34 48
83 59
1 5
92 29
119 96
122 74
7 56
2 39
3 32
14 42
37 123
20 111
76 38
21 29
97 122
72 73
78 95
48 76
73 102
79 33
82 63
42 7
77 50
39 3
98 91
97 55
17 99
105 126
124 1
44 11
12 82
22 52
107 25
3 79
52 77
0 0
51 13
22 48
36 101
98 20
63 24
30 103
78 77
66 28
27 47
48 78
42 57
92 34
96 48
112 23
17 37
32 122
20 118
8 55
78 75
77 100
31 33
17 83
119 0
78 33
50 85
89 30
113 72
15 11
72 68
120 97
6 15
40 45
10 73
52 52
76 30
36 55
10 86
42 88
33 71
113 67
104 120
30 105
23 56
68 71
13 122
27 44
46 89
32 13
111 95
41 91
27 7
104 89
115 20
11 39
47 11
63 61
17 25
75 31
17 49
30 58
112 67
25 33
34 53
73 93
112 71
28 7
118 3
46 80
103 87
39 2
6 69
51 113
120 36
9 120
52 55
6 85
7 6
114 20
7 58
106 52
76 76
19 117
97 17
110 85
63 36
9 35
53 84
20 52
52 115
29 2
13 101
101 53
79 12
20 94
17 40
51 44
88 43
86 16
12 100
37 12
75 77
20 49
33 37
102 109
18 116
17 35
110 93
101 17
111 65
32 105
45 56
94 122
73 43
115 18
39 102
68 106
8 7
42 55
51 3
105 71
69 117
117 94
71 105
7 16
55 121
94 41
79 71
16 82
36 49
17 126
9 72
73 4
118 87
42 14
75 42
78 110
18 100
95 51
2 121
92 79
118 127
33 102
31 127
117 86
36 48
96 82
56 120
6 121
73 35
31 20
86 37
35 81
115 84
118 103
6 74
108 72
105 119
93 42
34 70
76 36
68 118
108 74
118 75
96 81
14 122
75 102
73 36
41 100
42 54
16 31
113 73
66 46
49 9
50 74
27 32
41 21
90 125
77 40
94 18
19 47
43 14
72 94
53 47
93 16
26 58
48 120
6 71
9 76
8 75
80 34
110 111
30 5
73 68
26 20
13 6
43 60
83 53
44 99
80 39
82 29
15 41
19 93
7 70
33 74
74 55
16 78
19 116
16 12
27 46
48 3
107 1
18 48
118 68
103 117
20 50
58 55
71 112
30 32
92 115
34 58
93 118
121 35
46 99
28 89
111 68
78 102
46 97
64 26
12 124
28 34
121 85
31 103
27 5
112 120
101 120
50 42
43 56
38 126
75 32
92 116
77 30
22 92
36 90
44 80
15 38
91 124
112 107
59 118
101 87
21 30
126 75
115 83
26 17
36 45
88 40
98 89
61 122
14 35
78 74
7 1
17 7
104 51
33 91
26 37
94 116
94 22
118 89
41 7
66 113
84 16
45 1
40 117
5 7
121 75
32 75
48 80
