97 69
91 23
39 50
3 101
120 96
44 104
101 92
76 86
50 10
68 2
57 71
49 83
13 74
86 38
25 11
0 59
28 32
118 127
59 90
100 44
9 10
26 35
70 65
77 27
65 11
40 49
123 9
13 98
121 5
70 110
71 12
96 56
115 126
10 105
93 38
80 101
34 103
127 89
37 69
110 112
13 19
102 2
17 57
13 1
27 30
48 123
105 21
71 59
115 61
3 25
102 38
2 19
97 10
81 115
47 33
51 55
40 121
61 85
124 86
33 42
24 112
32 21
71 64
103 2
35 41
74 43
18 109
110 69
120 4
115 21
45 80
113 31
84 121
36 33
41 22
127 110
28 4
121 83
99 38
107 105
123 85
83 119
93 60
39 20
18 43
47 86
99 11
77 5
11 65
95 11
69 98
9 108
108 65
73 42
54 8
87 10
98 54
32 63
4 14
114 99
100 46
86 97
59 119
101 13
16 39
95 38
44 114
118 69
73 103
84 96
64 1
22 35
4 42
39 42
20 92
89 21
10 19
66 108
47 122
9 106
11 54
27 31
88 72
41 44
105 68
1 104
61 6
10 63
69 85
42 73
69 99
3 90
98 96
93 10
56 2
29 18
126 44
73 63
119 109
58 38
17 56
101 30
86 75
25 15
96 87
3 102
65 75
34 88
118 59
10 81
115 74
31 106
107 90
59 48
89 125
26 126
60 22
51 66
97 111
38 21
53 85
5 113
36 42
77 76
27 15
118 21
108 59
58 96
43 1
29 120
78 76
61 122
29 54
82 91
125 118
58 47
58 94
25 52
35 71
65 110
3 40
75 88
120 36
35 95
110 116
121 44
57 3
99 8
66 41
123 117
52 18
29 52
120 48
109 50
127 70
106 22
7 43
86 124
90 22
115 59
17 78
46 86
32 6
20 57
12 79
54 119
51 127
13 13
16 3
14 17
116 57
116 24
91 63
113 127
81 58
27 60
71 27
89 37
65 3
103 37
22 23
49 97
55 53
97 14
28 65
69 64
60 121
82 28
60 69
112 45
95 98
48 74
29 16
57 37
61 100
18 94
83 98
96 11
103 39
118 89
4 117
72 103
42 60
126 92
113 95
73 27
61 88
104 12
58 48
1 40
89 18
121 116
117 23
29 108
53 103
76 29
116 2
100 28
24 55
46 83
6 43
93 54
51 59
63 100
18 93
0 18
79 31
80 24
32 19
127 90
122 39
102 24
21 42
84 59
41 94
125 9
20 121
39 40
93 87
22 109
59 111
41 47
71 55
96 45
64 102
33 126
57 49
46 118
120 10
19 23
84 120
26 94
127 122
88 10
45 14
126 115
84 35
2 68
101 72
25 38
7 90
119 38
61 58
115 110
54 85
100 120
2 39
127 60
48 56
85 58
1 70
3 26
29 121
52 9
20 77
52 98
0 51
91 90
108 89
53 42
118 37
89 122
28 59
104 3
65 76
116 78
8 9
117 98
118 16
20 71
119 36
102 23
123 78
19 62
58 73
9 12
126 123
117 38
66 9
87 52
44 28
1 16
51 114
95 57
95 23
42 121
49 23
122 86
41 81
73 101
111 62
23 89
1 52
123 88
3 39
114 93
43 115
108 23
75 71
2 112
39 21
95 35
71 53
27 97
118 71
116 60
112 76
0 13
9 18
24 88
42 105
19 35
66 102
41 20
57 53
43 93
98 87
50 66
43 16
78 100
22 7
35 0
68 1
5 4
67 119
117 96
0 21
88 36
16 16
43 103
81 33
81 102
18 32
126 36
8 37
86 96
43 59
42 8
72 20
49 29
20 21
59 87
59 89
31 8
64 121
52 117
24 34
113 9
80 47
92 50
82 59
97 110
81 12
24 40
2 118
27 16
42 17
72 24
27 95
58 77
47 104
100 93
79 67
8 34
57 117
104 1
19 78
71 52
95 125
122 49
37 93
66 120
41 50
10 122
98 80
83 7
37 38
26 40
43 74
60 18
90 12
109 91
118 109
85 122
114 56
87 35
107 2
58 79
111 44
88 42
97 35
2 119
93 117
36 54
65 30
108 70
114 23
93 88
31 116
20 33
70 120
26 39
104 76
16 107
24 126
34 126
66 1
103 36
125 71
4 16
81 117
116 3
73 57
104 62
43 122
126 31
75 101
18 102
25 59
32 62
121 39
53 7
58 40
91 52
92 37
7 33
19 113
112 126
116 73
106 46
31 91
51 116
34 127
35 105
14 4
0 2
94 118
42 59
49 59
115 96
118 25
98 95
18 76
83 120
52 120
52 39
87 56
94 114
9 83
22 22
108 75
95 58
72 34
75 90
58 58
12 83
17 40
70 57
94 110
100 10
29 19
31 37
49 80
98 86
75 89
18 77
99 43
55 51
99 27
81 112
26 88
3 66
105 44
60 55
121 49
1 99
59 69
48 72
44 30
28 25
8 35
49 24
3 15
77 25
27 13
97 24
88 38
101 44
90 96
18 75
111 127
68 8
75 15
4 25
110 14
0 37
97 41
110 78
21 113
50 39
48 80
93 106
40 93
86 55
67 109
107 74
74 78
40 34
84 19
81 37
89 72
81 116
50 53
120 75
85 42
102 108
123 45
93 115
95 28
94 10
74 61
87 16
39 86
93 29
64 11
57 76
1 20
61 53
114 58
38 50
44 2
44 89
44 75
104 37
22 71
96 54
39 7
90 46
120 88
51 99
11 11
92 107
58 91
30 109
125 86
81 46
62 84
15 103
93 75
106 104
114 126
74 77
16 126
30 91
109 98
95 118
46 106
79 88
3 115
11 75
43 26
123 2
94 25
112 111
5 6
16 4
126 30
54 92
40 79
16 77
0 15
80 91
83 127
32 86
80 40
15 3
95 107
1 18
49 10
52 65
106 10
20 91
34 1
104 104
33 108
7 54
96 47
70 23
105 19
91 37
116 38
117 79
95 88
125 35
69 63
80 37
49 96
0 16
99 39
40 90
22 90
30 23
19 101
106 59
47 54
10 85
9 53
114 20
31 85
22 21
61 119
116 82
124 3
89 52
115 57
16 38
122 7
86 16
65 12
21 91
97 54
106 20
20 114
36 11
119 8
115 22
57 91
102 27
86 123
31 3
68 61
40 38
10 120
83 126
54 104
56 95
51 18
96 117
117 127
17 53
95 46
31 123
92 88
91 117
19 115
125 3
21 109
38 93
49 79
116 16
72 109
62 103
110 29
80 45
17 106
27 118
47 82
115 93
85 125
92 127
31 14
46 76
3 118
9 96
89 45
18 24
15 50
39 92
83 114
118 4
94 122
80 89
104 28
118 94
25 56
25 94
16 79
33 93
50 84
24 32
14 13
70 10
14 18
58 95
76 24
113 75
111 30
46 26
61 104
95 60
66 59
99 74
57 38
19 103
37 70
86 100
23 35
71 95
9 95
2 60
94 24
29 93
73 23
111 126
122 88
52 106
4 114
58 110
107 93
13 3
61 111
117 110
110 99
88 69
57 95
25 60
53 19
6 116
124 118
81 39
110 67
7 107
105 37
88 52
81 114
32 87
99 85
88 125
58 33
125 45
94 57
30 19
55 118
42 57
29 28
28 95
119 1
38 74
19 99
87 98
71 61
17 108
56 116
65 120
64 13
9 121
127 59
57 48
92 116
118 2
1 38
18 36
85 75
118 61
17 104
30 64
107 58
101 43
42 114
112 94
86 34
81 38
16 93
80 126
93 21
99 90
20 20
87 99
110 77
61 86
28 119
12 120
69 82
80 58
59 37
13 95
22 74
88 17
38 0
85 36
107 56
29 58
9 22
71 29
13 76
14 77
67 101
15 94
29 34
124 98
15 62
50 28
37 127
31 90
43 106
32 117
76 44
60 67
56 118
56 52
59 49
48 4
44 60
98 61
4 113
92 8
102 86
108 77
13 121
99 92
71 32
82 120
8 122
126 119
27 65
91 119
29 24
127 36
118 73
125 123
40 8
102 52
19 41
16 103
2 120
12 121
93 113
101 45
19 95
40 39
55 40
42 18
44 92
117 16
26 97
12 75
126 46
82 126
20 24
57 70
74 73
61 54
71 28
95 55
102 12
3 41
1 105
80 11
26 59
97 37
87 53
103 107
12 52
52 92
15 11
15 71
67 8
43 88
13 96
36 108
110 1
6 24
49 76
30 93
43 80
105 46
103 103
31 92
110 57
22 121
79 74
96 109
73 75
100 36
59 59
119 46
0 104
31 56
67 114
32 119
71 33
37 43
30 113
70 111
18 57
107 47
52 119
72 32
109 59
1 82
50 18
97 17
38 42
2 51
17 1
117 10
61 59
71 11
107 60
91 54
91 101
12 53
0 83
119 74
69 14
50 103
97 51
105 105
1 66
90 120
28 11
119 59
92 89
94 109
85 53
58 88
35 106
31 54
36 107
41 16
98 11
53 3
39 38
38 115
108 5
87 76
117 97
123 48
20 90
108 125
17 51
92 53
82 117
44 87
113 87
89 38
116 62
41 120
27 41
15 72
14 15
61 68
74 5
15 76
50 57
85 17
31 22
19 98
91 110
50 126
19 39
58 69
116 81
58 117
99 30
117 60
87 43
94 75
106 36
87 51
92 1
82 113
82 44
36 34
119 95
60 15
127 92
59 15
96 37
78 75
42 20
123 46
117 73
14 95
45 23
35 87
72 108
124 116
96 17
120 8
30 38
53 40
49 118
49 103
119 28
112 70
28 53
59 72
38 19
69 23
118 9
45 29
55 94
6 71
115 111
102 73
125 72
58 35
126 8
36 22
55 106
7 32
25 125
118 26
4 26
8 10
2 103
74 74
99 37
65 108
60 118
111 68
34 48
80 61
80 48
59 86
61 23
83 59
9 36
6 79
96 124
15 79
127 22
53 105
119 0
114 92
72 56
101 87
29 26
79 37
97 49
98 34
91 96
97 43
19 96
10 54
30 122
75 4
9 123
69 29
123 8
32 16
3 3
20 97
45 15
20 79
113 59
66 0
30 18
69 9
45 76
96 50
22 70
56 54
111 70
96 59
96 28
59 70
116 76
18 44
95 100
81 92
51 101
70 8
84 55
115 112
45 78
38 51
39 93
65 109
115 29
86 76
34 94
62 89
48 30
42 50
42 87
124 47
19 43
14 124
116 111
124 1
117 2
126 13
103 75
47 81
59 39
93 105
86 125
80 32
120 66
86 85
49 64
37 6
29 112
95 123
28 33
83 36
69 83
61 105
39 49
65 10
93 0
64 126
69 10
4 4
13 79
28 23
94 92
69 121
50 112
13 12
86 52
93 2
52 37
30 118
26 51
72 46
78 83
61 7
121 85
72 64
86 9
8 55
101 35
72 28
96 69
6 117
10 9
117 15
91 107
25 47
60 88
96 99
94 46
38 18
82 36
100 14
110 98
44 15
30 65
116 126
21 6
27 58
81 45
85 18
38 32
87 41
62 101
127 93
23 69
8 54
104 22
80 67
25 41
59 54
75 73
11 76
1 60
53 118
120 45
4 17
68 121
0 111
29 119
52 105
92 22
0 94
51 111
108 92
15 16
121 35
91 95
113 60
79 48
94 73
19 37
84 122
35 81
108 93
62 121
16 106
115 100
59 53
71 25
47 31
30 55
46 24
21 75
105 9
112 31
18 91
72 106
48 104
70 52
91 22
71 23
92 76
85 5
124 122
51 38
117 81
54 13
32 52
102 59
70 30
18 37
127 84
116 71
60 56
127 118
81 60
118 81
77 74
89 126
2 91
45 25
33 83
51 29
24 86
44 25
115 5
91 51
66 30
9 55
126 85
89 71
4 41
100 29
41 88
77 77
124 9
77 17
67 58
48 83
41 48
18 103
83 122
11 84
14 73
111 109
121 103
124 110
1 68
72 58
94 101
85 54
74 14
59 36
108 97
122 84
95 122
15 13
45 74
60 110
59 120
87 36
109 90
19 71
38 33
66 13
75 44
27 35
49 75
96 44
118 22
60 8
117 26
99 121
126 73
75 30
67 60
115 95
38 36
70 31
61 110
103 60
99 89
78 5
58 76
36 88
74 29
97 48
65 2
112 61
50 117
68 84
72 75
83 28
24 29
93 108
35 11
98 91
38 39
10 77
94 87
15 14
96 70
74 30
5 44
97 60
1 111
38 95
39 116
111 58
60 21
70 56
52 116
21 114
61 67
51 84
61 19
31 5
41 91
93 119
16 2
40 87
90 47
86 19
112 110
66 76
2 72
67 0
7 35
96 61
98 122
34 84
41 114
83 91
70 63
37 36
45 27
33 3
110 31
3 2
4 112
93 76
38 87
119 3
103 10
78 124
2 24
53 92
108 4
63 102
33 88
119 47
102 61
90 19
49 4
1 48
119 27
82 90
84 6
114 127
57 41
104 45
108 78
96 106
32 84
39 90
56 92
73 28
50 64
113 88
120 39
102 42
27 94
75 25
115 80
109 60
122 48
13 64
54 105
103 62
46 34
120 60
91 25
51 9
19 76
29 113
2 2
70 60
18 105
21 41
126 94
51 58
68 98
36 94
48 31
21 34
116 77
107 23
93 26
123 67
31 88
26 13
59 16
74 102
120 74
5 43
45 88
72 26
51 56
2 67
14 93
109 115
32 53
50 98
73 21
38 41
9 62
3 68
14 51
31 62
2 104
72 45
117 29
45 119
71 19
24 54
116 97
27 52
20 34
109 114
121 78
31 89
110 51
23 33
34 72
104 106
46 73
37 55
101 46
121 89
21 122
71 96
103 11
17 103
12 11
110 113
40 43
85 8
103 29
49 56
125 115
68 30
117 126
58 86
97 40
99 36
43 58
21 76
28 17
119 10
98 88
103 27
39 22
26 96
93 114
4 47
116 75
1 17
85 60
53 91
90 51
98 47
1 1
120 84
97 124
123 83
34 89
20 100
48 22
18 55
92 9
31 15
58 52
101 3
7 53
59 7
42 19
27 11
119 89
60 71
73 58
22 34
107 85
13 20
3 111
76 75
29 91
69 120
60 14
25 13
31 118
98 38
31 108
43 91
81 24
30 116
67 29
88 35
83 43
100 97
82 43
56 39
113 93
43 9
60 59
5 80
46 87
83 60
57 78
39 37
46 53
51 65
32 7
94 97
104 42
118 74
92 26
88 82
55 117
10 82
33 2
11 83
0 69
99 95
89 8
59 19
82 34
55 93
122 77
103 26
117 61
0 91
60 17
85 74
38 6
79 101
86 101
117 95
35 125
74 62
120 5
109 77
86 59
119 127
25 49
92 74
28 67
44 79
35 40
19 21
33 84
47 73
37 35
120 7
20 40
120 34
114 109
116 28
5 115
59 30
93 112
1 95
66 57
42 99
8 107
96 62
48 82
53 12
115 23
116 95
116 72
25 34
15 63
37 88
103 22
94 106
126 2
114 95
120 98
1 71
3 89
79 125
14 72
108 76
112 86
28 97
46 30
34 73
54 3
86 56
79 73
6 5
72 29
72 62
5 40
42 82
87 126
36 39
35 108
123 86
46 105
97 18
64 2
26 33
94 39
32 83
14 80
34 82
98 123
111 0
27 24
11 81
57 34
70 58
127 12
112 59
29 66
90 20
76 16
31 17
9 33
85 57
57 47
31 52
94 60
126 10
102 25
1 100
121 76
0 58
125 47
0 36
17 43
42 0
17 109
86 37
24 30
87 125
64 75
83 89
46 77
70 97
93 27
89 70
45 16
88 51
41 8
99 96
110 61
14 97
93 1
121 6
49 19
17 77
18 54
109 32
6 80
50 78
127 3
61 24
22 52
42 104
105 13
73 22
32 105
75 78
76 26
24 51
46 79
48 55
102 30
108 49
114 30
20 38
33 127
21 120
0 53
75 76
84 97
39 35
22 78
116 5
92 27
46 88
99 26
111 75
12 16
61 69
2 101
0 23
41 49
14 63
56 50
90 24
41 61
20 84
38 91
37 68
110 66
93 121
32 107
19 58
57 72
11 119
24 48
42 92
31 20
115 98
37 94
26 14
109 92
117 27
8 43
52 19
69 61
9 27
89 25
13 51
28 60
109 66
28 34
31 57
77 86
109 70
27 14
112 8
44 81
108 90
41 7
10 59
50 113
116 40
3 116
56 53
11 80
1 14
116 27
0 60
119 58
73 77
20 119
104 10
122 87
73 34
6 35
51 85
16 54
51 115
30 7
8 106
114 59
84 7
17 92
20 41
52 38
98 42
93 9
9 97
40 21
72 78
16 51
41 39
92 109
18 116
20 36
114 96
111 14
108 64
34 107
51 54
84 125
84 43
117 25
45 105
63 99
2 15
48 53
61 14
100 73
67 115
121 97
68 100
1 24
57 1
104 40
76 72
21 77
37 53
15 125
13 62
76 5
1 91
47 25
86 42
81 106
15 98
108 57
122 117
94 74
115 4
35 104
32 4
0 90
37 52
97 87
55 120
126 117
83 34
30 27
96 36
31 84
127 86
121 104
10 64
103 74
94 120
103 41
38 67
86 35
68 119
103 76
117 77
97 81
12 119
72 97
83 35
47 103
48 52
19 32
111 76
73 46
59 20
48 75
35 34
46 32
80 0
87 39
101 11
15 49
48 25
76 87
54 41
100 9
24 60
46 123
10 61
14 71
12 65
94 28
109 116
29 12
62 69
21 24
10 11
49 58
94 54
50 102
90 38
96 23
18 42
16 91
11 60
37 71
85 56
21 71
19 116
13 17
24 50
55 12
99 5
14 50
117 70
92 118
16 52
62 53
72 107
38 34
82 118
31 64
83 121
117 39
52 102
25 87
108 67
86 99
52 100
74 24
10 121
36 36
4 89
33 105
26 12
107 125
90 121
51 36
49 54
43 3
87 29
82 119
91 24
19 90
32 93
42 81
18 39
81 127
111 112
58 118
106 90
24 31
126 70
127 85
21 21
37 49
98 39
99 94
60 122
17 36
75 75
6 4
14 12
117 57
29 94
32 37
84 119
104 18
1 93
44 16
62 110
89 11
52 8
40 115
127 15
120 77
36 72
46 81
