97 69
90 21
41 57
3 99
121 98
44 106
102 92
73 84
50 11
70 127
55 71
51 82
11 74
87 39
21 10
127 57
25 31
120 123
63 93
104 42
9 10
23 34
68 71
76 24
68 9
43 54
123 5
8 99
121 1
70 111
74 12
97 57
117 122
11 105
94 38
77 103
35 104
126 87
37 66
108 113
13 21
100 2
19 59
12 0
24 29
47 123
106 20
73 62
117 60
3 26
106 36
1 21
98 9
77 113
49 37
53 51
36 120
63 84
122 88
31 41
23 111
33 19
71 70
101 2
35 45
71 43
18 109
110 69
120 0
117 18
46 80
113 30
80 120
35 30
41 26
126 108
27 5
117 82
101 35
110 106
121 86
82 117
92 58
39 22
16 46
49 86
101 11
80 6
14 67
96 10
68 97
8 108
108 64
70 42
54 9
86 9
99 55
34 67
1 13
114 105
104 44
89 97
60 116
105 14
14 42
97 35
47 113
119 65
73 102
81 95
61 1
19 34
4 43
41 44
20 90
85 20
9 18
69 106
46 122
10 106
11 54
24 30
88 72
43 46
104 69
0 103
63 9
9 63
69 86
43 66
68 98
4 90
99 96
94 9
57 5
28 16
127 44
74 67
121 110
61 39
19 58
102 29
88 76
21 14
96 85
3 100
65 74
32 88
121 57
14 81
115 72
32 107
107 92
66 47
89 126
25 0
58 23
52 65
101 113
38 25
54 88
4 111
37 46
80 77
23 14
120 17
107 57
60 98
44 127
28 121
81 77
60 123
30 53
82 86
122 119
63 46
60 95
24 49
37 71
67 109
5 40
72 86
121 35
33 97
108 117
119 46
58 6
102 6
66 42
120 118
53 17
30 51
118 50
106 51
0 70
107 21
7 44
82 123
89 20
117 58
21 78
48 86
34 6
23 58
16 79
54 119
49 2
13 13
17 3
14 17
116 55
118 21
91 63
112 124
79 59
27 62
70 26
89 37
62 3
107 35
23 24
47 98
56 54
95 13
30 69
67 70
59 122
84 25
62 66
113 44
96 100
49 70
26 15
60 38
60 100
18 92
82 100
97 10
107 37
115 91
3 115
72 102
43 63
125 90
113 98
72 24
66 90
108 13
65 47
126 41
86 16
118 116
119 19
29 109
54 101
75 28
116 126
100 26
24 55
47 83
6 44
94 55
54 59
62 100
18 91
127 20
77 31
80 22
33 17
126 88
122 42
103 23
20 46
86 63
39 96
127 7
18 122
41 42
93 85
23 107
60 111
44 52
73 58
98 42
63 102
33 124
62 48
46 116
120 10
20 24
87 117
24 96
127 122
89 9
44 15
127 117
85 34
3 68
99 74
25 38
7 90
118 40
62 59
117 111
55 88
103 118
4 39
126 58
50 52
87 62
2 70
3 27
28 122
52 10
25 75
50 99
127 48
89 89
108 87
51 45
117 39
91 123
28 61
103 2
65 75
116 76
8 9
118 105
120 14
20 68
120 35
103 22
125 76
21 63
59 71
9 12
126 123
116 40
69 6
83 50
46 31
126 15
51 114
95 58
94 24
39 121
52 25
119 88
42 82
73 99
110 61
23 87
0 52
120 90
5 39
117 94
44 113
112 24
77 69
1 110
39 25
97 32
72 53
26 100
119 67
118 59
111 76
126 10
8 17
24 86
41 106
15 35
65 101
41 24
62 52
41 95
98 85
51 65
39 15
78 99
22 6
35 126
70 126
7 3
73 114
118 103
125 21
89 35
16 16
43 105
79 33
78 104
14 32
125 33
8 36
87 92
44 62
42 9
71 17
53 31
21 22
58 85
62 91
33 8
68 120
52 117
21 33
115 7
75 48
96 48
80 60
100 111
78 13
24 40
1 116
22 16
38 16
71 21
25 97
60 75
47 106
101 93
81 67
9 30
58 114
103 127
24 76
72 52
95 126
120 51
35 95
70 116
44 55
9 123
96 82
81 1
38 38
26 40
44 67
59 18
91 11
109 93
120 110
81 121
114 52
88 34
107 0
59 80
112 43
87 44
99 32
2 118
93 116
35 59
64 26
108 70
112 22
93 87
33 114
16 33
73 119
26 39
104 79
16 107
21 126
34 124
67 126
107 34
126 71
4 18
77 116
115 2
75 60
103 63
40 122
127 28
75 100
18 102
25 61
34 66
121 42
53 8
61 41
92 53
93 37
8 29
18 114
111 122
116 71
112 46
29 93
51 116
34 125
36 106
15 4
3 0
94 119
43 62
51 55
115 102
120 22
99 95
21 73
79 119
51 122
52 40
86 56
96 114
13 83
23 23
107 75
95 59
74 34
70 90
56 58
18 82
15 43
72 60
90 110
102 10
27 20
31 36
55 76
98 84
72 87
22 77
103 41
60 50
99 25
82 111
26 87
5 63
108 43
65 54
119 51
126 97
61 66
49 68
43 30
29 23
9 31
52 26
0 14
76 22
23 12
96 25
89 39
105 42
90 93
21 72
112 126
71 5
74 16
4 26
112 13
127 34
99 38
109 79
20 111
50 41
54 76
89 106
38 95
85 55
70 109
106 74
75 81
41 34
82 16
82 36
91 71
77 115
52 49
120 73
84 44
101 109
121 46
95 115
94 29
95 9
75 65
85 13
38 86
94 32
67 9
59 74
0 22
66 52
114 56
40 57
45 0
46 89
45 71
108 35
23 69
97 55
39 8
91 44
117 90
49 100
11 11
88 107
62 94
30 110
123 88
80 47
63 82
15 103
95 76
109 105
116 122
75 80
17 126
28 93
107 101
97 118
46 108
75 88
2 113
9 75
44 26
124 0
93 26
110 112
7 7
17 4
127 27
57 92
39 79
19 74
125 14
83 89
79 126
30 83
79 40
16 3
91 107
0 20
49 11
53 64
108 7
20 89
34 127
103 104
34 109
5 55
98 46
66 21
106 18
92 37
115 40
119 78
95 86
122 31
67 69
79 37
47 97
125 15
101 36
38 92
22 88
31 21
19 101
105 58
49 50
9 87
9 53
114 19
29 82
23 22
62 116
113 82
125 1
90 53
115 55
14 41
122 3
84 13
68 10
21 89
98 55
107 19
18 116
35 11
119 4
117 19
59 89
103 26
82 122
31 1
69 64
41 38
7 120
79 125
55 102
58 97
52 17
100 116
119 123
18 52
97 45
30 124
91 86
91 116
17 117
0 1
22 107
36 95
55 75
115 13
75 109
61 103
107 28
78 44
17 106
26 119
48 82
118 94
81 124
93 0
30 12
47 72
2 116
6 97
90 43
16 23
11 49
37 94
79 111
118 0
94 123
76 89
105 27
118 97
25 56
23 96
20 79
31 95
52 83
21 31
14 13
73 10
14 20
60 97
75 21
112 75
111 29
48 29
61 105
95 61
67 62
99 78
60 39
19 103
39 70
89 100
20 34
72 92
6 96
3 58
93 25
27 95
72 20
110 122
119 90
53 104
3 112
59 110
107 95
14 3
62 111
119 111
108 102
90 68
59 97
25 62
53 19
5 114
121 119
80 39
110 67
6 107
109 35
89 53
77 111
30 87
101 85
88 126
61 32
126 45
94 58
28 20
55 116
44 57
32 29
26 97
121 125
40 75
19 97
90 98
72 65
17 108
57 113
69 119
66 12
6 121
126 57
62 47
92 115
118 126
0 38
12 38
86 76
120 60
17 104
32 68
106 56
105 41
40 113
113 95
87 33
80 38
15 96
76 125
92 19
99 88
21 21
90 99
109 77
63 85
27 120
11 121
69 83
76 55
62 38
9 96
27 72
86 14
39 2
86 35
106 54
31 58
6 24
70 28
11 76
17 74
66 100
12 91
26 33
124 99
18 61
54 30
39 0
29 90
42 107
34 115
75 43
60 63
57 115
61 51
66 48
46 4
45 63
98 62
3 111
95 6
105 87
107 77
15 121
97 92
73 32
78 119
5 123
123 120
29 69
91 118
30 22
126 33
118 71
125 123
40 9
104 54
17 44
16 103
2 119
11 124
95 113
105 43
19 93
42 41
55 42
38 17
44 92
117 13
25 100
10 75
127 46
78 125
21 25
55 70
77 73
66 53
70 27
96 56
106 13
3 42
127 105
78 11
26 61
99 34
83 51
102 108
12 52
50 94
15 11
13 71
70 5
43 89
9 97
37 109
110 0
8 22
50 72
28 95
44 81
109 50
102 103
29 94
109 54
24 121
82 75
99 110
75 76
102 33
57 59
117 48
127 103
32 55
67 113
34 117
73 33
39 45
29 113
70 112
20 59
113 48
52 119
74 32
108 57
1 82
51 17
96 16
40 44
1 51
18 0
117 10
62 60
74 11
106 59
92 55
93 101
12 53
1 79
119 72
68 18
51 105
98 51
104 106
3 63
90 120
24 10
123 56
91 87
90 109
81 51
57 86
36 107
32 53
37 108
37 15
100 11
53 4
40 38
37 113
109 4
89 77
118 104
121 50
20 88
104 123
19 49
93 54
78 116
46 87
113 87
90 39
118 61
38 120
27 41
13 72
14 15
61 64
77 6
18 73
52 53
83 14
32 20
19 96
87 110
48 1
17 42
58 68
113 81
59 114
99 28
119 59
87 47
96 76
110 34
83 49
92 3
78 110
80 43
35 31
120 97
57 13
126 90
55 13
98 34
81 76
42 24
121 47
117 71
10 96
47 22
33 85
75 108
121 117
95 16
120 4
30 37
53 42
48 117
50 105
121 25
112 70
29 52
60 70
38 21
65 21
118 9
47 32
56 97
5 70
117 112
101 72
125 73
61 36
1 5
33 23
57 106
8 28
22 125
120 23
4 27
8 10
2 101
77 74
101 34
68 106
61 115
111 68
32 46
78 62
79 50
58 84
63 22
83 62
9 35
5 80
96 125
19 79
125 23
54 103
121 124
117 93
74 59
104 88
30 24
78 37
98 49
100 31
91 93
99 40
19 94
10 54
29 123
78 5
6 124
68 28
123 4
31 14
7 1
20 95
44 16
22 82
115 58
67 125
29 16
72 6
46 72
97 50
22 67
61 53
111 70
96 60
95 29
61 67
116 74
16 47
96 102
84 90
52 99
73 5
80 53
117 113
46 75
40 58
37 95
67 108
114 27
88 77
32 96
67 91
52 32
44 49
42 88
122 48
17 46
14 125
118 112
125 127
117 126
124 10
103 78
53 77
62 40
89 105
82 124
78 32
121 64
88 87
48 62
37 7
28 112
95 124
25 32
84 35
69 84
61 106
42 54
68 8
94 1
65 122
72 10
6 3
17 79
27 23
93 91
72 120
49 111
13 12
82 50
93 4
53 37
29 119
25 48
69 48
81 83
61 11
118 85
73 68
82 11
6 58
103 32
71 27
95 67
5 115
10 9
117 12
87 107
24 44
63 90
97 101
96 45
38 20
83 35
103 14
108 101
41 15
32 69
118 122
21 5
28 59
79 44
83 15
37 29
86 43
61 101
127 93
23 66
8 54
105 21
82 67
25 41
64 53
78 73
9 76
127 61
53 118
118 47
4 19
71 120
127 109
28 120
53 103
91 20
0 94
54 110
108 94
15 16
122 34
91 92
115 59
78 50
96 74
17 40
80 121
34 79
108 95
61 122
16 106
115 106
64 52
70 22
49 34
31 54
48 24
26 73
107 6
112 30
18 89
73 105
49 106
71 52
90 20
67 21
94 77
84 0
124 122
51 39
114 81
52 15
35 50
101 58
69 29
16 40
125 80
117 67
65 56
124 119
79 61
115 81
80 75
89 127
1 89
46 25
32 81
55 31
24 84
45 25
114 4
95 49
65 26
7 58
124 81
91 70
6 41
100 27
41 89
80 78
124 5
76 18
68 61
50 82
44 53
18 103
79 121
15 84
12 73
106 110
123 104
125 111
2 68
74 61
95 103
81 52
73 15
62 37
106 99
118 83
95 123
15 13
46 70
61 110
60 117
88 35
109 92
19 68
37 30
69 11
72 44
24 34
50 71
98 41
120 18
59 10
119 23
102 119
126 74
74 29
68 63
115 98
39 36
69 30
62 110
102 59
99 87
82 6
60 74
35 88
73 28
99 47
62 2
114 60
49 116
68 85
72 73
85 25
21 28
89 108
34 11
98 89
39 39
10 78
94 85
15 14
96 70
73 29
5 46
97 61
0 109
38 99
41 117
110 55
58 22
72 59
52 116
22 114
61 63
54 82
62 18
31 3
39 93
93 120
17 1
39 87
91 47
84 16
107 111
66 75
3 74
69 125
5 36
96 62
101 120
33 82
39 113
83 86
69 69
38 36
47 30
33 1
110 30
7 0
3 110
95 77
37 87
119 127
105 7
74 123
2 25
51 94
109 3
62 102
31 88
117 49
101 60
87 17
48 5
2 46
121 24
82 85
83 1
113 124
60 42
108 47
107 78
92 106
30 81
37 92
59 93
72 27
51 63
113 88
120 42
106 40
25 96
74 22
112 80
108 59
120 50
16 63
55 103
102 63
48 38
124 57
90 26
51 10
24 74
28 113
6 0
72 63
18 105
19 44
125 94
53 54
66 96
34 96
50 34
17 34
116 75
108 22
92 27
122 68
29 88
22 12
58 16
74 101
120 72
5 44
47 88
71 23
53 52
4 64
11 90
107 116
35 51
48 99
72 18
40 43
8 62
6 66
14 51
33 66
5 104
69 47
121 27
45 117
70 16
24 54
117 104
26 49
16 34
107 115
123 76
29 89
110 52
20 32
36 72
103 107
47 69
36 60
105 44
118 91
19 123
72 93
107 12
17 103
12 11
108 114
42 45
86 7
104 28
51 52
124 115
67 29
119 122
57 84
99 37
101 33
48 60
26 74
23 17
119 10
98 86
104 26
39 26
24 98
95 114
5 48
116 73
0 18
87 64
51 91
91 52
100 46
4 127
116 83
100 122
120 81
32 89
23 100
51 24
19 54
93 8
30 13
63 51
99 3
5 54
58 9
42 23
23 10
116 91
62 68
75 61
19 33
109 83
13 22
2 109
79 76
25 90
72 119
57 12
21 12
33 116
100 35
32 109
43 91
81 22
31 116
66 25
89 34
81 42
101 97
80 42
56 41
116 94
43 10
58 59
6 84
48 87
83 63
59 76
40 37
48 49
52 64
34 7
95 99
109 40
118 72
91 27
86 80
56 114
14 82
33 0
15 83
1 69
100 95
88 3
57 19
83 33
56 96
124 75
104 25
119 60
127 89
59 17
86 75
38 7
76 103
89 101
117 98
35 123
75 66
120 1
108 77
88 63
121 123
24 46
92 74
30 71
45 79
36 40
17 21
32 82
48 69
36 32
120 3
18 43
117 33
112 109
118 25
4 113
59 30
95 111
1 95
67 60
41 102
7 107
96 63
54 78
49 15
117 20
116 98
117 68
22 33
18 62
36 88
104 21
90 106
1 0
114 98
121 100
2 73
2 85
75 124
12 72
107 76
112 86
27 100
48 33
36 73
54 4
85 56
82 74
9 5
71 28
73 66
7 40
43 83
87 127
37 39
36 109
120 88
46 107
96 17
61 2
23 32
96 36
30 80
18 80
33 80
101 121
113 0
26 24
15 81
59 34
72 61
125 9
114 58
31 70
87 18
75 17
30 15
10 29
83 58
58 45
34 50
94 61
0 8
103 24
126 98
123 74
127 56
123 48
127 33
15 46
43 126
17 109
87 36
21 29
87 126
64 74
83 84
47 74
71 94
92 28
91 69
44 17
89 52
41 9
100 96
109 60
10 98
94 2
121 2
48 17
20 74
19 53
109 31
8 82
56 74
2 1
63 23
21 51
41 105
109 14
72 19
30 104
77 81
75 23
23 48
47 79
50 51
103 29
105 50
114 29
18 41
33 125
19 121
127 53
78 77
83 99
40 35
27 76
115 4
91 28
48 88
99 24
110 75
12 16
63 66
2 99
126 24
44 54
17 62
61 49
89 25
42 64
20 84
36 93
37 65
110 66
93 122
33 108
21 60
55 72
11 112
23 45
40 94
32 18
115 104
37 98
22 13
109 94
119 24
8 44
52 19
70 64
10 25
88 26
13 51
28 62
109 66
25 33
32 56
74 84
109 70
23 13
114 6
45 82
108 92
41 8
11 57
49 112
115 42
2 114
61 52
15 80
127 12
118 24
127 58
123 55
74 80
18 120
106 7
119 89
75 34
4 36
54 83
17 53
51 115
28 8
7 105
116 58
83 2
17 90
18 44
52 39
100 39
94 8
6 98
40 25
73 81
18 49
46 41
88 109
16 118
21 38
114 102
112 15
108 63
35 108
53 50
80 124
82 42
119 22
45 107
63 98
127 14
50 49
58 12
98 75
67 115
122 99
67 99
1 25
58 4
108 38
78 70
26 75
35 55
15 126
16 61
79 6
0 89
50 27
85 44
80 108
12 98
107 55
119 118
96 75
114 3
36 105
32 2
127 88
39 59
97 85
55 120
123 118
84 33
33 28
98 33
29 81
125 82
123 106
9 64
103 77
94 121
107 39
38 64
87 34
74 114
103 79
117 75
95 83
12 112
73 96
84 34
47 105
50 48
15 32
110 76
70 48
57 20
49 71
33 32
47 35
77 2
88 40
105 12
11 48
51 27
73 85
54 43
102 9
24 62
45 123
9 61
12 71
15 67
93 29
107 117
27 13
66 65
22 25
10 11
51 54
95 55
50 102
91 39
95 24
16 45
16 89
12 58
39 71
84 56
21 68
17 118
13 17
23 47
53 14
98 5
10 49
118 66
92 117
18 50
67 52
75 107
37 31
78 117
33 68
79 120
116 41
53 100
25 85
108 67
89 99
53 98
73 21
7 121
37 36
5 87
31 104
22 11
103 123
90 121
52 36
51 50
44 1
87 30
78 118
90 25
19 88
30 95
43 82
16 42
77 126
109 113
59 115
106 92
21 30
127 70
125 81
22 22
39 55
100 36
100 94
58 126
11 38
78 76
8 3
14 12
119 53
27 96
32 36
87 116
105 17
1 93
41 16
63 110
90 10
52 9
42 116
124 14
122 75
38 72
47 81
