94 68
90 21
40 53
3 101
121 98
43 105
102 92
72 85
50 9
68 1
56 71
51 81
13 72
87 38
23 11
126 58
26 32
119 123
62 91
104 42
10 10
24 35
68 71
76 25
68 10
41 52
123 6
10 99
121 2
69 111
74 11
96 57
116 122
10 105
94 38
79 102
34 102
126 89
37 66
108 112
13 21
100 2
19 58
13 127
25 30
48 124
106 20
71 63
117 59
3 26
106 36
1 18
98 9
78 114
50 35
53 54
37 120
62 85
123 87
33 43
24 113
30 21
69 70
101 2
37 43
72 42
18 108
111 69
120 1
115 20
46 81
113 30
81 121
36 32
42 24
126 108
28 5
119 83
101 38
107 104
122 86
83 119
92 59
40 22
16 43
48 86
101 12
79 6
13 66
96 10
68 97
9 108
109 65
71 41
54 7
87 8
98 55
33 66
3 13
113 104
104 44
88 98
59 118
103 14
14 39
97 38
45 114
119 68
74 102
83 96
64 0
20 35
5 43
41 44
20 91
88 19
10 18
67 108
47 123
9 106
10 53
25 31
89 72
43 46
105 68
1 104
60 8
10 62
69 86
42 69
68 98
2 90
99 96
94 9
58 3
27 18
127 44
73 67
122 108
61 40
19 57
102 29
87 75
23 15
97 87
3 102
66 75
34 89
120 57
12 82
116 73
31 105
107 91
61 46
87 125
25 127
59 23
52 66
100 112
39 23
54 87
4 111
38 44
78 80
25 15
118 20
108 58
60 98
43 1
26 120
79 80
60 122
31 53
82 88
124 119
60 45
60 96
26 51
37 70
66 110
4 41
71 87
118 36
35 96
108 116
120 46
59 4
102 8
67 42
122 118
53 17
31 51
119 50
107 51
127 71
107 21
8 44
83 124
89 20
117 57
19 79
47 86
33 5
22 58
14 80
54 118
50 1
14 13
17 3
15 17
118 55
116 23
92 63
114 123
78 59
29 60
70 25
90 37
65 2
107 35
21 23
47 97
56 55
96 14
29 68
67 70
59 121
83 26
59 69
114 44
96 99
48 70
27 16
60 39
60 102
18 93
82 98
97 10
107 37
117 90
3 115
73 102
41 61
125 92
113 99
72 25
64 89
106 13
60 46
127 41
88 16
120 117
117 22
29 107
52 104
75 27
116 127
101 27
24 54
47 84
7 44
93 55
53 58
62 102
18 92
127 17
80 31
81 22
30 19
126 90
120 39
103 23
19 42
84 60
41 95
126 5
18 122
41 42
94 87
23 109
60 111
42 50
71 59
98 45
63 104
32 123
59 47
45 119
122 9
18 23
87 118
26 95
127 122
88 8
43 14
126 115
85 35
2 69
100 73
25 38
7 90
117 38
63 58
118 109
55 87
103 118
3 40
125 59
50 55
85 59
1 71
3 27
26 121
52 8
22 78
50 98
127 51
92 90
108 87
52 44
116 37
91 122
30 59
102 3
66 76
117 77
9 9
116 103
119 14
19 70
117 36
103 22
124 77
20 63
57 73
10 12
126 123
115 38
69 8
86 52
47 29
0 15
51 113
95 58
94 21
39 120
52 24
121 87
42 82
74 100
111 61
23 88
0 52
122 89
4 40
116 94
44 115
112 24
77 69
1 110
40 23
97 35
70 52
27 98
119 70
118 58
112 77
127 12
9 17
24 87
41 106
17 35
65 101
42 22
59 51
43 94
99 87
51 66
41 16
77 98
21 6
34 125
68 0
7 3
71 116
116 101
127 20
89 36
17 16
42 104
82 33
80 103
16 32
125 35
7 38
86 94
42 60
43 9
71 18
52 30
19 21
57 84
62 90
32 7
68 118
52 116
22 34
114 8
79 47
95 48
79 60
100 111
79 10
24 40
1 116
25 16
40 17
71 22
27 96
59 77
46 105
101 93
81 68
8 31
57 116
104 0
21 79
70 51
97 125
121 51
37 94
70 117
42 53
8 122
96 82
83 5
37 37
26 40
43 70
59 19
90 10
109 92
121 108
82 122
116 54
88 35
106 1
59 79
113 43
88 43
99 35
1 117
95 117
35 58
64 28
109 70
114 22
94 88
32 115
18 33
73 118
26 39
104 78
16 106
23 127
33 123
66 0
107 34
125 72
4 18
78 117
116 3
73 61
104 62
40 121
127 28
76 100
18 101
27 59
33 65
119 39
53 6
61 42
91 53
93 37
7 30
18 115
113 122
117 72
110 46
31 92
51 115
33 124
35 104
15 4
3 0
96 118
41 60
51 58
114 101
118 24
99 95
21 74
80 120
52 121
53 40
87 57
96 114
11 84
21 22
108 76
95 59
71 32
71 91
56 59
14 84
15 40
70 61
92 109
102 11
27 19
33 36
51 78
99 86
71 88
20 78
103 41
57 49
100 26
82 111
26 87
5 63
110 43
62 53
120 51
0 99
58 69
48 68
43 30
26 25
8 32
52 25
2 14
76 23
25 13
96 22
89 38
105 42
91 93
21 73
112 125
71 7
75 16
4 26
112 15
127 36
99 41
110 79
21 113
51 40
50 78
91 105
40 94
86 56
68 109
107 75
75 82
40 33
83 17
82 37
90 72
78 116
52 52
121 74
85 43
102 107
122 47
95 115
94 26
95 9
74 65
86 14
39 85
92 30
67 10
58 76
0 19
63 51
116 56
39 53
44 2
45 89
44 71
108 35
21 70
96 55
40 8
91 45
119 89
49 99
12 11
90 106
61 92
30 108
124 87
80 46
63 84
15 102
93 74
106 103
115 122
75 81
16 127
30 92
108 100
97 118
45 107
75 87
2 113
11 73
46 27
126 0
93 23
110 111
6 7
17 4
127 27
56 94
39 79
19 75
127 14
80 92
80 127
30 85
81 40
16 3
93 106
0 17
49 9
53 65
108 10
20 90
33 126
104 103
33 107
6 53
98 47
67 21
106 18
92 37
114 38
118 78
96 88
124 34
67 69
81 37
47 96
127 15
101 39
40 91
22 89
28 23
19 100
106 58
49 53
9 88
8 52
114 19
29 84
21 21
61 118
114 81
127 1
89 53
117 55
14 38
122 4
85 14
68 11
21 90
97 55
107 19
19 116
36 11
119 5
115 21
60 92
103 26
83 123
30 0
68 65
40 37
8 120
80 126
53 105
58 97
52 17
98 117
118 123
19 54
97 46
28 123
93 88
93 117
18 117
0 1
22 109
38 94
51 77
116 15
71 108
61 105
110 27
78 44
17 105
24 118
48 83
117 94
82 125
91 125
29 14
46 72
2 116
7 96
90 44
17 24
13 48
39 93
80 113
118 1
96 122
76 88
105 27
118 98
25 55
25 95
18 80
33 94
52 82
22 32
15 13
73 9
14 20
60 97
75 22
113 76
111 29
49 27
60 106
95 61
66 63
99 76
60 40
19 102
39 69
88 101
21 35
70 93
7 95
4 60
93 22
29 94
72 21
112 122
121 89
51 107
3 112
59 110
107 94
14 3
62 111
120 109
109 101
89 69
59 97
27 60
54 18
5 114
123 119
82 39
111 67
7 107
109 35
88 53
78 113
32 88
100 85
86 125
61 35
126 45
94 58
28 19
55 117
44 58
31 28
28 96
120 125
40 75
19 98
89 99
71 65
17 107
56 115
69 117
65 13
7 121
125 58
59 46
94 116
118 127
0 37
13 36
86 75
120 59
17 103
31 67
107 57
105 41
43 114
112 98
87 34
82 38
16 92
77 126
92 19
100 90
19 20
89 100
110 78
62 86
25 119
11 121
69 83
77 59
62 39
10 96
24 75
87 15
39 1
86 36
107 55
31 58
8 23
70 27
13 74
17 75
66 100
13 93
27 34
124 98
17 63
53 29
38 0
31 91
42 107
33 116
74 43
59 67
56 117
58 50
61 47
47 5
43 61
98 62
3 111
93 5
102 86
108 78
14 119
100 92
70 30
79 120
6 123
125 120
28 68
93 119
27 24
126 35
119 72
125 123
41 9
102 53
17 41
16 102
1 118
11 122
95 113
105 43
19 94
42 41
56 41
40 18
44 93
117 15
26 98
12 73
127 46
79 126
19 24
56 70
75 77
63 52
70 26
95 56
104 13
4 42
1 105
78 9
28 59
99 37
86 53
103 106
11 51
51 93
16 11
15 69
70 7
44 88
10 97
36 107
111 127
6 22
49 72
30 94
44 81
109 46
103 102
31 93
110 55
23 122
80 78
99 110
74 79
102 36
57 60
118 48
0 104
33 55
67 113
33 118
70 31
39 45
29 113
69 112
20 58
111 47
52 118
71 30
109 58
1 82
51 17
97 17
40 44
1 51
18 1
119 9
63 59
74 10
107 59
91 55
92 102
11 52
126 82
120 73
67 17
49 104
99 51
105 104
3 63
92 120
26 11
121 57
93 89
92 108
84 53
56 85
35 105
33 53
36 106
39 16
100 12
53 4
39 37
36 113
108 5
88 76
116 102
122 50
20 89
105 124
19 52
92 54
79 117
45 87
112 89
90 38
118 60
38 119
27 41
15 70
15 15
60 68
76 6
18 74
52 56
84 15
29 22
19 97
89 109
49 0
17 39
57 69
114 80
58 116
100 29
119 58
88 45
94 74
110 34
86 51
91 127
79 112
80 43
36 33
120 97
59 16
126 92
58 16
98 37
79 79
43 22
122 48
118 72
11 96
48 24
35 85
71 107
123 117
96 17
120 5
32 37
54 41
49 117
48 104
119 27
113 70
30 52
58 72
39 21
66 21
120 8
48 30
57 96
8 71
118 110
101 74
125 73
61 37
127 4
33 22
54 107
7 29
24 126
118 25
4 27
9 10
2 103
75 78
101 37
66 108
60 117
112 68
33 47
77 62
79 48
57 83
62 23
83 60
8 37
7 80
98 124
17 80
126 21
52 106
120 124
116 93
72 60
101 87
27 26
80 37
99 49
100 34
92 93
99 43
19 95
9 53
27 122
77 5
7 124
68 27
123 5
30 16
6 1
20 96
43 15
21 81
115 57
66 127
28 18
72 8
45 72
98 50
21 69
58 52
112 70
96 60
95 26
58 70
117 75
16 44
96 101
81 93
50 102
73 7
83 55
118 111
46 75
39 54
39 94
66 109
115 28
87 76
34 95
65 90
51 31
44 48
43 87
123 49
17 43
14 125
119 110
127 127
117 127
125 12
103 77
49 79
62 41
91 104
83 125
81 32
120 64
89 84
50 64
38 7
28 112
97 123
26 33
84 36
69 84
60 107
40 52
68 9
92 126
65 123
72 9
6 3
15 80
26 23
94 91
72 119
50 111
14 12
85 52
92 0
53 38
27 118
27 50
69 48
80 84
60 9
119 85
72 68
86 7
7 54
103 35
71 26
93 68
5 115
11 9
117 14
89 106
26 46
63 89
97 100
96 46
39 20
83 36
102 15
109 100
42 15
31 68
117 122
20 5
29 58
79 44
84 16
38 31
87 42
61 103
126 93
22 68
7 53
105 21
82 68
25 41
61 52
76 77
11 74
1 60
53 117
119 47
4 19
71 119
127 109
26 119
51 106
91 20
127 94
52 109
108 93
16 16
119 35
92 92
115 58
78 48
94 72
17 37
81 122
33 80
108 94
61 121
16 105
114 105
61 51
70 23
50 32
32 54
49 25
23 76
107 9
112 30
18 90
71 105
47 105
69 51
90 20
68 21
92 75
85 3
124 122
52 39
115 80
53 14
35 50
102 59
69 28
16 37
125 83
117 70
62 54
126 119
78 61
116 80
78 78
87 126
1 91
48 26
31 82
54 30
24 85
47 26
115 5
94 49
65 28
8 54
124 84
90 71
5 42
101 28
42 88
78 81
124 6
77 18
67 62
50 81
42 51
18 102
80 122
13 85
14 71
109 109
120 103
125 112
1 69
72 62
95 102
84 54
74 15
62 38
107 99
120 84
97 122
16 13
45 70
61 110
59 119
88 36
109 91
18 70
38 32
69 12
73 43
25 35
49 71
98 44
118 21
59 10
117 25
102 119
126 74
74 28
67 64
115 99
38 35
69 29
62 110
103 60
100 89
80 6
59 76
36 87
73 27
99 48
65 1
114 59
50 116
68 85
72 75
84 26
22 29
91 107
35 11
99 91
38 38
10 78
95 87
16 14
93 69
73 28
6 45
97 61
0 109
38 96
41 117
111 56
59 22
70 60
52 115
21 114
60 67
53 82
60 20
30 2
41 92
95 119
17 2
40 86
91 46
85 17
110 110
67 76
2 73
67 127
5 37
96 62
101 120
32 83
42 114
83 88
68 69
37 35
48 28
32 0
110 30
6 0
3 110
93 75
38 86
119 0
105 10
75 124
2 25
52 93
108 4
62 104
33 89
118 49
102 61
89 17
48 5
0 48
119 26
82 87
84 4
115 123
60 43
108 45
108 79
94 105
30 83
39 91
58 94
72 26
51 64
112 90
118 39
106 40
27 95
74 23
113 79
109 59
121 50
15 65
53 106
103 62
49 36
122 58
90 23
51 8
21 77
28 113
5 0
70 64
18 104
19 41
125 94
53 57
67 97
36 95
51 32
19 34
117 76
108 22
92 24
123 69
31 89
24 13
58 17
75 101
121 73
6 44
46 88
71 24
53 55
4 64
12 92
107 115
35 51
48 98
72 19
40 43
9 61
5 65
13 50
32 65
4 105
69 47
117 28
44 120
70 17
24 53
115 102
28 51
18 34
107 114
122 77
31 90
109 51
21 33
36 71
104 105
46 69
36 59
105 44
120 90
19 123
70 94
105 12
17 102
13 11
108 113
42 45
85 6
104 28
51 55
124 116
67 28
118 122
56 83
99 40
101 36
45 60
23 77
26 17
121 9
99 88
104 26
40 24
26 97
95 114
4 48
117 74
0 16
85 61
52 92
90 52
100 47
4 127
118 84
100 122
121 83
34 90
20 99
51 23
20 56
93 8
29 15
60 50
99 3
6 52
58 9
43 21
25 11
118 90
59 71
73 62
20 34
109 84
13 22
2 109
77 79
28 91
72 118
59 15
23 13
32 117
100 38
31 107
43 92
82 22
31 115
66 27
89 35
81 42
101 97
80 42
57 40
115 94
44 10
58 60
6 81
47 87
83 61
58 78
39 36
48 52
52 65
33 6
95 98
108 40
119 73
91 24
87 81
55 116
12 83
32 127
13 84
0 70
100 95
89 6
58 20
83 34
57 95
123 76
104 25
119 59
127 91
59 18
86 74
39 7
78 102
88 102
117 99
34 122
74 66
120 2
109 78
86 60
120 123
26 48
92 73
29 70
45 80
35 39
18 21
31 83
47 69
37 34
120 4
18 40
118 34
115 108
116 27
4 113
59 32
95 112
0 95
66 61
43 101
8 107
96 63
50 80
52 13
115 22
116 99
117 71
23 34
17 64
37 87
104 21
92 105
1 0
114 99
121 100
1 72
3 86
76 125
14 70
108 77
111 88
28 98
49 31
36 72
54 4
86 57
80 77
8 4
71 27
72 66
6 41
43 83
85 126
36 38
35 107
122 87
45 106
97 18
64 1
24 33
96 39
30 82
16 81
32 81
101 121
112 126
25 24
13 82
60 36
70 62
126 11
114 57
30 69
89 18
76 17
29 17
9 30
85 58
59 45
34 50
94 61
127 6
103 24
0 100
122 75
126 57
124 49
127 35
15 43
42 0
17 108
87 37
22 30
85 125
65 75
83 86
47 74
69 95
92 25
90 70
43 16
88 52
42 9
100 96
110 60
11 98
92 127
121 3
49 17
20 75
20 55
109 31
7 81
52 76
2 1
62 24
22 52
41 105
107 14
72 20
31 103
76 82
75 24
25 50
47 80
50 54
103 29
106 50
114 29
18 38
32 124
19 121
127 53
76 80
83 97
39 34
24 79
116 5
91 25
47 88
100 25
111 76
13 16
60 69
2 101
127 22
42 52
16 64
58 48
89 22
40 62
20 85
38 92
37 65
111 66
95 121
32 106
21 59
56 72
11 114
25 47
42 93
29 20
114 103
37 95
24 14
109 93
117 26
9 44
53 18
69 65
8 27
88 23
12 50
30 60
110 66
26 34
33 56
73 85
110 70
25 14
113 7
45 82
108 91
42 8
10 58
50 112
114 40
2 114
58 51
13 81
0 13
116 26
126 59
121 56
74 81
18 120
106 10
121 88
72 32
4 37
53 83
18 55
51 114
28 8
8 106
116 57
84 5
17 91
18 41
53 39
100 42
94 8
7 97
41 23
73 82
18 52
44 40
90 108
17 118
18 36
113 101
113 15
109 64
34 106
53 53
81 125
82 42
117 24
44 106
62 101
1 14
50 52
60 15
99 74
67 115
122 99
67 99
1 25
59 2
108 38
78 70
23 78
36 57
15 126
15 63
78 6
0 91
50 26
86 43
80 108
12 99
108 56
121 118
94 73
115 4
35 103
31 1
127 90
38 55
98 87
55 119
125 118
84 34
32 27
98 36
29 83
125 85
120 104
10 63
103 76
96 120
107 39
38 64
87 35
72 116
103 78
118 76
95 83
12 114
71 95
84 35
46 104
50 51
17 32
111 77
70 48
58 21
48 71
35 33
49 33
77 0
88 39
103 12
13 47
51 26
72 86
55 42
102 10
26 60
46 124
10 60
14 69
14 66
93 26
107 116
27 12
61 69
20 24
11 11
51 57
94 55
49 103
91 38
95 21
16 42
16 90
11 59
39 70
85 57
20 70
18 118
14 17
25 49
54 13
99 5
12 48
118 69
94 118
18 53
64 51
71 106
38 33
79 118
32 67
80 121
115 39
51 103
25 86
109 67
88 100
51 101
73 22
8 121
36 35
4 86
32 103
24 12
104 124
92 121
52 37
51 53
43 3
89 29
79 119
90 22
19 89
32 94
43 82
16 39
78 127
109 112
58 117
106 91
22 31
126 71
125 84
20 21
38 52
100 39
100 94
58 124
12 36
76 79
8 3
15 12
119 55
29 95
34 36
87 117
105 17
0 93
42 16
63 110
89 9
52 7
42 116
126 14
121 76
38 71
47 82
