99 68
86 27
38 49
127 102
121 98
46 107
101 89
75 89
50 8
69 5
59 71
49 82
13 74
85 37
28 11
126 56
25 34
115 1
62 91
99 43
11 10
23 37
68 66
76 27
63 11
39 48
120 11
14 100
118 7
69 112
69 12
94 53
112 0
12 101
92 37
78 105
34 104
124 89
37 67
105 114
15 19
103 6
18 56
13 0
24 32
50 123
104 21
69 60
114 58
3 24
101 37
2 18
99 13
81 116
44 29
50 57
43 122
64 87
120 88
27 44
25 106
35 21
69 65
104 6
27 42
70 43
19 111
112 71
117 6
117 24
45 79
115 34
84 122
28 34
40 20
127 114
31 5
117 85
98 37
105 105
119 87
83 120
91 57
38 18
15 45
49 83
101 14
76 3
13 66
97 14
71 101
11 104
110 67
69 42
54 6
91 11
96 51
32 60
4 13
115 101
99 45
81 96
60 122
103 16
13 41
94 37
44 113
118 69
73 106
80 95
65 4
19 37
7 41
31 43
21 94
84 25
10 22
67 111
49 122
11 102
12 53
24 33
84 72
33 45
102 65
125 105
61 8
12 64
72 88
42 72
71 102
0 90
98 93
95 13
54 125
32 18
126 42
71 64
113 112
59 44
18 55
100 30
83 79
28 15
96 84
127 103
64 74
36 85
117 56
10 81
115 74
31 107
108 87
57 50
89 126
26 125
60 19
55 71
97 113
37 19
55 84
5 117
28 43
74 77
30 15
120 24
107 56
61 97
41 0
28 117
75 77
62 125
32 53
80 93
127 122
56 49
61 95
28 51
35 69
66 113
6 39
74 91
120 36
37 92
105 118
121 42
55 126
101 11
65 41
125 121
51 15
32 51
120 46
109 52
126 71
105 22
10 42
86 125
85 26
114 56
17 78
48 83
33 8
21 56
12 79
55 122
54 3
15 13
19 5
16 17
115 54
118 27
94 66
110 1
79 55
26 61
70 27
88 36
66 6
102 36
27 20
51 100
53 55
99 15
28 62
67 65
61 124
82 30
62 69
114 44
95 100
48 73
32 16
58 43
65 105
19 96
79 97
98 14
102 38
114 91
4 121
72 106
37 57
123 92
114 97
72 27
64 89
106 15
56 50
4 39
84 22
123 120
119 26
29 109
55 106
75 29
113 4
99 28
22 56
46 82
9 42
91 51
50 61
67 105
19 95
0 17
78 30
77 24
35 19
124 90
122 39
101 24
18 44
82 56
43 91
122 11
17 119
31 41
93 84
21 112
62 112
40 46
69 56
95 44
68 107
34 0
55 51
48 121
117 12
24 20
84 121
28 91
127 124
92 11
44 12
0 119
83 34
1 69
100 74
21 38
9 91
119 38
63 60
109 113
56 84
101 123
5 38
125 57
47 58
83 55
0 71
3 25
28 118
52 7
20 77
54 101
127 52
91 87
109 86
54 48
118 37
90 125
27 60
105 7
64 75
116 78
10 9
118 100
119 17
20 73
119 36
101 23
123 78
22 62
60 73
11 12
126 125
117 38
64 9
85 49
41 24
1 15
52 117
93 54
90 27
45 122
46 19
118 88
41 80
73 104
110 59
24 91
0 53
119 90
6 38
115 95
43 114
107 23
72 72
2 116
38 19
94 34
70 55
29 94
118 71
115 57
113 75
0 12
9 21
25 90
44 108
16 37
68 105
40 18
55 55
45 90
98 84
54 71
42 14
76 104
27 9
36 2
69 4
0 8
67 121
118 98
0 20
87 35
18 16
45 106
80 32
79 106
15 34
1 35
11 40
81 95
38 56
42 10
71 20
46 25
25 18
62 88
62 90
32 10
64 123
53 120
21 36
113 11
78 45
90 47
80 56
97 112
85 12
20 40
2 122
30 16
41 15
71 24
29 92
62 75
49 107
100 90
80 71
11 37
58 120
105 5
19 78
70 54
96 0
122 47
39 90
66 122
40 49
6 125
98 82
87 8
29 39
22 40
43 73
60 15
94 13
110 88
112 112
85 123
113 53
86 34
106 4
62 77
113 43
86 40
96 34
2 123
94 120
35 53
64 30
110 72
116 26
93 85
30 113
17 35
70 122
22 39
103 78
17 109
24 125
35 0
67 4
102 35
124 72
4 15
81 118
113 5
71 58
102 63
46 123
0 25
75 104
19 104
24 60
32 59
121 39
53 5
59 46
89 49
91 36
10 36
17 113
109 0
116 73
104 44
33 88
52 119
35 1
35 106
17 6
123 6
95 121
37 56
48 61
116 98
120 28
98 92
18 76
83 121
53 123
53 45
85 53
95 117
9 83
27 19
109 74
93 55
71 34
74 93
60 60
12 83
14 42
68 58
94 114
102 13
32 19
25 40
49 79
98 83
74 92
18 77
98 42
53 53
98 27
81 113
27 90
2 67
103 42
58 57
121 47
125 100
61 69
48 71
41 26
31 25
11 38
46 20
3 14
76 25
30 13
92 28
87 37
100 43
83 96
18 75
108 1
66 8
74 13
4 24
111 15
3 36
96 40
111 77
19 113
51 45
48 79
93 110
42 90
84 52
68 112
108 73
71 79
32 35
79 23
80 36
85 72
81 117
49 55
120 75
83 40
100 108
123 43
94 118
90 32
96 13
72 62
82 20
41 83
88 33
62 11
61 74
1 19
59 55
113 55
37 49
42 1
46 86
44 74
103 36
22 73
94 51
39 9
92 44
116 90
53 102
13 11
92 111
61 92
30 110
121 88
79 44
65 86
16 105
92 82
104 104
111 0
71 78
12 127
32 88
108 99
96 121
48 109
76 91
3 119
11 75
40 22
118 6
89 29
107 113
0 10
19 6
0 24
57 93
38 78
16 77
0 14
78 93
83 0
34 83
79 39
18 5
95 111
1 17
49 8
56 70
108 13
21 93
35 3
102 104
33 109
8 53
95 46
69 23
104 19
90 36
116 38
117 79
95 85
0 34
67 64
79 36
51 99
0 15
98 38
42 87
23 92
33 23
20 103
105 56
46 56
10 85
10 52
116 23
33 82
27 18
62 122
116 81
119 7
87 49
114 54
13 40
119 9
81 20
63 12
22 93
95 51
105 20
18 114
35 10
116 10
117 25
60 92
101 27
86 124
32 5
66 62
32 39
6 123
83 127
56 107
59 96
50 15
97 120
114 1
18 52
94 45
30 120
92 85
92 120
17 115
120 7
20 112
40 90
49 78
117 17
70 112
66 108
112 32
78 43
18 108
26 115
47 81
116 95
85 126
94 0
34 14
46 75
3 122
7 98
91 43
23 21
16 49
41 89
83 115
115 6
95 125
77 92
103 28
119 96
23 57
27 91
16 79
35 90
50 83
21 34
16 13
68 10
16 18
61 96
75 24
114 74
113 33
43 22
65 109
93 57
64 60
98 76
58 44
20 105
37 68
81 99
20 37
73 98
7 97
0 57
89 28
31 90
72 23
108 0
118 90
54 109
4 118
61 111
108 90
16 5
64 112
111 113
109 100
84 69
60 96
24 61
52 16
6 120
126 122
80 38
112 69
9 103
104 36
86 49
81 115
34 84
99 82
88 126
59 39
125 43
92 54
33 19
56 121
37 54
32 28
30 92
116 3
35 74
20 101
82 97
69 62
18 110
57 119
65 122
62 13
5 124
125 56
55 50
93 119
115 4
4 37
15 38
82 79
117 58
18 106
30 61
106 55
100 42
42 113
113 96
85 33
80 37
17 95
80 127
88 25
99 87
25 17
82 98
111 76
64 88
27 116
8 123
72 85
78 55
60 43
14 97
22 74
83 21
38 2
84 35
106 53
28 59
11 23
70 29
13 76
14 77
69 104
16 96
26 36
123 100
17 63
47 24
37 1
33 87
45 109
31 114
72 44
62 67
57 121
54 54
57 51
43 2
39 57
96 58
4 117
94 11
102 87
109 76
9 124
99 89
70 32
82 121
4 125
0 123
27 62
92 122
32 24
2 35
118 73
125 125
40 10
98 46
16 43
17 105
2 124
8 124
94 116
100 44
20 97
32 40
56 46
41 16
46 89
118 17
28 94
12 75
126 44
82 127
25 21
59 70
71 74
59 56
70 28
93 52
104 15
6 40
125 106
84 11
25 60
96 36
85 50
101 107
13 51
55 93
17 11
15 71
65 8
45 85
14 98
36 109
107 3
4 23
49 75
32 90
43 79
103 44
101 103
33 89
109 54
19 119
76 75
96 111
70 76
99 35
61 61
119 44
124 105
34 55
68 114
31 116
70 33
29 44
30 112
69 113
19 56
105 45
53 122
71 32
108 56
125 84
49 15
94 21
30 43
1 52
20 3
114 12
63 61
69 11
106 57
89 51
89 101
13 52
124 85
119 74
68 12
52 106
96 50
103 105
0 67
91 123
31 11
118 56
92 86
94 113
83 50
61 89
35 107
34 53
36 108
40 14
100 14
53 4
31 39
38 114
106 6
84 80
118 99
123 46
21 92
110 124
18 50
90 50
82 118
46 84
111 87
88 37
115 59
44 121
23 41
15 72
16 15
63 68
73 3
15 76
49 59
80 21
34 22
20 100
91 114
53 2
16 41
60 69
116 80
59 120
98 30
116 57
85 41
93 82
105 35
85 48
94 2
82 114
80 42
28 35
120 97
60 12
124 92
59 12
95 36
75 76
41 18
123 44
117 73
15 97
42 19
37 84
70 111
126 120
93 21
117 10
24 41
54 46
50 121
51 106
121 31
114 72
31 52
61 72
37 17
68 23
115 11
42 25
58 95
3 69
109 114
101 75
124 73
59 41
123 10
36 19
57 109
10 35
25 124
120 29
4 25
10 10
126 104
71 75
98 36
66 111
61 121
113 70
29 45
78 58
78 46
62 87
61 20
81 56
12 39
7 77
97 127
15 79
127 21
55 108
116 2
115 94
70 57
101 88
32 26
78 36
96 48
97 33
84 96
96 42
20 98
11 53
29 119
74 2
5 126
68 29
120 10
35 16
126 7
21 99
44 13
20 79
112 56
67 3
33 18
67 9
45 75
95 49
22 72
54 56
113 72
94 56
91 32
61 70
116 76
15 46
95 102
79 94
53 104
68 8
82 52
109 115
45 77
37 50
41 90
66 112
117 32
83 80
36 91
65 90
45 26
41 49
44 84
124 45
16 45
10 125
110 114
119 5
114 4
126 12
102 77
47 80
60 45
93 109
86 126
79 31
119 61
87 85
53 69
37 8
29 111
96 126
25 35
82 35
72 86
65 110
38 48
63 10
95 1
60 126
67 10
127 8
13 79
31 23
92 95
69 123
51 115
15 12
84 49
95 3
53 43
29 115
29 50
69 45
78 85
61 9
117 87
70 65
90 10
9 54
100 34
71 28
98 68
6 121
12 9
118 16
91 111
28 46
63 89
96 101
93 45
37 16
81 35
102 17
109 99
43 13
30 62
113 0
26 8
26 59
79 43
80 22
30 33
85 39
66 106
124 93
23 71
9 53
103 22
81 71
21 41
57 56
72 74
11 76
127 57
54 121
120 43
4 16
68 123
0 115
28 116
54 108
87 26
125 94
52 114
109 89
17 16
121 35
84 95
112 57
77 46
93 80
16 39
84 123
37 78
109 90
63 124
17 108
116 102
57 55
70 25
44 27
33 54
43 20
21 75
107 12
114 34
19 93
70 109
50 107
69 54
86 26
70 23
91 83
89 6
124 124
52 44
117 80
54 9
35 51
100 60
69 30
15 39
123 86
116 71
58 58
1 122
79 57
118 80
74 75
89 127
127 91
42 21
35 80
48 25
25 88
41 21
112 7
89 48
65 30
10 54
122 87
85 71
7 40
99 29
43 85
74 78
121 11
76 15
65 59
48 82
40 47
19 105
83 123
11 84
14 73
106 111
120 105
122 111
0 69
70 59
94 103
83 51
73 12
60 42
107 98
118 86
96 125
17 13
45 73
63 111
60 123
86 35
110 87
19 73
30 34
64 13
71 44
24 37
49 74
95 43
120 25
60 10
119 29
100 124
125 74
74 30
65 61
116 97
30 37
69 31
64 111
101 61
99 86
77 3
62 74
38 85
73 29
96 47
66 5
111 58
51 120
71 87
69 76
83 30
21 31
93 112
34 10
98 88
30 40
10 77
94 84
17 14
98 69
73 30
8 43
95 57
1 115
40 92
39 115
110 55
60 18
68 57
53 119
19 114
63 67
51 83
61 16
32 7
43 88
94 122
19 4
42 84
92 45
81 23
107 112
65 75
1 73
68 3
10 38
94 58
99 125
36 81
41 113
81 93
68 64
29 37
42 23
34 5
112 34
126 6
4 116
92 83
40 84
116 5
105 13
78 125
2 23
56 93
106 5
67 107
35 85
119 45
100 62
85 23
44 2
126 51
121 30
80 92
88 7
111 1
58 47
102 43
109 77
96 110
34 81
41 87
59 93
72 28
54 69
111 88
120 39
101 41
29 91
74 25
115 79
108 57
122 46
15 65
56 108
101 63
43 30
119 57
86 29
51 7
19 76
29 112
125 6
68 61
19 107
18 43
123 94
50 60
70 101
38 91
45 27
18 36
116 77
106 23
88 30
127 67
33 85
29 13
59 13
74 105
120 74
8 42
47 85
71 26
50 58
1 68
15 95
104 117
35 52
52 101
72 21
30 42
11 63
2 69
15 50
31 59
126 105
69 44
119 32
47 122
70 19
22 55
117 99
30 51
17 36
104 116
121 78
33 86
110 53
20 35
34 70
102 106
46 72
36 54
100 45
117 91
18 120
73 99
105 14
18 105
14 11
105 115
32 44
89 9
102 29
48 58
127 119
67 30
114 0
61 87
96 39
98 35
38 55
21 76
31 17
116 12
98 85
102 27
38 20
28 93
94 117
9 44
116 75
1 16
83 57
56 92
88 48
97 46
124 5
116 86
98 127
119 85
36 86
21 102
45 18
19 54
94 12
34 15
56 54
102 7
8 52
59 9
41 17
30 11
115 91
62 71
71 59
19 36
108 85
15 20
3 115
73 76
31 88
69 122
60 11
28 13
30 115
97 37
31 109
45 88
78 24
29 113
66 29
87 34
81 41
100 94
80 41
57 45
114 95
43 11
62 61
6 78
48 84
81 57
61 76
31 38
45 55
55 70
33 9
94 99
103 41
118 74
87 30
85 81
56 120
10 82
34 4
11 83
127 70
99 92
92 10
59 16
81 33
58 94
122 77
102 26
116 58
125 91
60 14
82 78
38 8
77 105
81 100
118 97
36 127
72 63
117 7
110 76
84 56
116 1
28 48
91 81
28 64
44 78
27 41
24 18
35 81
47 72
29 36
117 9
17 42
120 34
108 112
118 31
5 119
61 30
94 115
126 95
64 58
44 99
10 103
94 59
48 81
53 8
117 26
117 97
116 72
22 36
17 64
39 85
102 22
94 110
121 6
115 97
121 100
0 72
0 89
79 126
14 72
109 75
110 86
30 94
43 26
34 71
54 4
84 53
76 74
1 9
71 29
70 63
8 39
42 81
87 127
28 40
35 109
119 88
48 108
94 22
65 5
23 35
93 38
34 80
14 80
36 79
99 126
108 2
30 24
11 81
58 40
68 59
127 11
111 56
29 63
85 24
75 14
34 17
12 36
83 54
55 49
34 51
92 57
123 12
101 25
125 101
121 76
126 55
125 45
3 35
14 45
40 127
18 111
85 36
21 32
87 126
63 74
81 91
46 76
72 100
88 31
85 70
44 14
86 48
41 10
99 93
109 58
15 99
95 2
118 8
48 16
17 77
19 53
111 35
7 78
50 77
122 7
61 21
23 53
44 107
107 16
72 22
32 106
72 79
75 26
27 50
46 78
47 57
101 30
108 51
116 33
17 40
34 1
18 118
127 54
72 77
80 96
31 36
22 78
113 7
87 31
48 85
98 26
112 74
14 16
63 69
126 102
0 22
40 48
16 64
54 52
85 28
36 58
19 85
40 88
37 66
112 68
94 124
32 108
20 57
59 72
7 122
27 47
44 89
34 20
116 100
39 91
29 14
110 89
119 30
11 42
51 16
67 62
9 25
84 29
14 50
27 61
111 68
25 36
34 56
76 89
111 72
30 14
112 10
44 80
109 87
41 9
12 60
51 116
116 40
3 120
54 55
11 80
1 13
118 30
126 57
118 55
70 78
17 117
106 13
118 89
72 34
9 38
51 84
17 53
52 118
31 9
10 102
113 56
88 8
18 94
17 43
53 44
97 41
95 12
7 99
39 19
69 79
17 50
33 40
92 113
16 116
17 38
115 98
112 15
110 66
34 108
50 56
84 126
82 41
119 28
47 108
67 104
2 14
47 55
61 11
99 75
68 115
122 99
70 103
1 23
55 124
103 39
73 73
21 77
36 52
11 126
15 63
75 3
126 91
44 21
84 40
80 107
16 100
107 54
124 121
93 81
112 6
35 105
33 6
125 90
36 51
97 84
56 123
0 121
82 33
33 27
95 35
33 81
123 88
120 106
12 65
102 76
95 123
102 40
38 65
85 34
68 121
102 78
117 77
97 83
8 122
74 100
82 34
49 106
47 54
16 34
112 75
70 45
59 17
48 74
27 35
43 28
80 1
86 38
103 14
16 48
45 21
75 90
55 47
102 12
23 61
48 123
12 62
14 71
14 66
89 32
104 118
32 12
64 69
26 21
12 11
48 60
92 51
52 105
89 37
91 27
15 44
17 93
13 61
37 69
83 53
21 73
17 116
15 17
27 49
55 8
100 5
15 49
117 70
93 121
17 51
60 55
70 110
30 35
82 119
31 61
83 122
117 39
54 105
26 89
110 69
81 98
54 103
73 24
6 124
28 37
1 89
33 106
29 12
109 124
91 124
52 42
48 56
41 2
84 30
82 120
86 28
20 92
34 90
42 80
15 41
81 0
106 114
59 121
107 87
21 33
125 71
123 87
26 18
36 48
97 38
99 91
61 125
14 38
72 76
1 8
16 12
116 54
31 91
26 40
84 120
103 18
126 93
43 14
65 111
93 12
52 6
40 114
127 14
120 77
36 70
46 80
