97 69
90 21
41 56
4 99
121 98
44 106
102 92
73 84
50 11
68 0
55 71
52 81
11 74
86 38
21 11
127 57
25 31
120 123
63 93
105 42
9 10
23 34
69 71
76 25
68 9
43 54
122 5
8 99
120 1
70 112
74 12
96 57
117 122
11 105
94 38
77 103
34 104
127 89
37 66
108 113
13 21
100 2
19 59
12 0
24 29
47 124
106 20
71 62
116 60
3 26
107 36
0 20
98 9
78 113
49 36
54 51
36 120
62 84
122 88
32 41
22 111
32 20
71 70
101 2
35 45
72 43
17 110
110 69
119 0
117 17
46 80
113 30
80 120
34 32
41 26
127 109
28 5
117 82
101 35
110 106
121 86
83 118
92 58
39 24
16 46
49 87
101 11
80 6
14 67
96 10
68 97
8 109
108 64
71 42
54 9
86 9
98 55
34 67
2 12
114 105
105 44
89 97
59 117
105 14
14 42
97 35
46 112
119 66
74 101
81 95
61 1
19 34
4 43
41 44
20 90
87 18
9 18
69 106
46 123
10 106
11 54
24 30
88 72
43 46
104 69
2 102
62 8
9 63
70 87
42 67
68 98
3 90
99 96
94 9
57 5
27 17
127 44
73 66
119 110
61 39
19 58
102 29
88 76
21 15
96 85
4 100
65 74
32 88
121 57
14 81
117 72
31 107
107 91
64 47
89 126
25 0
58 24
52 65
101 113
38 25
54 89
5 112
37 46
80 76
23 15
120 17
108 58
60 98
44 0
28 121
81 76
60 123
30 53
82 86
122 118
63 46
60 96
25 50
37 71
67 109
5 40
72 86
121 35
33 97
108 117
119 46
58 6
102 6
66 42
120 117
53 17
30 51
118 50
106 51
0 70
107 21
7 44
82 123
89 20
116 58
21 78
48 87
34 6
22 58
16 79
54 119
49 2
13 13
16 4
14 17
117 54
118 20
91 63
112 123
79 59
27 62
70 26
89 37
62 3
108 35
23 24
47 97
56 54
95 13
30 69
68 70
59 122
83 25
60 68
113 44
96 100
49 70
25 16
60 38
60 100
18 92
82 99
97 10
108 37
115 91
4 116
73 101
42 62
126 92
113 98
72 25
66 90
108 13
63 47
126 41
87 15
118 116
119 19
29 109
54 102
75 28
115 126
101 27
24 55
47 83
6 44
93 55
53 58
62 100
18 91
126 19
77 31
80 22
32 18
127 90
121 41
103 23
19 45
85 63
39 96
127 7
19 123
41 42
93 85
23 109
60 111
44 52
71 58
98 42
63 102
33 124
62 48
46 116
121 9
20 24
87 118
24 96
127 122
90 8
44 15
127 116
85 34
3 68
99 73
25 38
7 90
118 40
62 59
115 111
55 89
103 118
4 39
126 58
51 52
86 62
2 70
3 27
28 122
52 10
25 76
50 98
126 49
91 89
108 87
51 45
117 39
90 122
28 61
102 3
65 75
118 76
8 9
117 104
119 14
19 69
120 35
103 22
125 76
21 63
58 72
9 12
126 123
116 40
69 7
84 52
46 30
127 14
51 114
95 58
94 24
39 121
52 25
119 88
42 82
74 99
111 61
23 87
0 52
120 90
5 39
116 94
44 114
111 24
77 69
2 111
39 25
97 32
72 53
26 100
119 68
117 59
111 77
126 10
8 17
24 86
41 106
16 34
65 101
41 24
62 52
41 95
98 85
51 65
39 15
78 99
22 6
35 126
68 127
8 4
73 114
117 102
125 21
89 35
16 16
43 105
79 33
78 104
15 31
125 33
8 36
87 92
43 61
42 9
71 18
53 31
21 22
58 85
63 92
33 8
68 120
52 117
21 33
114 8
77 47
96 48
80 60
100 111
78 13
24 40
2 117
23 16
38 16
71 22
25 97
60 76
47 106
101 93
80 67
9 30
57 115
103 0
24 77
72 52
95 126
120 51
35 95
70 116
44 55
8 122
96 82
82 2
37 39
26 40
43 68
58 18
92 10
109 92
118 110
81 121
115 53
88 34
108 0
59 79
112 43
87 44
99 32
2 118
93 116
35 59
64 26
108 70
112 22
93 86
33 114
17 32
73 119
26 39
104 79
15 108
22 127
34 124
66 127
108 34
126 71
4 18
77 116
115 2
73 60
103 63
40 122
127 28
76 99
17 103
25 61
34 66
120 41
53 8
61 41
91 53
93 37
8 29
18 114
111 122
118 71
112 46
29 93
51 116
34 125
35 106
14 5
3 0
94 119
42 61
52 55
115 102
120 21
99 95
21 73
79 119
52 121
54 39
86 56
96 114
13 83
23 23
107 76
95 59
72 34
71 90
56 58
18 82
15 43
70 60
90 110
102 10
27 20
31 36
54 76
98 84
72 87
22 77
104 41
60 50
100 26
82 111
26 87
5 63
109 43
65 54
119 51
126 97
59 68
49 68
43 30
28 24
9 31
52 26
1 13
76 23
23 13
96 25
88 38
106 42
89 93
21 72
112 126
71 6
74 16
4 26
112 13
127 34
99 38
109 79
20 111
49 41
53 76
89 106
38 95
85 55
70 109
106 75
75 81
40 35
82 16
82 36
91 71
77 115
53 49
122 73
84 44
103 109
121 46
95 115
94 29
95 9
74 64
85 13
39 85
94 32
67 9
59 75
127 21
66 52
115 55
40 56
45 1
46 90
45 71
109 35
23 69
96 55
39 8
91 45
117 90
49 99
11 11
88 107
62 94
30 110
123 88
81 47
63 83
14 104
95 77
109 105
116 122
75 80
17 126
28 93
107 101
97 118
46 108
75 88
3 114
9 75
44 26
124 0
93 26
110 112
7 7
16 5
127 27
57 92
39 79
19 74
126 13
83 89
79 126
30 83
79 40
15 4
91 107
127 19
49 11
53 64
108 8
20 89
34 127
105 105
33 109
4 56
98 46
66 21
106 18
92 37
115 40
119 78
95 86
122 31
68 69
79 37
47 96
126 14
101 36
38 92
22 88
30 22
18 102
106 58
50 50
9 87
9 53
114 19
29 82
23 22
61 117
113 82
125 1
89 53
116 54
14 41
121 3
84 13
68 10
21 89
97 55
107 19
19 116
35 11
118 4
117 18
60 91
103 26
82 122
31 1
68 64
40 39
8 120
79 125
55 103
58 97
52 17
100 116
119 123
18 54
97 45
30 124
92 86
91 116
18 117
0 1
22 109
36 95
54 75
115 13
75 109
61 103
107 28
78 44
16 107
26 119
48 82
117 94
81 124
93 0
29 13
47 72
3 117
6 97
90 44
16 23
12 48
37 94
79 111
117 0
94 123
76 89
105 27
118 97
25 56
23 96
20 79
31 95
53 82
21 31
14 13
73 10
14 20
60 97
75 22
112 76
111 29
48 28
61 105
95 61
66 62
99 78
60 39
18 104
39 70
89 100
20 34
72 92
6 96
4 59
93 25
27 95
72 21
110 122
119 90
53 105
4 113
59 110
107 94
13 4
62 111
117 111
108 102
90 68
59 97
25 62
53 19
6 115
121 118
80 39
110 67
6 108
110 35
88 53
77 111
30 87
102 84
88 126
60 32
126 45
94 58
28 20
55 116
44 57
32 29
26 97
121 125
40 75
19 97
90 98
71 64
16 109
56 114
69 119
66 12
7 121
126 57
62 47
92 115
117 126
0 38
13 39
86 77
119 60
16 105
32 68
107 57
106 41
41 112
113 95
87 33
80 38
14 94
76 125
92 19
99 88
21 21
90 99
109 78
62 85
27 120
12 122
70 84
75 56
62 38
8 96
27 73
86 14
39 2
86 35
107 55
31 58
7 24
70 28
11 76
17 74
66 100
12 91
26 33
124 99
18 61
54 30
39 0
29 90
42 107
34 115
75 43
60 63
56 116
61 51
64 48
46 4
44 62
98 62
4 112
94 6
104 87
107 78
16 120
99 91
71 32
78 119
4 123
123 119
29 69
91 118
29 23
126 33
120 71
125 123
40 9
104 54
17 44
15 104
2 119
11 124
95 113
106 43
19 93
42 41
56 42
38 17
44 92
117 14
25 100
10 75
127 46
78 125
21 25
55 70
77 73
66 53
70 27
95 56
106 13
3 42
2 103
77 12
26 61
99 34
84 53
104 108
12 52
50 94
15 11
13 71
70 6
43 89
8 97
36 109
111 0
8 22
50 72
28 95
44 81
108 49
104 104
29 94
109 54
24 121
82 74
99 110
76 77
102 33
57 59
117 48
1 102
32 55
67 113
34 117
71 33
39 45
28 112
70 113
20 59
113 48
52 119
72 32
109 58
1 82
51 17
97 16
40 44
1 51
18 0
118 9
62 60
74 11
107 59
91 55
93 101
12 53
0 78
121 72
68 18
50 105
98 51
106 106
3 63
91 120
24 11
123 57
92 87
90 109
82 53
57 86
35 107
32 53
36 108
37 15
100 11
53 4
39 39
37 113
109 4
89 77
117 103
121 50
20 88
104 123
19 50
92 54
78 116
46 88
112 88
89 38
117 61
38 120
27 41
13 72
14 15
61 64
77 6
18 73
53 53
83 14
31 21
19 96
87 110
48 1
17 42
58 68
113 81
58 115
100 29
118 59
88 46
96 77
111 34
84 51
92 3
78 110
80 43
34 33
120 97
57 13
127 92
56 13
98 34
81 75
42 24
121 47
119 71
9 96
47 23
34 86
75 108
121 116
96 16
119 4
30 37
54 42
48 117
49 105
121 24
112 70
29 52
59 71
38 23
65 21
119 8
47 31
56 97
7 70
115 112
101 72
125 73
61 36
1 5
33 23
57 106
8 28
23 126
120 22
4 27
8 10
3 101
77 74
101 34
68 106
60 116
111 68
32 46
78 62
78 49
58 84
63 22
83 62
9 35
6 80
96 125
19 79
125 23
54 104
121 124
116 93
72 59
103 88
29 25
78 37
98 49
100 31
90 93
99 40
19 94
10 54
29 123
78 5
5 124
68 28
122 4
30 15
6 1
20 95
44 16
21 83
114 58
66 126
28 17
72 7
46 72
97 50
21 68
61 53
111 70
96 60
95 29
59 69
118 74
16 47
96 102
84 90
52 100
73 6
81 55
115 113
46 75
40 57
37 95
67 108
114 27
88 77
32 96
67 91
52 32
44 49
42 88
122 48
17 46
14 125
116 112
125 127
116 126
124 10
103 78
52 77
62 40
89 105
82 124
78 32
121 64
88 87
49 62
37 7
27 111
95 124
25 32
84 35
70 85
61 106
42 54
68 8
94 1
65 122
72 10
7 4
17 79
26 22
94 91
72 120
49 111
13 12
83 52
93 4
54 37
29 119
26 49
68 47
80 83
62 9
118 85
72 67
82 11
6 58
103 32
71 27
94 67
6 116
10 9
117 13
87 107
25 45
64 91
97 101
96 45
38 22
83 35
103 14
108 101
41 15
32 69
118 122
21 5
28 59
79 44
83 15
36 31
86 43
61 101
127 93
22 67
8 54
105 21
81 67
25 41
64 53
78 73
9 76
127 61
53 118
118 47
4 19
71 120
0 110
28 120
53 104
91 20
0 94
53 110
108 93
15 16
122 34
90 92
114 59
77 49
96 75
17 40
80 121
34 79
108 94
61 122
15 107
115 106
64 52
70 23
49 33
31 54
48 24
26 74
107 7
112 30
18 89
73 105
48 106
71 52
90 20
67 21
94 78
84 0
124 122
53 38
114 81
52 15
35 50
102 59
69 29
16 40
125 80
117 68
65 56
124 118
79 61
115 81
80 74
89 127
2 91
46 25
32 81
55 31
24 84
45 25
114 4
95 49
65 26
7 58
124 81
91 70
6 41
101 28
41 89
80 77
123 5
76 18
67 61
51 81
44 53
17 104
79 121
15 84
12 73
107 108
122 105
124 112
2 68
72 61
95 103
82 54
73 15
62 37
106 100
118 83
95 123
15 13
46 70
61 110
59 118
88 35
109 91
18 69
36 32
69 11
73 44
24 34
50 71
98 41
120 18
59 10
119 22
102 119
126 74
74 29
67 63
115 98
38 37
69 30
62 110
103 60
99 87
81 6
60 75
36 87
73 28
99 47
62 2
113 60
49 116
69 86
72 73
84 25
21 28
89 108
34 11
98 89
38 40
10 78
94 85
15 14
96 70
73 29
5 45
97 61
1 110
38 99
41 117
110 55
58 23
70 59
52 116
21 115
61 63
54 82
61 18
31 3
39 93
93 120
17 1
40 86
91 47
84 16
108 109
66 75
3 74
67 126
5 36
96 62
101 120
33 82
40 112
83 86
70 68
37 37
47 29
33 1
110 30
6 0
4 111
95 78
38 86
118 127
105 8
74 123
2 25
51 94
109 3
62 102
31 88
117 49
102 61
88 16
48 5
1 47
121 23
82 85
83 1
113 123
60 42
108 47
107 79
92 106
30 81
37 92
59 93
72 27
51 63
112 89
119 41
107 40
25 96
74 23
112 80
109 59
120 50
16 63
55 104
102 63
48 37
124 58
90 26
51 10
24 75
27 112
5 0
70 63
17 106
19 44
125 94
54 54
66 96
34 96
50 33
18 33
118 75
108 22
92 27
122 68
29 88
22 13
57 16
75 100
122 72
5 44
47 89
71 24
54 52
4 64
11 90
107 116
35 51
48 98
72 19
40 43
8 62
6 66
14 51
33 66
4 105
68 46
120 26
45 117
70 17
24 54
116 103
27 50
17 33
107 115
123 76
29 89
109 51
20 32
36 72
105 107
47 69
36 60
106 44
118 91
20 124
72 93
107 12
16 104
12 11
108 114
42 45
85 6
104 28
52 52
124 115
67 29
119 122
57 84
99 37
101 33
46 60
26 75
24 17
120 9
98 86
104 26
39 26
24 98
95 114
4 48
118 73
127 18
86 64
51 91
90 52
100 46
4 127
116 83
100 122
120 81
32 89
22 99
51 24
19 56
93 8
29 14
63 51
99 3
4 55
58 9
42 23
23 11
116 91
60 70
73 61
19 33
109 83
13 22
3 110
79 75
25 90
72 119
57 12
21 13
33 116
100 35
31 109
43 91
81 22
31 116
66 25
89 34
81 42
101 97
80 42
57 41
115 94
43 10
58 59
6 84
48 88
83 63
59 77
39 38
49 49
52 64
34 7
95 99
109 40
120 72
91 27
86 80
55 115
14 82
33 0
15 83
1 69
100 95
87 4
57 19
83 33
56 96
124 75
104 25
118 60
0 91
58 17
86 76
38 7
76 103
89 101
117 98
35 123
74 65
119 1
108 78
87 63
121 123
25 47
93 73
30 71
45 79
35 41
18 21
32 82
48 69
35 34
119 3
18 43
117 33
113 108
118 24
5 114
59 30
95 111
1 95
66 60
42 102
7 108
96 63
53 78
50 14
117 19
116 98
117 69
22 33
18 62
37 87
104 21
90 106
1 0
114 98
121 100
2 73
2 85
75 124
12 72
107 77
111 87
27 100
48 32
36 73
54 4
85 56
82 73
9 5
71 28
72 65
7 40
43 83
87 127
36 40
35 109
120 88
46 107
97 17
61 2
23 32
96 36
30 80
18 80
33 80
101 121
112 127
25 23
15 81
59 34
70 61
125 9
113 58
31 70
88 17
75 17
29 16
10 29
84 59
59 44
34 50
94 61
0 8
103 24
126 98
123 74
127 56
123 48
127 33
15 46
43 127
16 110
87 36
21 29
87 126
64 74
83 84
47 74
71 94
92 28
91 69
44 17
88 52
41 9
100 96
110 60
9 98
94 2
120 2
48 17
20 74
19 55
109 31
8 83
55 74
2 1
63 23
21 51
41 105
109 14
72 20
30 104
77 81
75 24
24 49
47 79
51 51
103 29
105 50
114 29
18 41
33 125
20 122
127 53
78 76
83 98
39 36
27 77
115 4
91 28
48 89
100 25
110 76
12 16
61 68
3 99
126 24
44 54
17 62
61 49
89 25
41 63
20 85
36 93
37 65
110 66
93 122
32 108
21 60
55 72
11 112
24 46
40 94
31 19
115 104
37 98
22 14
109 93
119 23
8 44
52 19
69 64
10 25
88 26
13 51
28 62
109 66
25 33
32 56
74 84
109 70
23 14
113 7
45 82
108 91
41 8
11 57
49 112
115 42
3 115
61 52
15 80
127 11
118 23
127 58
123 56
74 80
19 121
106 8
119 89
73 34
4 36
54 83
17 55
51 115
28 8
7 107
115 58
83 2
17 90
18 44
54 38
100 39
94 8
6 98
40 25
73 81
18 50
46 41
88 109
17 118
21 38
114 102
113 15
108 63
34 108
54 50
80 124
82 42
119 21
45 107
62 99
0 13
51 49
58 12
98 74
67 115
122 99
67 99
1 25
58 4
109 38
78 70
26 76
37 57
15 126
16 61
79 6
1 91
50 27
85 44
80 108
12 98
108 56
119 117
96 76
114 3
35 105
32 2
0 90
39 58
97 85
55 120
123 117
84 33
33 28
98 33
29 81
125 82
122 106
9 64
103 77
94 121
108 39
38 64
87 34
74 114
103 79
119 75
95 83
12 112
73 96
84 34
47 105
51 48
16 31
110 77
69 47
57 20
49 71
33 33
48 34
77 1
87 39
105 12
12 47
51 27
73 85
55 43
102 9
24 62
45 124
9 61
12 71
15 67
93 29
107 117
26 12
65 66
22 25
10 11
52 54
94 55
49 103
90 38
95 24
16 45
16 89
12 58
39 71
84 56
20 69
18 118
13 17
24 48
53 14
98 5
11 48
118 67
92 117
18 51
67 52
75 107
36 33
78 117
33 68
79 120
116 41
53 101
25 85
108 67
89 99
53 99
73 22
8 121
36 37
4 87
31 104
22 12
103 123
91 121
53 36
52 50
44 2
87 31
78 118
90 25
19 88
30 95
43 82
16 42
77 126
109 113
58 116
106 91
21 30
127 70
125 81
22 22
39 55
100 36
100 94
58 125
12 39
78 75
9 4
14 12
119 53
27 96
32 36
87 117
105 17
1 93
41 16
63 110
91 9
52 9
42 116
125 13
122 75
38 72
47 81
